3879	1291	2019	8527	0	0	0	0	1776015338468
3835	1255	2030	8420	0	0	0	0	1776015339725
3797	1249	2060	8278	0	0	0	0	1776015340654
3734	0	2100	8152	0	0	0	0	1776015342036
3700	1160	0	8044	0	0	0	0	1776015343470
3725	1215	2134	8081	0	0	0	0	1776015344705
3723	1235	2168	8088	0	0	0	0	1776015346258
3646	1258	2175	0	0	0	0	0	1776015347874
3623	1269	1961	8013	0	0	0	0	1776015349116
3647	1295	1813	7882	0	0	0	0	1776015350128
3648	1318	1755	7725	0	0	0	0	1776015351291
3619	1329	1777	7879	0	0	0	0	1776015352731
3600	1315	1795	8100	0	0	0	0	1776015354027
3551	0	1750	8188	0	0	0	0	1776015355199
3557	1280	1733	8204	0	0	0	0	1776015356474
3591	1279	1734	8120	0	0	0	0	1776015358055
3639	1279	1727	7992	0	0	0	0	1776015358980
3671	1307	1372	7874	0	0	0	0	1776015360303
3678	1323	1485	7808	0	0	0	0	1776015361847
3648	1312	1629	8056	0	0	0	0	1776015363162
3631	1284	1732	8351	0	0	0	0	1776015364402
3722	1258	1822	0	0	0	0	0	1776015365484
3767	1260	1877	8518	0	0	0	0	1776015366754
3782	1271	1922	8595	0	0	0	0	1776015368723
3782	1278	1961	8508	0	0	0	0	1776015369625
3734	1253	2014	8369	0	0	0	0	1776015370407
3696	0	2067	8356	0	0	0	0	1776015371627
3660	1081	0	8075	0	0	0	0	1776015373108
3672	1218	2105	0	0	0	0	0	1776015374437
3683	1247	2146	8174	0	0	0	0	1776015375633
3658	1265	2173	8173	0	0	0	0	1776015376953
3634	1272	1989	8053	0	0	0	0	1776015378120
3606	1281	1825	0	0	0	0	0	1776015379663
3617	1307	1772	7975	0	0	0	0	1776015380733
3602	1327	1750	7885	0	0	0	0	1776015381870
3581	1326	1774	8063	0	0	0	0	1776015383551
3519	0	1726	8243	0	0	0	0	1776015384789
3528	1280	1703	8322	0	0	0	0	1776015385803
3560	1260	1705	8309	0	0	0	0	1776015386783
3607	1268	1708	8198	0	0	0	0	1776015388260
3646	1283	1420	8079	0	0	0	0	1776015389957
3658	1310	1474	7989	0	0	0	0	1776015391206
3642	1321	1623	7880	0	0	0	0	1776015392458
3612	1298	1711	8081	0	0	0	0	1776015393741
3676	0	1796	8408	0	0	0	0	1776015394917
3740	1298	1863	8564	0	0	0	0	1776015396102
3764	1290	1908	8635	0	0	0	0	1776015397372
3766	1286	1940	8593	0	0	0	0	1776015398605
3737	1292	1994	8493	0	0	0	0	1776015399845
3695	1271	0	8384	0	0	0	0	1776015400910
3656	1130	2040	8274	0	0	0	0	1776015402705
3640	1165	2091	8149	0	0	0	0	1776015403211
3661	1224	2128	8228	0	0	0	0	1776015404609
3651	1258	2163	8254	0	0	0	0	1776015406293
3626	1293	2052	0	0	0	0	0	1776015407767
3601	1291	1847	8067	0	0	0	0	1776015409048
3617	0	1784	7985	0	0	0	0	1776015410172
3610	1308	1735	7859	0	0	0	0	1776015411366
3585	1326	1754	8072	0	0	0	0	1776015412629
3559	1326	1738	8269	0	0	0	0	1776015413938
3527	1287	1671	8334	0	0	0	0	1776015415142
3541	1276	1681	0	0	0	0	0	1776015416381
3583	0	1686	8155	0	0	0	0	1776015417652
3631	1258	1478	8093	0	0	0	0	1776015419152
3650	1274	1485	7966	0	0	0	0	1776015420727
3652	1306	1632	7855	0	0	0	0	1776015422120
3613	1322	1710	8125	0	0	0	0	1776015423177
3636	1304	0	8454	0	0	0	0	1776015424404
3714	1294	1773	8625	0	0	0	0	1776015425535
3751	1309	1841	8662	0	0	0	0	1776015426712
3757	1304	1895	8669	0	0	0	0	1776015427957
3739	1302	1919	8542	0	0	0	0	1776015429221
3691	1303	1974	0	0	0	0	0	1776015430404
3652	1187	2029	8403	0	0	0	0	1776015431429
3632	1149	2089	8263	0	0	0	0	1776015432401
3659	1214	2124	8205	0	0	0	0	1776015433978
3662	1250	2145	8263	0	0	0	0	1776015435646
3623	1281	2064	8282	0	0	0	0	1776015437210
3607	1300	1846	8094	0	0	0	0	1776015438502
3593	1301	0	8053	0	0	0	0	1776015439663
3600	1316	1747	0	0	0	0	0	1776015440968
3586	1333	1752	7947	0	0	0	0	1776015442223
3562	1335	1746	8154	0	0	0	0	1776015443510
3508	1303	0	8325	0	0	0	0	1776015444664
3524	1258	1671	8384	0	0	0	0	1776015445714
3563	0	1659	8304	0	0	0	0	1776015447223
3618	1266	1510	8202	0	0	0	0	1776015448707
3646	1276	0	8019	0	0	0	0	1776015450092
3651	1299	1461	7948	0	0	0	0	1776015451320
3586	1323	1602	0	0	0	0	0	1776015452725
3604	1328	1695	8233	0	0	0	0	1776015453898
3699	1299	1749	8554	0	0	0	0	1776015454933
3745	1313	1819	8702	0	0	0	0	1776015455910
3755	1297	1876	8739	0	0	0	0	1776015456976
3731	1297	1907	8677	0	0	0	0	1776015458053
3718	1301	1957	8515	0	0	0	0	1776015459220
3689	1186	2026	8421	0	0	0	0	1776015460556
3636	0	2080	8302	0	0	0	0	1776015461989
3650	1195	0	8192	0	0	0	0	1776015463288
3660	1236	2105	8280	0	0	0	0	1776015464617
3636	1263	2140	8285	0	0	0	0	1776015466238
3605	1292	2090	8181	0	0	0	0	1776015467874
3584	1293	1836	0	0	0	0	0	1776015469153
3598	1299	1812	8040	0	0	0	0	1776015470146
3591	1323	1749	7919	0	0	0	0	1776015471202
3567	1333	1738	8213	0	0	0	0	1776015472432
3526	1295	1748	8360	0	0	0	0	1776015473766
3513	0	1666	8414	0	0	0	0	1776015475146
3546	1279	1672	8368	0	0	0	0	1776015476219
3596	1279	1642	8263	0	0	0	0	1776015477451
3635	1264	1559	8105	0	0	0	0	1776015478732
3642	1285	1354	8010	0	0	0	0	1776015480114
3626	1313	1523	8017	0	0	0	0	1776015481398
3585	1318	1645	8317	0	0	0	0	1776015482782
3566	1295	1719	8582	0	0	0	0	1776015484107
3676	1306	1787	8710	0	0	0	0	1776015485336
3744	1312	1852	0	0	0	0	0	1776015486462
3743	1303	1887	8750	0	0	0	0	1776015487638
3721	1304	1926	8676	0	0	0	0	1776015488890
3701	1215	1997	8518	0	0	0	0	1776015490219
3637	0	2060	8420	0	0	0	0	1776015491424
3648	1196	0	8266	0	0	0	0	1776015492869
3658	1238	2091	8271	0	0	0	0	1776015494199
3639	1270	2116	8312	0	0	0	0	1776015495470
3602	1295	2081	8259	0	0	0	0	1776015496608
3585	1302	1891	8148	0	0	0	0	1776015497929
3588	1283	1815	8034	0	0	0	0	1776015499571
3597	1307	1748	0	0	0	0	0	1776015500650
3570	1325	1731	8036	0	0	0	0	1776015501722
3526	1304	1745	8266	0	0	0	0	1776015503209
3508	0	1672	8398	0	0	0	0	1776015504793
3531	1281	1674	8436	0	0	0	0	1776015506836
3576	1277	1654	8359	0	0	0	0	1776015507256
3621	1262	1581	8312	0	0	0	0	1776015508171
3634	1286	1377	8125	0	0	0	0	1776015509676
3634	1308	1527	8063	0	0	0	0	1776015510932
3596	1319	1649	8098	0	0	0	0	1776015512167
3558	1304	1715	8396	0	0	0	0	1776015513452
3628	1302	1770	8646	0	0	0	0	1776015514694
3725	0	1824	8754	0	0	0	0	1776015515919
3734	1308	1864	8759	0	0	0	0	1776015517037
3718	1306	1902	8673	0	0	0	0	1776015518278
3694	1306	1986	8515	0	0	0	0	1776015519536
3634	1295	0	8431	0	0	0	0	1776015520861
3619	1037	2058	8325	0	0	0	0	1776015521996
3640	1131	2085	8340	0	0	0	0	1776015523231
3643	1200	2096	8368	0	0	0	0	1776015524670
3604	1269	2100	0	0	0	0	0	1776015526297
3580	1291	1872	8296	0	0	0	0	1776015527601
3555	1291	1814	8135	0	0	0	0	1776015528823
3582	1308	1758	8017	0	0	0	0	1776015530187
3566	0	1736	8067	0	0	0	0	1776015531207
3525	1331	1741	8319	0	0	0	0	1776015532444
3517	1308	1670	8422	0	0	0	0	1776015533737
3500	1257	1673	8450	0	0	0	0	1776015534996
3559	1265	1656	0	0	0	0	0	1776015536225
3605	0	1604	8277	0	0	0	0	1776015537458
3629	1271	1364	8167	0	0	0	0	1776015539040
3633	1276	1485	8005	0	0	0	0	1776015540907
3602	1300	1625	8057	0	0	0	0	1776015541716
3559	1315	1701	8406	0	0	0	0	1776015543298
3595	1293	1749	8667	0	0	0	0	1776015544321
3719	1299	0	8755	0	0	0	0	1776015545401
3731	1318	1801	8770	0	0	0	0	1776015546567
3727	1315	1847	8676	0	0	0	0	1776015547767
3697	1309	1880	8534	0	0	0	0	1776015549027
3653	1301	1958	8442	0	0	0	0	1776015550228
3608	1066	2037	0	0	0	0	0	1776015551383
3632	1149	2067	8299	0	0	0	0	1776015552609
3638	1212	2080	8363	0	0	0	0	1776015553895
3611	1248	2094	8386	0	0	0	0	1776015555546
3581	1272	1896	8321	0	0	0	0	1776015556915
3556	1294	1815	8148	0	0	0	0	1776015558199
3576	1293	1780	8037	0	0	0	0	1776015559644
3574	1305	1731	0	0	0	0	0	1776015560703
3537	1320	1736	8092	0	0	0	0	1776015561927
3506	1319	1682	8330	0	0	0	0	1776015563217
3496	1264	1673	8439	0	0	0	0	1776015564389
3543	0	1657	8464	0	0	0	0	1776015565688
3592	1268	1626	8355	0	0	0	0	1776015567028
3625	1271	1385	8247	0	0	0	0	1776015568545
3629	1271	0	7975	0	0	0	0	1776015569920
3609	1298	1603	0	0	0	0	0	1776015571351
3574	1322	1688	8104	0	0	0	0	1776015572637
3558	1302	1737	8448	0	0	0	0	1776015573815
3703	1298	0	8698	0	0	0	0	1776015574934
3722	1308	1787	8776	0	0	0	0	1776015575930
3723	1315	1826	8799	0	0	0	0	1776015576949
3710	1310	1862	8655	0	0	0	0	1776015578021
3673	1281	1918	8508	0	0	0	0	1776015579030
3641	1086	2005	8447	0	0	0	0	1776015580523
3609	1141	2050	8297	0	0	0	0	1776015581843
3638	1205	0	8364	0	0	0	0	1776015583333
3622	1240	2058	8390	0	0	0	0	1776015584669
3575	1272	2062	8254	0	0	0	0	1776015586404
3560	1288	1840	0	0	0	0	0	1776015587935
3582	1294	0	8168	0	0	0	0	1776015589167
3570	1306	1769	8005	0	0	0	0	1776015590193
3531	1325	1730	8084	0	0	0	0	1776015591182
3507	1328	1734	8307	0	0	0	0	1776015592416
3491	1281	1673	8421	0	0	0	0	1776015593823
3517	0	1673	8445	0	0	0	0	1776015595166
3563	1260	1664	8331	0	0	0	0	1776015596199
3606	1267	1617	8211	0	0	0	0	1776015597462
3619	1274	1355	8115	0	0	0	0	1776015598691
3610	1298	1439	7990	0	0	0	0	1776015599928
3575	1318	1597	8223	0	0	0	0	1776015601516
3543	1320	1685	8550	0	0	0	0	1776015602798
3630	1302	1733	8754	0	0	0	0	1776015603998
3689	1312	1768	8820	0	0	0	0	1776015605433
3720	1318	1809	0	0	0	0	0	1776015606424
3705	1315	1842	8783	0	0	0	0	1776015607404
3672	1315	1899	8634	0	0	0	0	1776015610146
3637	1095	1977	8478	0	0	0	0	1776015611039
3613	1151	0	8427	0	0	0	0	1776015611801
3626	1207	2016	8306	0	0	0	0	1776015612733
3627	1245	2036	8344	0	0	0	0	1776015614032
3589	1276	2052	8366	0	0	0	0	1776015615638
3542	1300	1926	8296	0	0	0	0	1776015616672
3550	1303	1835	8122	0	0	0	0	1776015618137
3565	1310	1783	0	0	0	0	0	1776015619891
3536	1320	1733	7955	0	0	0	0	1776015620821
3504	1324	1720	8195	0	0	0	0	1776015621686
3489	1284	1660	8394	0	0	0	0	1776015623353
3499	0	1664	8459	0	0	0	0	1776015624668
3544	1260	1669	8473	0	0	0	0	1776015625708
3591	1267	1611	8350	0	0	0	0	1776015626959
3611	1271	1404	8210	0	0	0	0	1776015628211
3604	1289	1444	8116	0	0	0	0	1776015629496
3586	1313	1594	7953	0	0	0	0	1776015630799
3543	1320	1683	8242	0	0	0	0	1776015632018
3593	1305	1733	8574	0	0	0	0	1776015633305
3668	1318	1761	8741	0	0	0	0	1776015634616
3701	1330	1807	8806	0	0	0	0	1776015635762
3708	0	1835	8759	0	0	0	0	1776015637072
3664	1313	1880	8622	0	0	0	0	1776015638112
3639	1315	1953	8529	0	0	0	0	1776015639449
3580	1150	0	8364	0	0	0	0	1776015641191
3609	1162	2009	8282	0	0	0	0	1776015642211
3614	1215	2022	8349	0	0	0	0	1776015643495
3591	1247	2039	8347	0	0	0	0	1776015644699
3553	1296	2016	0	0	0	0	0	1776015646051
3520	1305	1824	8309	0	0	0	0	1776015647311
3543	1309	1780	8103	0	0	0	0	1776015648642
3550	1321	1736	7987	0	0	0	0	1776015649797
3541	1331	1716	8221	0	0	0	0	1776015651172
3490	0	1651	8399	0	0	0	0	1776015652347
3471	1270	1660	8467	0	0	0	0	1776015653529
3491	1273	1669	8424	0	0	0	0	1776015654789
3527	1274	1633	8360	0	0	0	0	1776015656194
3606	0	1346	8233	0	0	0	0	1776015657552
3604	1266	1410	8094	0	0	0	0	1776015659015
3584	1285	1575	8001	0	0	0	0	1776015660321
3546	1311	1673	8221	0	0	0	0	1776015661520
3569	1322	1727	8546	0	0	0	0	1776015662775
3657	1321	1757	8711	0	0	0	0	1776015664026
3697	1328	1801	8779	0	0	0	0	1776015665261
3709	1339	0	8746	0	0	0	0	1776015666795
3674	1333	1829	8599	0	0	0	0	1776015667562
3648	1315	1863	8532	0	0	0	0	1776015669019
3621	1215	1937	8389	0	0	0	0	1776015670043
3586	1147	1987	8268	0	0	0	0	1776015671376
3609	1204	2015	8348	0	0	0	0	1776015672910
3602	1243	2033	0	0	0	0	0	1776015674215
3556	1270	2020	8363	0	0	0	0	1776015675595
3521	1299	1861	8252	0	0	0	0	1776015678458
3535	1315	1789	8052	0	0	0	0	1776015679058
3544	1332	1733	0	0	0	0	0	1776015679634
3517	0	1720	8015	0	0	0	0	1776015680771
3492	1340	1643	8226	0	0	0	0	1776015681844
3465	1298	1653	8392	0	0	0	0	1776015683118
3475	1282	1664	8459	0	0	0	0	1776015684381
3560	0	1626	8442	0	0	0	0	1776015685812
3594	1261	1364	8310	0	0	0	0	1776015687145
3601	1269	0	8048	0	0	0	0	1776015688372
3577	1283	1390	8054	0	0	0	0	1776015689704
3555	1309	1556	8327	0	0	0	0	1776015691186
3523	1321	1664	8627	0	0	0	0	1776015692461
3629	1305	1721	8763	0	0	0	0	1776015693715
3680	1319	1746	8805	0	0	0	0	1776015694945
3705	1334	1794	0	0	0	0	0	1776015696054
3676	1331	1826	8721	0	0	0	0	1776015696992
3644	1314	1861	8580	0	0	0	0	1776015697999
3623	1233	1935	8474	0	0	0	0	1776015699096
3591	1162	1985	8319	0	0	0	0	1776015700327
3601	1206	2013	8336	0	0	0	0	1776015701992
3600	1245	0	8365	0	0	0	0	1776015703603
3564	1266	2029	8367	0	0	0	0	1776015704858
3521	1289	1993	8247	0	0	0	0	1776015706292
3524	1309	1843	0	0	0	0	0	1776015707760
3541	1320	1800	8034	0	0	0	0	1776015709017
3509	0	1737	8039	0	0	0	0	1776015710308
3497	1334	1708	8255	0	0	0	0	1776015711283
3460	1312	1634	8393	0	0	0	0	1776015712234
3461	1255	1648	8440	0	0	0	0	1776015713583
3490	1263	1659	8419	0	0	0	0	1776015715202
3576	0	1634	8264	0	0	0	0	1776015716448
3593	1270	1390	8179	0	0	0	0	1776015717661
3578	1278	1388	7990	0	0	0	0	1776015718921
3554	1295	1548	8003	0	0	0	0	1776015720191
3520	1318	1660	8292	0	0	0	0	1776015721421
3596	1313	1722	8599	0	0	0	0	1776015722560
3662	1314	1734	8750	0	0	0	0	1776015723775
3689	1325	1779	8780	0	0	0	0	1776015724965
3698	1331	1818	8714	0	0	0	0	1776015726133
3667	1311	1852	8567	0	0	0	0	1776015727405
3628	1260	1910	0	0	0	0	0	1776015728531
3584	1084	1959	8447	0	0	0	0	1776015729866
3585	1159	0	8263	0	0	0	0	1776015731249
3601	1218	1998	8302	0	0	0	0	1776015732836
3565	1248	2020	0	0	0	0	0	1776015734353
3532	1279	1989	8310	0	0	0	0	1776015735555
3524	1304	1850	8201	0	0	0	0	1776015736731
3539	1308	1810	8001	0	0	0	0	1776015737847
3536	1324	1741	8004	0	0	0	0	1776015739503
3484	1347	1713	0	0	0	0	0	1776015740726
3465	1300	1638	8226	0	0	0	0	1776015741741
3445	1284	1646	8372	0	0	0	0	1776015743171
3472	0	1660	8405	0	0	0	0	1776015744506
3511	1259	1636	8299	0	0	0	0	1776015746843
3565	1268	1409	8136	0	0	0	0	1776015747320
3587	1275	1371	7964	0	0	0	0	1776015748255
3582	1294	1536	7981	0	0	0	0	1776015749572
3525	1324	1651	0	0	0	0	0	1776015750915
3556	1312	1712	8356	0	0	0	0	1776015752032
3636	1309	1722	8633	0	0	0	0	1776015753055
3677	1328	1766	8748	0	0	0	0	1776015754293
3691	1337	1809	8767	0	0	0	0	1776015755465
3667	1321	1835	8685	0	0	0	0	1776015756802
3649	1314	1882	8532	0	0	0	0	1776015757981
3584	0	1947	8414	0	0	0	0	1776015759458
3567	1161	0	8257	0	0	0	0	1776015760739
3592	1216	1984	8296	0	0	0	0	1776015762067
3593	1249	2013	8345	0	0	0	0	1776015763253
3572	1280	2007	8294	0	0	0	0	1776015764533
3537	1307	1859	8174	0	0	0	0	1776015766217
3522	1313	1803	0	0	0	0	0	1776015767288
3529	1317	1742	8008	0	0	0	0	1776015768318
3517	1328	1719	8022	0	0	0	0	1776015769594
3494	1306	1642	8276	0	0	0	0	1776015770978
3433	0	1637	8394	0	0	0	0	1776015772269
3451	1283	1654	8429	0	0	0	0	1776015773305
3488	1275	1642	8372	0	0	0	0	1776015774614
3539	1263	1495	8270	0	0	0	0	1776015775959
3569	1271	1321	8105	0	0	0	0	1776015777535
3578	1291	1479	7998	0	0	0	0	1776015778868
3545	1316	1615	8014	0	0	0	0	1776015780098
3519	1323	1691	8363	0	0	0	0	1776015781332
3625	1313	0	8633	0	0	0	0	1776015782607
3670	1329	1714	8724	0	0	0	0	1776015783783
3685	1341	1758	8747	0	0	0	0	1776015785061
3668	1330	1802	8682	0	0	0	0	1776015786285
3643	1320	1835	8528	0	0	0	0	1776015787519
3587	0	1884	8395	0	0	0	0	1776015788528
3569	1123	1938	8252	0	0	0	0	1776015789715
3585	1169	1989	8322	0	0	0	0	1776015791237
3591	1251	2006	0	0	0	0	0	1776015792788
3555	1276	2002	8333	0	0	0	0	1776015794025
3539	1305	1887	8283	0	0	0	0	1776015795459
3497	1316	1810	8118	0	0	0	0	1776015796730
3523	1321	0	7988	0	0	0	0	1776015797843
3514	1339	1703	0	0	0	0	0	1776015799194
3493	1332	1647	8092	0	0	0	0	1776015800469
3436	0	1611	8312	0	0	0	0	1776015801809
3442	1284	1636	8400	0	0	0	0	1776015802960
3474	1260	1639	8424	0	0	0	0	1776015804205
3526	1267	1472	8345	0	0	0	0	1776015805546
3565	1274	0	8082	0	0	0	0	1776015807024
3576	1285	1301	7967	0	0	0	0	1776015808306
3554	1311	1457	8017	0	0	0	0	1776015809545
3519	1312	1595	8348	0	0	0	0	1776015810868
3586	1308	1678	0	0	0	0	0	1776015812042
3649	1322	1700	8623	0	0	0	0	1776015813302
3670	1337	1734	8727	0	0	0	0	1776015814551
3669	1320	1787	8740	0	0	0	0	1776015815808
3627	0	1822	8672	0	0	0	0	1776015817060
3596	1314	1870	8505	0	0	0	0	1776015818060
3571	1152	1916	8363	0	0	0	0	1776015819053
3574	1164	1971	8261	0	0	0	0	1776015820281
3587	1211	2006	8284	0	0	0	0	1776015821962
3566	1269	0	8340	0	0	0	0	1776015823564
3533	1300	1978	8262	0	0	0	0	1776015824843
3514	1317	1909	8105	0	0	0	0	1776015826077
3522	1318	1806	0	0	0	0	0	1776015827307
3523	1331	1740	7965	0	0	0	0	1776015828580
3492	1326	1702	8059	0	0	0	0	1776015829866
3428	0	1651	8311	0	0	0	0	1776015831297
3435	1283	1619	8393	0	0	0	0	1776015832311
3460	1278	1641	8414	0	0	0	0	1776015833290
3504	1277	1645	8332	0	0	0	0	1776015834878
3553	1262	1477	8196	0	0	0	0	1776015836515
3566	1275	1316	8034	0	0	0	0	1776015837895
3567	1297	1427	7946	0	0	0	0	1776015839138
3520	1305	1575	8039	0	0	0	0	1776015840400
3550	0	1663	8398	0	0	0	0	1776015841545
3626	1311	1691	8639	0	0	0	0	1776015842564
3656	1321	1727	8721	0	0	0	0	1776015843609
3664	1335	1782	8729	0	0	0	0	1776015844552
3654	1330	1820	8645	0	0	0	0	1776015845747
3628	1320	1869	8468	0	0	0	0	1776015846993
3587	1196	1901	8342	0	0	0	0	1776015848299
3565	1149	0	8239	0	0	0	0	1776015849568
3578	1200	1960	8302	0	0	0	0	1776015851290
3573	1240	1997	8336	0	0	0	0	1776015852742
3534	1265	1977	8234	0	0	0	0	1776015854429
3513	1322	1905	0	0	0	0	0	1776015855717
3508	0	1797	8066	0	0	0	0	1776015856796
3510	1328	1757	7946	0	0	0	0	1776015857820
3496	1336	1705	8053	0	0	0	0	1776015859249
3463	1342	1650	8258	0	0	0	0	1776015860481
3436	1287	1599	8350	0	0	0	0	1776015861830
3447	1262	1627	0	0	0	0	0	1776015862786
3489	0	1642	8291	0	0	0	0	1776015864195
3534	1268	1552	8160	0	0	0	0	1776015865445
3558	1272	1244	8011	0	0	0	0	1776015866908
3558	1282	1365	8003	0	0	0	0	1776015867983
3533	1297	1533	8155	0	0	0	0	1776015869518
3489	1319	1637	8468	0	0	0	0	1776015870866
3596	1308	1677	0	0	0	0	0	1776015872099
3637	1323	1713	8670	0	0	0	0	1776015873050
3650	1338	1773	8715	0	0	0	0	1776015874127
3646	1344	1813	8730	0	0	0	0	1776015875376
3632	1317	1864	8569	0	0	0	0	1776015876711
3590	1214	1889	8427	0	0	0	0	1776015877989
3534	1112	0	8300	0	0	0	0	1776015879065
3559	1168	1951	8222	0	0	0	0	1776015880397
3565	1220	1992	8300	0	0	0	0	1776015881583
3533	1251	2002	8305	0	0	0	0	1776015882920
3509	1284	1877	8204	0	0	0	0	1776015886139
3488	1310	1778	8049	0	0	0	0	1776015887151
3513	1315	1747	0	0	0	0	0	1776015887871
3492	1332	1688	7917	0	0	0	0	1776015888695
3459	1350	1653	8107	0	0	0	0	1776015889405
3435	1301	1602	8296	0	0	0	0	1776015890893
3429	0	1618	8361	0	0	0	0	1776015892329
3462	1256	1642	8364	0	0	0	0	1776015893297
3507	1264	1590	8272	0	0	0	0	1776015894379
3540	1271	1335	8111	0	0	0	0	1776015895954
3548	1279	1366	8013	0	0	0	0	1776015897456
3535	1299	1528	7992	0	0	0	0	1776015898673
3492	1328	1637	8193	0	0	0	0	1776015899936
3472	1301	1683	8528	0	0	0	0	1776015901232
3566	1313	1717	8697	0	0	0	0	1776015902465
3636	1331	0	8729	0	0	0	0	1776015903617
3642	1336	1769	8700	0	0	0	0	1776015904659
3626	1321	1810	8542	0	0	0	0	1776015905892
3591	1298	1857	8432	0	0	0	0	1776015907222
3536	0	1890	8312	0	0	0	0	1776015908561
3550	1104	1941	8215	0	0	0	0	1776015909731
3558	1212	1987	0	0	0	0	0	1776015911323
3547	1245	1998	8303	0	0	0	0	1776015912409
3500	1277	1899	8303	0	0	0	0	1776015913984
3482	1307	1748	8163	0	0	0	0	1776015915211
3488	1324	1755	8033	0	0	0	0	1776015916434
3504	1332	1704	7869	0	0	0	0	1776015917833
3444	1341	1660	0	0	0	0	0	1776015919000
3432	1295	1607	8120	0	0	0	0	1776015921043
3420	0	1614	8367	0	0	0	0	1776015921742
3445	1276	1640	0	0	0	0	0	1776015922889
3488	1273	1554	8326	0	0	0	0	1776015923965
3532	1260	0	8084	0	0	0	0	1776015925460
3541	1274	1330	7976	0	0	0	0	1776015926682
3533	1290	1358	7898	0	0	0	0	1776015928000
3498	1307	1517	8189	0	0	0	0	1776015929439
3460	1307	1616	8534	0	0	0	0	1776015930717
3551	1315	1665	8688	0	0	0	0	1776015931964
3636	1332	1696	0	0	0	0	0	1776015933074
3643	1341	1747	8719	0	0	0	0	1776015934201
3637	1318	1797	8693	0	0	0	0	1776015935464
3591	1308	1843	8547	0	0	0	0	1776015936716
3547	0	1870	8391	0	0	0	0	1776015938047
3531	1069	1922	8252	0	0	0	0	1776015939123
3546	1143	1977	8226	0	0	0	0	1776015940402
3548	1243	0	8299	0	0	0	0	1776015941993
3510	1270	1988	8300	0	0	0	0	1776015943321
3473	1303	1966	8114	0	0	0	0	1776015944495
3480	1316	1723	0	0	0	0	0	1776015946089
3491	1325	0	8004	0	0	0	0	1776015947445
3455	1337	1687	7901	0	0	0	0	1776015948336
3437	1311	1658	8164	0	0	0	0	1776015949699
3416	0	1605	8320	0	0	0	0	1776015951103
3426	1278	0	8351	0	0	0	0	1776015952305
3468	1276	1634	8260	0	0	0	0	1776015953304
3515	1263	1598	8188	0	0	0	0	1776015954714
3536	1272	1369	8038	0	0	0	0	1776015956370
3524	1283	1320	7940	0	0	0	0	1776015957583
3506	1306	1474	7970	0	0	0	0	1776015958888
3464	1318	1591	8262	0	0	0	0	1776015960063
3515	1319	1653	8551	0	0	0	0	1776015961328
3626	0	1687	8680	0	0	0	0	1776015962572
3635	1332	1739	8699	0	0	0	0	1776015963542
3635	1340	1792	8681	0	0	0	0	1776015964546
3590	1315	1838	8523	0	0	0	0	1776015965748
3568	1314	1875	8382	0	0	0	0	1776015966987
3549	1053	1906	8219	0	0	0	0	1776015968298
3539	1132	0	8254	0	0	0	0	1776015969788
3541	1192	1965	8304	0	0	0	0	1776015971320
3512	1263	1988	0	0	0	0	0	1776015972914
3483	1296	1960	8257	0	0	0	0	1776015974145
3441	1314	1783	8071	0	0	0	0	1776015975385
3468	1324	1705	7972	0	0	0	0	1776015976646
3458	1334	1674	0	0	0	0	0	1776015977877
3439	0	1660	8193	0	0	0	0	1776015979206
3414	1303	1611	8310	0	0	0	0	1776015980439
3396	1282	1599	8334	0	0	0	0	1776015981666
3445	1276	1627	0	0	0	0	0	1776015982790
3498	0	1593	8135	0	0	0	0	1776015984185
3527	1263	1367	8025	0	0	0	0	1776015985455
3529	1272	1306	7896	0	0	0	0	1776015986687
3504	1286	1467	7947	0	0	0	0	1776015988020
3480	1308	1566	8315	0	0	0	0	1776015989457
3470	1314	1634	8561	0	0	0	0	1776015990732
3564	1321	1677	8677	0	0	0	0	1776015991974
3629	1336	1730	0	0	0	0	0	1776015993031
3631	1346	1785	8681	0	0	0	0	1776015994055
3593	1332	1828	8617	0	0	0	0	1776015995165
3573	1314	1861	8474	0	0	0	0	1776015996412
3550	1096	1896	8314	0	0	0	0	1776015997910
3537	1145	0	8185	0	0	0	0	1776015999223
3542	1198	1960	8249	0	0	0	0	1776016000512
3519	1238	1973	8285	0	0	0	0	1776016001742
3485	1269	1976	8219	0	0	0	0	1776016003065
3451	1303	1759	8088	0	0	0	0	1776016004763
3460	1330	1715	0	0	0	0	0	1776016006250
3451	0	1665	7879	0	0	0	0	1776016007319
3436	1341	1657	7991	0	0	0	0	1776016008287
3419	1335	1613	8209	0	0	0	0	1776016009287
3392	1283	1605	8321	0	0	0	0	1776016010549
3398	1277	1626	8329	0	0	0	0	1776016012263
3475	0	1601	8199	0	0	0	0	1776016013289
3514	1257	1467	8145	0	0	0	0	1776016014494
3525	1271	1257	7995	0	0	0	0	1776016015976
3503	1283	1410	7985	0	0	0	0	1776016017302
3483	1307	1521	7999	0	0	0	0	1776016018517
3447	1318	1606	8353	0	0	0	0	1776016019826
3533	1313	1658	8578	0	0	0	0	1776016022423
3590	1330	1711	8676	0	0	0	0	1776016022996
3621	1343	0	8658	0	0	0	0	1776016024934
3600	1332	1766	8565	0	0	0	0	1776016025962
3576	1315	1813	8437	0	0	0	0	1776016026674
3544	1145	1852	8302	0	0	0	0	1776016027581
3523	1159	1883	8165	0	0	0	0	1776016028843
3523	1204	1940	8221	0	0	0	0	1776016029672
3518	1241	1979	0	0	0	0	0	1776016031106
3491	1268	1980	8278	0	0	0	0	1776016032462
3452	1301	1792	8142	0	0	0	0	1776016033817
3452	1319	1714	8036	0	0	0	0	1776016035064
3463	1322	1626	7922	0	0	0	0	1776016036401
3438	1309	1638	0	0	0	0	0	1776016037843
3415	1300	1608	8007	0	0	0	0	1776016038860
3385	1286	1585	8227	0	0	0	0	1776016040120
3375	0	1609	8311	0	0	0	0	1776016041571
3448	1280	1591	0	0	0	0	0	1776016042846
3495	1260	1497	8214	0	0	0	0	1776016043979
3514	1270	0	7973	0	0	0	0	1776016045338
3505	1277	1258	7857	0	0	0	0	1776016046566
3475	1291	1374	7973	0	0	0	0	1776016048001
3449	1312	1498	8356	0	0	0	0	1776016049353
3506	1316	1593	8560	0	0	0	0	1776016050680
3576	1326	1650	8651	0	0	0	0	1776016051891
3618	1341	1703	0	0	0	0	0	1776016053087
3590	1344	1752	8649	0	0	0	0	1776016054065
3565	1315	1800	8553	0	0	0	0	1776016055185
3559	1168	1840	8417	0	0	0	0	1776016056584
3510	1164	1870	8270	0	0	0	0	1776016060408
3515	1204	1929	8179	0	0	0	0	1776016060907
3531	1240	1976	8218	0	0	0	0	1776016061377
3494	1262	0	8267	0	0	0	0	1776016061928
3458	1288	1955	8143	0	0	0	0	1776016063073
3422	1312	1698	0	0	0	0	0	1776016064690
3448	1324	1622	7993	0	0	0	0	1776016065895
3453	1316	1625	7877	0	0	0	0	1776016067133
3415	1319	0	8001	0	0	0	0	1776016068297
3391	0	1589	8230	0	0	0	0	1776016069629
3364	1288	1599	8305	0	0	0	0	1776016070937
3389	1259	1603	8280	0	0	0	0	1776016072139
3426	1267	1541	8170	0	0	0	0	1776016073399
3503	1272	0	8095	0	0	0	0	1776016074653
3507	1282	1235	7958	0	0	0	0	1776016076081
3466	1293	1333	7853	0	0	0	0	1776016077303
3447	1302	1455	8023	0	0	0	0	1776016078535
3467	1308	1563	8373	0	0	0	0	1776016079784
3555	1317	1632	8563	0	0	0	0	1776016081074
3597	1336	1688	8643	0	0	0	0	1776016082303
3610	1337	1739	8615	0	0	0	0	1776016083559
3571	0	1790	8518	0	0	0	0	1776016084578
3547	1315	1837	8374	0	0	0	0	1776016085610
3513	1211	1870	8256	0	0	0	0	1776016086806
3497	1147	1914	8120	0	0	0	0	1776016088265
3517	1188	1966	8219	0	0	0	0	1776016089901
3490	1233	0	8237	0	0	0	0	1776016091290
3466	1291	1971	0	0	0	0	0	1776016094205
3424	1314	1870	8111	0	0	0	0	1776016094883
3436	1322	1716	7973	0	0	0	0	1776016095740
3444	1307	1627	7812	0	0	0	0	1776016096369
3439	1312	1598	8010	0	0	0	0	1776016097682
3387	0	1604	8221	0	0	0	0	1776016098922
3363	1281	1572	8285	0	0	0	0	1776016100221
3377	1278	1586	8269	0	0	0	0	1776016101452
3414	1278	1596	8137	0	0	0	0	1776016102682
3493	0	1562	8030	0	0	0	0	1776016104114
3498	1261	1224	7936	0	0	0	0	1776016105371
3477	1274	1297	7797	0	0	0	0	1776016106656
3437	1283	1430	8015	0	0	0	0	1776016108030
3451	1298	1542	8381	0	0	0	0	1776016109262
3548	1299	1619	8548	0	0	0	0	1776016110547
3597	1308	1679	8607	0	0	0	0	1776016111721
3610	1328	1728	8561	0	0	0	0	1776016113012
3571	1339	1783	0	0	0	0	0	1776016114174
3542	1333	1824	8474	0	0	0	0	1776016115101
3515	1303	1849	8346	0	0	0	0	1776016116148
3492	1083	1898	8216	0	0	0	0	1776016117810
3507	1150	0	8220	0	0	0	0	1776016119478
3487	1203	1952	8248	0	0	0	0	1776016120729
3466	1242	1952	8231	0	0	0	0	1776016122036
3430	1275	1920	8114	0	0	0	0	1776016123265
3438	1313	1716	0	0	0	0	0	1776016124684
3447	1318	1615	7904	0	0	0	0	1776016125900
3447	1307	1590	7831	0	0	0	0	1776016127153
3387	0	1585	7994	0	0	0	0	1776016128355
3353	1287	1556	8188	0	0	0	0	1776016129355
3363	1261	1560	8255	0	0	0	0	1776016130394
3392	1267	1575	8250	0	0	0	0	1776016132071
3477	0	1540	8174	0	0	0	0	1776016133605
3490	1273	1263	8010	0	0	0	0	1776016134816
3481	1282	1304	7946	0	0	0	0	1776016136029
3448	1286	1430	7769	0	0	0	0	1776016137322
3402	1295	1533	8080	0	0	0	0	1776016138539
3486	1287	1614	8405	0	0	0	0	1776016139576
3552	1300	1675	8563	0	0	0	0	1776016140777
3581	1324	1725	8611	0	0	0	0	1776016142004
3585	1333	1774	8534	0	0	0	0	1776016143252
3565	1324	1823	8423	0	0	0	0	1776016144491
3516	1299	0	8353	0	0	0	0	1776016145604
3493	1070	1848	8206	0	0	0	0	1776016146739
3496	1134	1894	8179	0	0	0	0	1776016148123
3507	1189	1952	8223	0	0	0	0	1776016149771
3489	1232	1954	8155	0	0	0	0	1776016151445
3435	1262	1952	0	0	0	0	0	1776016152676
3417	1296	1717	8074	0	0	0	0	1776016153881
3436	1312	1617	7860	0	0	0	0	1776016154885
3436	1311	1587	7830	0	0	0	0	1776016156339
3417	1323	1590	8075	0	0	0	0	1776016157651
3358	1284	1537	0	0	0	0	0	1776016158872
3350	1278	1545	8220	0	0	0	0	1776016160024
3371	0	1559	8221	0	0	0	0	1776016161459
3416	1275	1504	8102	0	0	0	0	1776016162680
3460	1260	1297	7956	0	0	0	0	1776016163894
3481	1275	1289	7897	0	0	0	0	1776016165425
3483	1283	1421	7746	0	0	0	0	1776016166656
3450	1290	1510	8098	0	0	0	0	1776016167928
3456	1286	1600	0	0	0	0	0	1776016169160
3530	1293	1659	8400	0	0	0	0	1776016170436
3563	1314	1715	8531	0	0	0	0	1776016171677
3575	1331	1763	8597	0	0	0	0	1776016172951
3551	1334	0	8526	0	0	0	0	1776016174130
3510	1304	1811	8391	0	0	0	0	1776016175107
3497	1088	1840	8302	0	0	0	0	1776016176410
