3477	1459	5145	2233	0	0	0	0	1783436924642
3446	1466	5139	2250	0	0	0	0	1783436926002
3409	1496	5050	2203	0	0	0	0	1783436927390
3428	0	5051	2211	0	0	0	0	1783436928777
3369	1358	5030	0	0	0	0	0	1783436930159
3388	1403	5032	2214	0	0	0	0	1783436931494
3406	1414	5024	2212	0	0	0	0	1783436932873
3407	0	4963	2184	0	0	0	0	1783436934254
3421	1416	4968	0	0	0	0	0	1783436935482
3353	1434	4991	2117	0	0	0	0	1783436936826
3379	1356	4995	2149	0	0	0	0	1783436938261
3379	1397	5027	2226	0	0	0	0	1783436939691
3400	1423	0	2170	0	0	0	0	1783436941024
3393	1454	5042	2180	0	0	0	0	1783436942144
3372	1367	4926	2204	0	0	0	0	1783436943214
3395	1396	4979	2203	0	0	0	0	1783436944301
3373	1419	4985	2163	0	0	0	0	1783436945468
3382	1444	4960	2183	0	0	0	0	1783436946658
3397	1392	4906	2190	0	0	0	0	1783436948089
3373	1414	4938	2178	0	0	0	0	1783436949524
3375	1359	4977	2189	0	0	0	0	1783436950848
3376	0	4937	2205	0	0	0	0	1783436952098
3383	1408	4949	2145	0	0	0	0	1783436953518
3373	1420	4867	2169	0	0	0	0	1783436954745
3380	1453	4924	2189	0	0	0	0	1783436956183
3384	1324	4956	2195	0	0	0	0	1783436957624
3360	1353	4957	0	0	0	0	0	1783436958843
3373	1401	4959	2185	0	0	0	0	1783436960185
3373	1404	4848	2197	0	0	0	0	1783436961409
3377	1416	4888	2199	0	0	0	0	1783436962863
3365	1433	4908	2203	0	0	0	0	1783436964273
3377	1405	0	2233	0	0	0	0	1783436965499
3363	1422	4919	2121	0	0	0	0	1783436966704
3391	1429	4936	2142	0	0	0	0	1783436967749
3342	1432	4856	2156	0	0	0	0	1783436968875
3351	1402	4907	2176	0	0	0	0	1783436970003
3356	1423	4912	2216	0	0	0	0	1783436971440
3353	1409	4916	2111	0	0	0	0	1783436972779
3370	1425	4876	2143	0	0	0	0	1783436974008
3374	1361	4928	2156	0	0	0	0	1783436975429
3374	0	4923	2164	0	0	0	0	1783436976766
3359	1370	4952	2177	0	0	0	0	1783436978236
3361	1421	0	2188	0	0	0	0	1783436979730
3366	1321	4932	2163	0	0	0	0	1783436980963
3373	1363	4849	0	0	0	0	0	1783436982295
3370	0	4881	2153	0	0	0	0	1783436983621
3345	1394	4824	0	0	0	0	0	1783436985096
3362	1411	4883	2159	0	0	0	0	1783436986489
3365	1420	4891	2180	0	0	0	0	1783436987661
3359	0	4854	2178	0	0	0	0	1783436988846
3365	1328	4887	2064	0	0	0	0	1783436989970
3337	1395	4898	2137	0	0	0	0	1783436990993
3353	1406	4921	2164	0	0	0	0	1783436992227
3366	1413	4765	2186	0	0	0	0	1783436993595
3363	1353	4824	2114	0	0	0	0	1783436994887
3365	1384	4833	2156	0	0	0	0	1783436996215
3368	1425	4878	2159	0	0	0	0	1783436997546
3337	1325	0	2168	0	0	0	0	1783436998986
3339	1362	4884	2169	0	0	0	0	1783437000312
3355	1408	4816	2143	0	0	0	0	1783437001643
3362	1285	4819	2143	0	0	0	0	1783437002974
3349	1366	4867	2184	0	0	0	0	1783437004418
3351	1312	4914	0	0	0	0	0	1783437005750
3339	1356	4917	2191	0	0	0	0	1783437007069
3352	1378	4925	2094	0	0	0	0	1783437008337
3358	1385	4883	2129	0	0	0	0	1783437009773
3344	0	4914	2143	0	0	0	0	1783437011178
3346	1395	4936	2188	0	0	0	0	1783437012292
3349	1389	4918	2081	0	0	0	0	1783437013359
3367	1408	4819	2124	0	0	0	0	1783437014448
3322	1427	4848	2148	0	0	0	0	1783437015608
3343	1364	4884	2224	0	0	0	0	1783437017045
3353	1375	4903	2131	0	0	0	0	1783437018436
3311	1400	4890	2142	0	0	0	0	1783437019910
3340	1403	0	2148	0	0	0	0	1783437021138
3346	1436	4759	2194	0	0	0	0	1783437022225
3339	1373	4847	2179	0	0	0	0	1783437023659
3321	1380	4879	2183	0	0	0	0	1783437025136
3337	1381	4897	2190	0	0	0	0	1783437026367
3326	1419	4813	2195	0	0	0	0	1783437027755
3352	0	4885	2143	0	0	0	0	1783437028983
3331	1395	4832	2162	0	0	0	0	1783437030315
3325	1391	4870	2174	0	0	0	0	1783437031748
3336	1413	4803	0	0	0	0	0	1783437033289
3337	0	4819	2151	0	0	0	0	1783437034450
3351	1396	4829	0	0	0	0	0	1783437035623
3321	1395	4852	2160	0	0	0	0	1783437036766
3324	1429	4874	2160	0	0	0	0	1783437037932
3337	1298	4826	2133	0	0	0	0	1783437039128
3328	1341	4822	2158	0	0	0	0	1783437040565
3328	1373	4743	2176	0	0	0	0	1783437041899
3346	1382	4834	2163	0	0	0	0	1783437043220
3325	1425	0	2183	0	0	0	0	1783437044588
3347	1319	4841	2188	0	0	0	0	1783437045675
3305	1348	4808	2200	0	0	0	0	1783437047004
3329	1381	4737	2180	0	0	0	0	1783437048336
3332	1389	4797	2155	0	0	0	0	1783437049672
3332	1402	4869	2164	0	0	0	0	1783437050999
3332	0	4872	2116	0	0	0	0	1783437052332
3318	1409	4805	2166	0	0	0	0	1783437053661
3332	1372	4809	2156	0	0	0	0	1783437055094
3330	1388	4831	2164	0	0	0	0	1783437056421
3350	1402	4832	0	0	0	0	0	1783437057858
3318	1414	4836	2022	0	0	0	0	1783437058925
3335	1321	4757	2084	0	0	0	0	1783437060120
3335	1359	4801	2169	0	0	0	0	1783437061243
3347	1367	4792	2168	0	0	0	0	1783437062671
3353	1375	4814	2178	0	0	0	0	1783437064003
3315	1285	4847	2048	0	0	0	0	1783437065334
3334	1334	0	2097	0	0	0	0	1783437066768
3304	1372	4808	2165	0	0	0	0	1783437067909
3318	1367	4761	2151	0	0	0	0	1783437069112
3333	1387	4807	2178	0	0	0	0	1783437070445
3335	1392	4809	2116	0	0	0	0	1783437071724
3324	1379	4793	2158	0	0	0	0	1783437073117
3306	1388	4722	2159	0	0	0	0	1783437074551
3327	0	4764	2152	0	0	0	0	1783437075726
3326	1398	4789	2160	0	0	0	0	1783437077112
3345	1406	4794	2160	0	0	0	0	1783437078339
3320	1378	4827	2204	0	0	0	0	1783437079774
3300	1383	4669	2159	0	0	0	0	1783437081226
3321	1397	4713	0	0	0	0	0	1783437082475
3326	1361	4723	2169	0	0	0	0	1783437083562
3341	1386	4769	2147	0	0	0	0	1783437084677
3329	1383	4780	2160	0	0	0	0	1783437085814
3313	1365	4759	2176	0	0	0	0	1783437087149
3332	1417	4806	2188	0	0	0	0	1783437088650
3317	1359	4738	2143	0	0	0	0	1783437090014
3327	1381	4740	2163	0	0	0	0	1783437091243
3324	1300	0	2165	0	0	0	0	1783437092572
3327	1359	4799	2139	0	0	0	0	1783437093903
3330	1368	4727	2167	0	0	0	0	1783437095239
3305	1368	4768	2142	0	0	0	0	1783437096606
3328	1313	4658	2148	0	0	0	0	1783437097835
3317	0	4719	2135	0	0	0	0	1783437099129
3330	1334	4749	2143	0	0	0	0	1783437100356
3319	1389	4776	2170	0	0	0	0	1783437101799
3307	1285	4757	2145	0	0	0	0	1783437103056
3327	1326	4745	2158	0	0	0	0	1783437104350
3323	1314	4748	2187	0	0	0	0	1783437105792
3313	1344	4803	0	0	0	0	0	1783437106948
3312	1411	4803	2143	0	0	0	0	1783437108036
3321	1357	4791	2081	0	0	0	0	1783437109203
3300	1309	4745	2105	0	0	0	0	1783437110402
3322	1355	4750	2126	0	0	0	0	1783437111816
3324	1357	4734	2133	0	0	0	0	1783437113187
3317	1409	4781	2135	0	0	0	0	1783437114629
3314	1333	0	2161	0	0	0	0	1783437115920
3317	1324	4786	2167	0	0	0	0	1783437117247
3323	1354	4684	2171	0	0	0	0	1783437118484
3330	1396	4726	2116	0	0	0	0	1783437119926
3273	1345	4769	2087	0	0	0	0	1783437121449
3287	0	4729	2134	0	0	0	0	1783437122598
3304	1364	4740	2152	0	0	0	0	1783437123907
3313	1334	4748	2182	0	0	0	0	1783437125122
3303	1351	4741	2158	0	0	0	0	1783437126556
3310	1404	4753	2163	0	0	0	0	1783437128004
3300	1374	4737	0	0	0	0	0	1783437129220
3314	1253	4747	2174	0	0	0	0	1783437130357
3303	1313	4754	2175	0	0	0	0	1783437131428
3326	1340	4765	2155	0	0	0	0	1783437132713
3326	1395	4776	2195	0	0	0	0	1783437134043
3262	1300	4726	2047	0	0	0	0	1783437135486
3287	1327	4745	2104	0	0	0	0	1783437137014
3276	1355	0	2161	0	0	0	0	1783437138244
3301	1354	4760	2109	0	0	0	0	1783437139253
3313	1341	4719	2123	0	0	0	0	1783437140541
3277	1360	4752	2062	0	0	0	0	1783437141976
3290	1292	4677	2117	0	0	0	0	1783437143404
3307	1328	4695	2171	0	0	0	0	1783437145514
3318	1383	4701	0	0	0	0	0	1783437146025
3323	1343	4747	2174	0	0	0	0	1783437147468
3264	1287	4736	2128	0	0	0	0	1783437148776
3291	1338	4673	2053	0	0	0	0	1783437150122
3288	1348	4602	2091	0	0	0	0	1783437151493
3304	0	4662	2169	0	0	0	0	1783437152683
3304	1330	4720	2130	0	0	0	0	1783437153807
3298	1337	4652	2062	0	0	0	0	1783437154936
3303	1360	4672	2110	0	0	0	0	1783437156163
3280	1349	4669	2131	0	0	0	0	1783437157542
3290	1332	4657	2167	0	0	0	0	1783437158927
3303	1348	4661	2126	0	0	0	0	1783437160270
3282	1357	4723	2126	0	0	0	0	1783437161590
3284	1351	0	2145	0	0	0	0	1783437162715
3278	1355	4675	2158	0	0	0	0	1783437164089
3296	1301	4632	2193	0	0	0	0	1783437165283
3274	1361	4661	2141	0	0	0	0	1783437166648
3287	1265	4667	2007	0	0	0	0	1783437168090
3299	1309	4668	0	0	0	0	0	1783437169474
3305	0	4616	2153	0	0	0	0	1783437170805
3274	1325	4649	2154	0	0	0	0	1783437172141
3293	1281	4698	2101	0	0	0	0	1783437173468
3278	1353	4645	2072	0	0	0	0	1783437175107
3273	1232	4634	0	0	0	0	0	1783437176131
3291	1282	4648	2148	0	0	0	0	1783437177195
3266	1319	4675	2134	0	0	0	0	1783437178383
3284	1315	4683	2135	0	0	0	0	1783437179552
3296	1339	4682	2139	0	0	0	0	1783437180840
3298	1351	4631	2030	0	0	0	0	1783437182217
3252	1351	4668	2123	0	0	0	0	1783437183708
3285	1349	0	2134	0	0	0	0	1783437185080
3295	1311	4696	2143	0	0	0	0	1783437186169
3303	1336	4669	2020	0	0	0	0	1783437187394
3246	1262	4663	2086	0	0	0	0	1783437188733
3262	1321	4601	2149	0	0	0	0	1783437190159
3271	1324	4655	2055	0	0	0	0	1783437191491
3301	0	4681	2090	0	0	0	0	1783437192759
3282	1275	4695	0	0	0	0	0	1783437194051
3251	0	4674	2130	0	0	0	0	1783437195484
3270	1312	4613	2138	0	0	0	0	1783437196919
3268	1374	4657	0	0	0	0	0	1783437198350
3277	1311	4685	2155	0	0	0	0	1783437199474
3277	1234	4705	2094	0	0	0	0	1783437200512
3283	1280	4706	2038	0	0	0	0	1783437201831
3263	1303	4620	2123	0	0	0	0	1783437203265
3261	1377	4646	2131	0	0	0	0	1783437204699
3260	1298	0	2143	0	0	0	0	1783437206133
3268	1292	4654	2143	0	0	0	0	1783437207166
3278	1330	4660	2066	0	0	0	0	1783437208283
3251	1371	4685	2134	0	0	0	0	1783437209513
3271	1267	4664	2139	0	0	0	0	1783437210946
3276	1279	4594	2163	0	0	0	0	1783437212375
3283	1308	4612	2132	0	0	0	0	1783437213657
3277	1256	4636	0	0	0	0	0	1783437215042
3280	1331	4641	2091	0	0	0	0	1783437216087
3270	1346	4624	2126	0	0	0	0	1783437217505
3246	1217	4654	2170	0	0	0	0	1783437218728
3265	1268	4663	2071	0	0	0	0	1783437220162
3277	1292	4669	2099	0	0	0	0	1783437221391
3278	0	4593	2110	0	0	0	0	1783437222823
3272	1306	4644	2127	0	0	0	0	1783437223960
