2845	2803	2489	2918	0	0	0	0	1781014032407
2898	2819	2499	2965	0	0	0	0	1781014033815
2896	2845	2507	2970	0	0	0	0	1781014035231
2909	2852	2591	0	0	0	0	0	1781014036891
2875	2949	2610	2978	0	0	0	0	1781014037890
2946	2885	2587	3024	0	0	0	0	1781014038891
2983	2916	2593	2995	0	0	0	0	1781014039886
3003	2859	2584	3017	0	0	0	0	1781014040891
2941	2965	2534	3078	0	0	0	0	1781014041887
2874	2873	2553	2975	0	0	0	0	1781014042891
2995	2860	2579	3038	0	0	0	0	1781014043900
2910	2881	2626	3088	0	0	0	0	1781014044888
2938	2874	2542	3050	0	0	0	0	1781014045885
2971	2942	2579	3096	0	0	0	0	1781014046889
2952	2965	2523	3111	0	0	0	0	1781014047891
2950	2897	2554	2985	0	0	0	0	1781014048891
2926	2942	2544	3086	0	0	0	0	1781014049886
2868	2930	2536	3101	0	0	0	0	1781014050892
2886	2898	2572	3008	0	0	0	0	1781014051890
2870	2847	2547	3036	0	0	0	0	1781014052889
2970	2915	2578	3032	0	0	0	0	1781014053894
2885	2900	2627	3095	0	0	0	0	1781014054890
3002	2848	2525	3076	0	0	0	0	1781014055887
2906	2972	2591	3114	0	0	0	0	1781014056887
2891	2899	2598	3092	0	0	0	0	1781014057887
2928	2883	2576	3094	0	0	0	0	1781014058892
2898	2950	2544	2997	0	0	0	0	1781014059900
2970	2939	2561	3048	0	0	0	0	1781014060886
2982	2862	2521	3083	0	0	0	0	1781014061914
2978	2977	2609	3028	0	0	0	0	1781014062891
2938	2937	2528	3056	0	0	0	0	1781014063891
2908	2889	2527	3003	0	0	0	0	1781014064886
2904	2940	2604	3027	0	0	0	0	1781014065894
2973	2929	2543	3054	0	0	0	0	1781014068188
2915	2904	2537	3106	0	0	0	0	1781014069199
2895	2969	2607	3004	0	0	0	0	1781014070198
2935	2985	2598	3084	0	0	0	0	1781014071204
2944	2932	2514	2996	0	0	0	0	1781014072203
2881	2920	2510	3059	0	0	0	0	1781014073199
2941	2950	2591	2993	0	0	0	0	1781014074201
2922	2973	2554	3108	0	0	0	0	1781014075209
2918	2953	2545	3052	0	0	0	0	1781014076199
2910	2918	2519	2982	0	0	0	0	1781014077206
2975	2956	2631	2997	0	0	0	0	1781014078201
2966	2938	2602	3083	0	0	0	0	1781014079205
2895	2913	2548	3015	0	0	0	0	1781014080200
2947	2931	2603	3022	0	0	0	0	1781014081204
2903	2898	2550	3015	0	0	0	0	1781014082203
2998	2893	2560	3034	0	0	0	0	1781014083199
2974	2951	2532	3045	0	0	0	0	1781014084203
2977	2886	2610	3058	0	0	0	0	1781014085199
2920	2892	2564	3063	0	0	0	0	1781014086203
2878	2930	2570	3023	0	0	0	0	1781014087205
2877	2935	2567	3012	0	0	0	0	1781014088200
2876	2982	2526	3105	0	0	0	0	1781014089200
2929	2902	2606	3002	0	0	0	0	1781014090202
2992	2936	2621	3026	0	0	0	0	1781014091208
2917	2882	2600	3112	0	0	0	0	1781014092199
2932	2870	2571	3105	0	0	0	0	1781014093204
2880	2911	2590	3001	0	0	0	0	1781014094202
2999	2903	2555	3076	0	0	0	0	1781014095201
3009	2911	2516	3007	0	0	0	0	1781014096203
2891	2895	2545	3043	0	0	0	0	1781014097205
2900	2884	2572	2978	0	0	0	0	1781014098203
2961	2930	2572	3027	0	0	0	0	1781014099206
3005	2854	2584	3066	0	0	0	0	1781014100198
2973	2878	2585	3088	0	0	0	0	1781014101203
2918	2903	2507	2972	0	0	0	0	1781014102199
2993	2965	2601	2987	0	0	0	0	1781014103205
2870	2893	2579	3054	0	0	0	0	1781014104203
2879	2864	2564	2973	0	0	0	0	1781014105205
2875	2952	2582	3030	0	0	0	0	1781014106219
2894	2941	2510	3026	0	0	0	0	1781014107215
2997	2907	2533	3051	0	0	0	0	1781014108219
2965	2938	2509	2991	0	0	0	0	1781014109215
2883	2906	2595	3047	0	0	0	0	1781014110219
2885	2888	2589	3020	0	0	0	0	1781014111227
2890	2869	2603	2970	0	0	0	0	1781014112214
2967	2934	2625	2991	0	0	0	0	1781014113218
2986	2892	2566	3098	0	0	0	0	1781014114214
2873	2985	2527	3091	0	0	0	0	1781014115218
2993	2906	2521	2974	0	0	0	0	1781014116219
2988	2855	2569	3109	0	0	0	0	1781014117224
2966	2958	2623	3067	0	0	0	0	1781014118220
2918	2894	2554	3043	0	0	0	0	1781014119220
2983	2904	2620	3110	0	0	0	0	1781014120219
2882	2877	2621	2972	0	0	0	0	1781014121219
3010	2926	2543	2979	0	0	0	0	1781014122215
2891	2918	2567	3097	0	0	0	0	1781014123216
2922	2861	2589	3043	0	0	0	0	1781014124214
2891	2911	2578	3047	0	0	0	0	1781014125227
2919	2853	2613	2992	0	0	0	0	1781014126219
2898	2903	2511	2970	0	0	0	0	1781014127216
2969	2847	2555	3059	0	0	0	0	1781014128219
2900	2920	2549	3076	0	0	0	0	1781014129222
2961	2847	2536	3065	0	0	0	0	1781014130218
2894	2904	2568	3028	0	0	0	0	1781014131221
2909	2893	2550	2995	0	0	0	0	1781014132235
2922	2952	2590	3076	0	0	0	0	1781014133230
2917	2920	2609	3109	0	0	0	0	1781014134235
2887	2967	2591	3092	0	0	0	0	1781014135230
2930	2982	2590	3092	0	0	0	0	1781014136235
2919	2884	2525	3068	0	0	0	0	1781014137229
2909	2881	2520	3007	0	0	0	0	1781014138235
2900	2914	2609	2974	0	0	0	0	1781014139230
2909	2946	2559	3014	0	0	0	0	1781014140235
2936	2914	2550	3073	0	0	0	0	1781014141231
2880	2855	2568	2970	0	0	0	0	1781014142236
2983	2871	2512	3091	0	0	0	0	1781014143235
2999	2954	2624	3035	0	0	0	0	1781014144230
2930	2891	2571	3112	0	0	0	0	1781014145235
2893	2969	2545	3026	0	0	0	0	1781014146232
2981	2905	2617	3012	0	0	0	0	1781014147231
2988	2903	2528	3019	0	0	0	0	1781014148235
3003	2899	2522	3049	0	0	0	0	1781014149232
2989	2885	2526	3048	0	0	0	0	1781014150235
2989	2955	2540	3023	0	0	0	0	1781014151240
2936	2875	2560	3076	0	0	0	0	1781014152232
2981	2911	2525	3067	0	0	0	0	1781014153239
2966	2851	2557	3018	0	0	0	0	1781014154233
2897	2925	2517	3001	0	0	0	0	1781014155234
3006	2854	2583	2991	0	0	0	0	1781014156235
2899	2883	2546	3005	0	0	0	0	1781014157236
2885	2891	2572	3047	0	0	0	0	1781014158230
2987	2977	2507	3053	0	0	0	0	1781014159234
2920	2965	2555	2993	0	0	0	0	1781014160230
2906	2897	2630	3074	0	0	0	0	1781014161231
2887	2900	2577	2998	0	0	0	0	1781014162243
2988	2869	2584	3083	0	0	0	0	1781014163230
2893	2865	2518	3094	0	0	0	0	1781014164236
2987	2974	2535	3105	0	0	0	0	1781014165231
2914	2859	2570	3030	0	0	0	0	1781014166235
2946	2964	2544	2977	0	0	0	0	1781014167243
2880	2950	2590	3035	0	0	0	0	1781014168237
2939	2930	2609	3084	0	0	0	0	1781014169243
2900	2894	2560	2986	0	0	0	0	1781014170229
2920	2897	2609	3002	0	0	0	0	1781014171236
2960	2964	2558	3046	0	0	0	0	1781014172230
2885	2979	2625	3028	0	0	0	0	1781014173237
2968	2853	2618	2974	0	0	0	0	1781014174229
2976	2967	2579	3110	0	0	0	0	1781014175238
2958	2846	2563	3016	0	0	0	0	1781014176239
2921	2972	2533	3098	0	0	0	0	1781014177234
2890	2970	2626	3007	0	0	0	0	1781014178235
2894	2945	2624	3027	0	0	0	0	1781014179237
3001	2939	2592	3018	0	0	0	0	1781014180229
2981	2976	2611	3035	0	0	0	0	1781014181239
2992	2973	2553	3095	0	0	0	0	1781014182245
2909	2909	2591	3077	0	0	0	0	1781014183246
2944	2919	2589	3104	0	0	0	0	1781014184247
2949	2968	2614	2983	0	0	0	0	1781014185246
2921	2978	2574	3085	0	0	0	0	1781014186251
2967	2861	2605	3026	0	0	0	0	1781014187253
2884	2966	2623	3060	0	0	0	0	1781014188245
2877	2920	2603	3017	0	0	0	0	1781014189249
2921	2971	2587	3080	0	0	0	0	1781014190248
2980	2919	2536	3081	0	0	0	0	1781014191253
2906	2941	2519	3027	0	0	0	0	1781014192245
2990	2850	2558	3012	0	0	0	0	1781014193248
2966	2885	2513	3071	0	0	0	0	1781014194257
2981	2872	2612	2974	0	0	0	0	1781014195244
2997	2947	2618	3109	0	0	0	0	1781014196245
2986	2863	2509	3063	0	0	0	0	1781014197253
2993	2880	2547	3061	0	0	0	0	1781014198244
2885	2895	2575	3107	0	0	0	0	1781014199248
2884	2867	2619	2988	0	0	0	0	1781014200246
2881	2962	2547	3029	0	0	0	0	1781014201254
2953	2907	2629	3114	0	0	0	0	1781014202247
2975	2938	2610	3043	0	0	0	0	1781014203252
2929	2889	2551	3044	0	0	0	0	1781014204245
2917	2942	2574	2980	0	0	0	0	1781014205256
2964	2956	2510	3027	0	0	0	0	1781014206245
2905	2863	2549	3099	0	0	0	0	1781014207253
2971	2865	2568	3047	0	0	0	0	1781014208251
2900	2850	2511	3073	0	0	0	0	1781014209253
2939	2909	2608	2982	0	0	0	0	1781014210245
2920	2866	2595	2979	0	0	0	0	1781014211245
2952	2908	2524	2986	0	0	0	0	1781014212248
2964	2861	2534	3041	0	0	0	0	1781014213247
2933	2887	2630	3058	0	0	0	0	1781014214251
3006	2978	2611	3076	0	0	0	0	1781014215259
2925	2930	2588	3029	0	0	0	0	1781014216246
2869	2864	2621	3113	0	0	0	0	1781014217245
2877	2969	2626	3006	0	0	0	0	1781014218246
2880	2875	2575	3015	0	0	0	0	1781014219245
2903	2916	2607	3026	0	0	0	0	1781014220251
2885	2907	2605	3029	0	0	0	0	1781014221247
3010	2861	2603	3117	0	0	0	0	1781014222254
2901	2986	2552	3074	0	0	0	0	1781014223245
2968	2921	2526	2970	0	0	0	0	1781014224244
2950	2914	2546	2988	0	0	0	0	1781014225253
2873	2925	2627	3078	0	0	0	0	1781014226246
2872	2883	2608	3022	0	0	0	0	1781014227247
2979	2893	2534	3025	0	0	0	0	1781014228245
2981	2930	2533	3045	0	0	0	0	1781014229252
2991	2964	2607	3053	0	0	0	0	1781014230257
2869	2872	2535	3003	0	0	0	0	1781014231246
2904	2945	2575	3053	0	0	0	0	1781014232248
2969	2896	2556	3027	0	0	0	0	1781014233253
2883	2969	2615	3063	0	0	0	0	1781014234246
2925	2899	2586	3062	0	0	0	0	1781014235244
3000	2967	2581	2990	0	0	0	0	1781014236246
2991	2905	2630	3085	0	0	0	0	1781014237253
2971	2896	2542	3101	0	0	0	0	1781014238245
2895	2925	2610	3080	0	0	0	0	1781014239253
2938	2973	2555	2995	0	0	0	0	1781014240244
2950	2903	2576	3073	0	0	0	0	1781014241255
2877	2911	2543	2977	0	0	0	0	1781014242260
2917	2890	2556	2979	0	0	0	0	1781014243250
3005	2846	2596	2994	0	0	0	0	1781014244251
2935	2866	2524	3076	0	0	0	0	1781014245250
2937	2925	2558	3086	0	0	0	0	1781014246251
2872	2850	2536	3072	0	0	0	0	1781014247246
2902	2979	2507	3015	0	0	0	0	1781014248253
2988	2977	2618	3019	0	0	0	0	1781014249246
2937	2875	2513	3103	0	0	0	0	1781014250247
2923	2869	2614	3110	0	0	0	0	1781014251253
3005	2982	2612	2993	0	0	0	0	1781014252258
2907	2868	2519	3051	0	0	0	0	1781014253252
2967	2933	2544	3012	0	0	0	0	1781014254258
2893	2974	2548	2996	0	0	0	0	1781014255253
3005	2865	2615	3102	0	0	0	0	1781014256251
2869	2865	2560	3096	0	0	0	0	1781014257251
2873	2893	2574	3018	0	0	0	0	1781014258245
2950	2875	2582	3039	0	0	0	0	1781014259255
2879	2947	2557	3034	0	0	0	0	1781014260246
2912	2915	2535	3001	0	0	0	0	1781014261253
2910	2916	2534	3094	0	0	0	0	1781014262248
2900	2943	2539	2979	0	0	0	0	1781014263253
2940	2935	2534	3007	0	0	0	0	1781014264246
2981	2902	2510	3085	0	0	0	0	1781014265251
3000	2886	2603	3101	0	0	0	0	1781014266244
2934	2970	2511	3077	0	0	0	0	1781014267253
2949	2882	2580	3078	0	0	0	0	1781014268250
3006	2961	2544	3083	0	0	0	0	1781014269253
2869	2973	2515	3016	0	0	0	0	1781014270246
2966	2948	2522	3015	0	0	0	0	1781014271257
2923	2888	2565	3079	0	0	0	0	1781014272263
2968	2981	2624	3018	0	0	0	0	1781014273275
2970	2850	2587	3053	0	0	0	0	1781014274265
2907	2881	2589	3049	0	0	0	0	1781014275272
2937	2965	2616	3000	0	0	0	0	1781014276262
2954	2982	2583	3028	0	0	0	0	1781014277267
2965	2962	2617	2999	0	0	0	0	1781014278267
2918	2923	2609	3116	0	0	0	0	1781014279264
2937	2850	2620	3046	0	0	0	0	1781014280261
2939	2873	2605	3062	0	0	0	0	1781014281260
2896	2895	2535	3021	0	0	0	0	1781014282266
2934	2884	2606	3066	0	0	0	0	1781014283271
2904	2850	2535	3005	0	0	0	0	1781014284264
3004	2938	2558	3057	0	0	0	0	1781014285272
2918	2887	2566	3059	0	0	0	0	1781014286260
2978	2963	2623	3075	0	0	0	0	1781014287269
2937	2953	2561	3083	0	0	0	0	1781014288261
2974	2872	2583	2990	0	0	0	0	1781014289261
2948	2881	2548	2978	0	0	0	0	1781014290265
2950	2929	2597	3049	0	0	0	0	1781014291275
2883	2863	2603	3032	0	0	0	0	1781014292267
3005	2954	2534	3114	0	0	0	0	1781014293262
2975	2930	2627	3095	0	0	0	0	1781014294267
2977	2970	2563	3060	0	0	0	0	1781014295265
2891	2909	2539	3102	0	0	0	0	1781014296267
2897	2863	2518	3005	0	0	0	0	1781014297262
2958	2958	2591	3108	0	0	0	0	1781014298267
3003	2980	2628	2994	0	0	0	0	1781014299260
2921	2914	2590	3114	0	0	0	0	1781014300267
2923	2925	2513	3070	0	0	0	0	1781014301263
3005	2851	2604	3040	0	0	0	0	1781014302268
2999	2903	2526	3074	0	0	0	0	1781014303260
2945	2856	2550	3049	0	0	0	0	1781014304264
2938	2967	2618	3032	0	0	0	0	1781014305261
2894	2924	2540	3002	0	0	0	0	1781014306262
2870	2919	2544	3004	0	0	0	0	1781014307266
2933	2909	2609	3047	0	0	0	0	1781014308267
2962	2985	2549	2993	0	0	0	0	1781014309262
2996	2912	2609	3066	0	0	0	0	1781014310267
2879	2959	2572	2994	0	0	0	0	1781014311265
2907	2898	2593	3105	0	0	0	0	1781014312267
2969	2862	2585	3015	0	0	0	0	1781014313264
2943	2935	2581	3057	0	0	0	0	1781014314268
2954	2932	2527	3023	0	0	0	0	1781014315261
2970	2940	2544	3106	0	0	0	0	1781014316263
2951	2927	2618	2997	0	0	0	0	1781014317263
2964	2845	2596	3052	0	0	0	0	1781014318263
2892	2960	2520	2980	0	0	0	0	1781014319272
2928	2936	2528	3105	0	0	0	0	1781014320263
2896	2925	2616	3001	0	0	0	0	1781014321268
2915	2937	2564	3108	0	0	0	0	1781014322267
2872	2981	2556	3072	0	0	0	0	1781014323272
2912	2960	2607	2975	0	0	0	0	1781014324261
2913	2963	2619	3095	0	0	0	0	1781014325263
2901	2845	2525	3026	0	0	0	0	1781014326267
2980	2893	2598	3058	0	0	0	0	1781014327273
2984	2936	2594	3087	0	0	0	0	1781014328264
2903	2912	2546	3058	0	0	0	0	1781014329267
2879	2883	2538	3024	0	0	0	0	1781014330267
2868	2900	2534	3099	0	0	0	0	1781014331265
2877	2957	2528	3024	0	0	0	0	1781014332267
2968	2859	2556	2994	0	0	0	0	1781014333262
2953	2938	2573	2993	0	0	0	0	1781014334261
2993	2872	2562	2983	0	0	0	0	1781014335261
2925	2913	2622	3007	0	0	0	0	1781014336261
2921	2923	2525	3063	0	0	0	0	1781014337264
2935	2899	2577	3060	0	0	0	0	1781014338267
2870	2942	2554	3071	0	0	0	0	1781014339270
2913	2890	2525	3030	0	0	0	0	1781014340267
2921	2901	2531	3008	0	0	0	0	1781014341269
2890	2967	2564	3017	0	0	0	0	1781014342263
2919	2929	2631	3053	0	0	0	0	1781014343272
2898	2984	2592	3002	0	0	0	0	1781014344261
2976	2970	2629	3000	0	0	0	0	1781014345269
2995	2978	2612	3061	0	0	0	0	1781014346266
3006	2985	2600	2973	0	0	0	0	1781014347269
2918	2863	2554	2984	0	0	0	0	1781014348262
2997	2935	2519	3025	0	0	0	0	1781014349261
2966	2858	2540	3017	0	0	0	0	1781014350261
2901	2867	2586	3025	0	0	0	0	1781014351269
2897	2951	2577	3004	0	0	0	0	1781014352261
2883	2943	2624	2988	0	0	0	0	1781014353269
2919	2977	2563	3050	0	0	0	0	1781014354262
2883	2896	2540	3012	0	0	0	0	1781014355274
2884	2949	2590	2996	0	0	0	0	1781014356260
3007	2935	2525	2982	0	0	0	0	1781014357269
2936	2858	2564	3094	0	0	0	0	1781014358267
2910	2966	2581	2998	0	0	0	0	1781014359269
2954	2910	2525	3092	0	0	0	0	1781014360267
