3119	2743	1186	5474	0	0	0	0	1778618203242
3095	2776	1207	5451	0	0	0	0	1778618204739
3116	2795	1214	5406	0	0	0	0	1778618206167
3109	2914	1248	0	0	0	0	0	1778618207836
3112	2812	1232	5446	0	0	0	0	1778618208856
3102	2795	1219	5604	0	0	0	0	1778618209864
3093	2803	1215	5471	0	0	0	0	1778618210853
3156	2922	1241	5627	0	0	0	0	1778618211855
3176	2804	1216	5442	0	0	0	0	1778618212854
3207	2806	1235	5559	0	0	0	0	1778618213859
3202	2813	1261	5492	0	0	0	0	1778618214873
3151	2796	1223	5532	0	0	0	0	1778618215876
3184	2823	1269	5608	0	0	0	0	1778618216882
3160	2837	1216	5580	0	0	0	0	1778618217875
3146	2872	1235	5499	0	0	0	0	1778618218871
3169	2852	1261	5557	0	0	0	0	1778618219875
3141	2887	1271	5510	0	0	0	0	1778618220873
3070	2806	1263	5575	0	0	0	0	1778618221876
3144	2911	1264	5644	0	0	0	0	1778618222888
3203	2877	1254	5628	0	0	0	0	1778618223890
3207	2925	1240	5438	0	0	0	0	1778618224883
3199	2852	1224	5451	0	0	0	0	1778618225883
3080	2899	1247	5636	0	0	0	0	1778618226883
3113	2908	1238	5444	0	0	0	0	1778618227891
3158	2820	1260	5650	0	0	0	0	1778618228889
3076	2832	1238	5492	0	0	0	0	1778618229883
3214	2859	1231	5445	0	0	0	0	1778618230888
3121	2931	1223	5614	0	0	0	0	1778618231891
3158	2913	1233	5477	0	0	0	0	1778618232885
3128	2856	1271	5634	0	0	0	0	1778618233903
3070	2802	1255	5552	0	0	0	0	1778618234904
3217	2824	1244	5531	0	0	0	0	1778618235907
3070	2800	1271	5565	0	0	0	0	1778618236900
3186	2880	1255	5448	0	0	0	0	1778618239170
3085	2820	1229	5412	0	0	0	0	1778618240168
3121	2893	1264	5590	0	0	0	0	1778618241175
3179	2835	1260	5476	0	0	0	0	1778618242164
3116	2823	1221	5596	0	0	0	0	1778618243170
3072	2850	1247	5673	0	0	0	0	1778618244168
3172	2808	1263	5529	0	0	0	0	1778618245171
3115	2896	1216	5444	0	0	0	0	1778618246182
3187	2898	1247	5512	0	0	0	0	1778618247187
3203	2860	1256	5414	0	0	0	0	1778618248190
3189	2899	1238	5441	0	0	0	0	1778618249191
3196	2884	1269	5423	0	0	0	0	1778618250184
3151	2820	1245	5667	0	0	0	0	1778618251186
3109	2834	1250	5462	0	0	0	0	1778618252184
3182	2920	1262	5667	0	0	0	0	1778618253185
3087	2803	1267	5590	0	0	0	0	1778618254198
3170	2933	1214	5515	0	0	0	0	1778618255208
3141	2845	1222	5414	0	0	0	0	1778618256195
3083	2899	1261	5449	0	0	0	0	1778618257196
3149	2879	1227	5667	0	0	0	0	1778618258217
3148	2905	1249	5470	0	0	0	0	1778618259212
3166	2901	1233	5577	0	0	0	0	1778618260217
3069	2796	1258	5642	0	0	0	0	1778618261211
3098	2878	1263	5614	0	0	0	0	1778618262216
3203	2847	1247	5438	0	0	0	0	1778618263218
3144	2853	1248	5439	0	0	0	0	1778618264226
3172	2836	1232	5459	0	0	0	0	1778618265219
3146	2853	1252	5544	0	0	0	0	1778618266216
3073	2882	1263	5567	0	0	0	0	1778618267218
3191	2926	1272	5563	0	0	0	0	1778618268215
3139	2927	1224	5548	0	0	0	0	1778618269226
3070	2870	1229	5633	0	0	0	0	1778618270214
3099	2908	1216	5614	0	0	0	0	1778618271213
3166	2834	1262	5610	0	0	0	0	1778618272210
3114	2816	1249	5642	0	0	0	0	1778618273218
3102	2921	1238	5489	0	0	0	0	1778618274216
3070	2823	1216	5472	0	0	0	0	1778618275211
3144	2795	1231	5427	0	0	0	0	1778618276211
3114	2859	1249	5532	0	0	0	0	1778618277213
3220	2803	1217	5588	0	0	0	0	1778618278212
3181	2888	1235	5545	0	0	0	0	1778618279218
3176	2816	1236	5475	0	0	0	0	1778618280216
3076	2933	1242	5461	0	0	0	0	1778618281218
3074	2922	1266	5512	0	0	0	0	1778618282216
3106	2864	1255	5558	0	0	0	0	1778618283212
3154	2849	1242	5585	0	0	0	0	1778618284216
3073	2925	1228	5478	0	0	0	0	1778618285218
3165	2855	1239	5485	0	0	0	0	1778618286216
3213	2795	1273	5646	0	0	0	0	1778618287219
3129	2798	1221	5409	0	0	0	0	1778618288223
3126	2857	1220	5515	0	0	0	0	1778618289216
3108	2916	1271	5665	0	0	0	0	1778618290216
3202	2915	1222	5572	0	0	0	0	1778618291216
3130	2814	1268	5488	0	0	0	0	1778618292217
3172	2894	1240	5497	0	0	0	0	1778618293230
3097	2825	1259	5519	0	0	0	0	1778618294229
3215	2900	1246	5479	0	0	0	0	1778618295235
3097	2890	1215	5561	0	0	0	0	1778618296226
3152	2838	1215	5524	0	0	0	0	1778618297233
3161	2862	1263	5500	0	0	0	0	1778618298227
3095	2812	1227	5407	0	0	0	0	1778618299243
3178	2909	1226	5612	0	0	0	0	1778618300253
3185	2803	1268	5655	0	0	0	0	1778618301250
3070	2872	1260	5486	0	0	0	0	1778618302249
3105	2878	1222	5619	0	0	0	0	1778618303243
3189	2831	1232	5654	0	0	0	0	1778618304264
3172	2806	1231	5507	0	0	0	0	1778618305266
3202	2904	1268	5500	0	0	0	0	1778618306266
3113	2799	1227	5630	0	0	0	0	1778618307265
3211	2875	1232	5666	0	0	0	0	1778618308259
3093	2817	1237	5483	0	0	0	0	1778618309266
3124	2880	1256	5644	0	0	0	0	1778618310263
3211	2916	1216	5516	0	0	0	0	1778618311267
3148	2918	1257	5455	0	0	0	0	1778618312278
3075	2882	1255	5440	0	0	0	0	1778618313276
3165	2844	1259	5547	0	0	0	0	1778618314280
3149	2899	1246	5459	0	0	0	0	1778618315280
3154	2806	1258	5548	0	0	0	0	1778618316280
3130	2815	1247	5476	0	0	0	0	1778618317283
3109	2914	1269	5600	0	0	0	0	1778618318275
3195	2840	1270	5459	0	0	0	0	1778618319276
3162	2835	1234	5483	0	0	0	0	1778618320296
3162	2874	1273	5600	0	0	0	0	1778618321289
3175	2805	1252	5641	0	0	0	0	1778618322289
3150	2882	1272	5518	0	0	0	0	1778618323300
3204	2842	1272	5589	0	0	0	0	1778618324291
3073	2873	1254	5520	0	0	0	0	1778618325296
3069	2914	1224	5673	0	0	0	0	1778618326296
3108	2816	1250	5573	0	0	0	0	1778618327298
3177	2896	1238	5663	0	0	0	0	1778618328289
3147	2923	1259	5655	0	0	0	0	1778618329291
3116	2813	1259	5653	0	0	0	0	1778618330294
3189	2892	1257	5653	0	0	0	0	1778618331292
3085	2884	1217	5576	0	0	0	0	1778618332295
3133	2851	1269	5432	0	0	0	0	1778618333291
3108	2854	1236	5531	0	0	0	0	1778618334296
3202	2827	1245	5422	0	0	0	0	1778618335294
3206	2905	1247	5667	0	0	0	0	1778618336295
3176	2846	1222	5596	0	0	0	0	1778618337299
3112	2796	1216	5569	0	0	0	0	1778618338289
3215	2855	1272	5465	0	0	0	0	1778618339289
3171	2875	1231	5434	0	0	0	0	1778618340297
3116	2840	1237	5526	0	0	0	0	1778618341289
3147	2895	1271	5476	0	0	0	0	1778618342296
3220	2809	1215	5654	0	0	0	0	1778618343297
3146	2844	1247	5576	0	0	0	0	1778618344296
3195	2802	1245	5520	0	0	0	0	1778618345296
3204	2903	1226	5490	0	0	0	0	1778618346295
3072	2824	1250	5596	0	0	0	0	1778618347298
3164	2839	1220	5672	0	0	0	0	1778618348289
3182	2853	1263	5533	0	0	0	0	1778618349294
3112	2890	1251	5607	0	0	0	0	1778618350290
3086	2865	1219	5528	0	0	0	0	1778618351297
3164	2877	1263	5417	0	0	0	0	1778618352292
3201	2831	1250	5651	0	0	0	0	1778618353290
3187	2799	1258	5561	0	0	0	0	1778618354291
3143	2809	1251	5440	0	0	0	0	1778618355299
3109	2839	1241	5465	0	0	0	0	1778618356310
3214	2893	1261	5459	0	0	0	0	1778618357308
3153	2806	1217	5574	0	0	0	0	1778618358312
3107	2912	1215	5408	0	0	0	0	1778618359313
3107	2828	1255	5601	0	0	0	0	1778618360313
3164	2898	1239	5456	0	0	0	0	1778618361314
3203	2818	1233	5599	0	0	0	0	1778618362312
3174	2880	1231	5427	0	0	0	0	1778618363306
3116	2842	1250	5480	0	0	0	0	1778618364313
3145	2918	1255	5461	0	0	0	0	1778618365314
3099	2895	1269	5436	0	0	0	0	1778618366306
3205	2859	1225	5421	0	0	0	0	1778618367304
3143	2808	1226	5503	0	0	0	0	1778618368311
3212	2819	1234	5489	0	0	0	0	1778618369309
3178	2851	1252	5539	0	0	0	0	1778618370306
3167	2854	1246	5476	0	0	0	0	1778618371315
3079	2857	1214	5591	0	0	0	0	1778618372305
3142	2842	1271	5434	0	0	0	0	1778618373318
3201	2928	1247	5565	0	0	0	0	1778618374312
3206	2847	1238	5550	0	0	0	0	1778618375304
3097	2797	1246	5594	0	0	0	0	1778618376312
3087	2883	1217	5451	0	0	0	0	1778618377313
3128	2831	1226	5455	0	0	0	0	1778618378312
3175	2883	1215	5463	0	0	0	0	1778618379306
3109	2868	1243	5443	0	0	0	0	1778618380305
3188	2918	1235	5596	0	0	0	0	1778618381305
3087	2860	1267	5543	0	0	0	0	1778618382312
3188	2836	1266	5638	0	0	0	0	1778618383309
3137	2813	1221	5505	0	0	0	0	1778618384312
3198	2816	1232	5440	0	0	0	0	1778618385311
3082	2873	1238	5536	0	0	0	0	1778618386312
3175	2801	1220	5639	0	0	0	0	1778618387304
3204	2865	1223	5609	0	0	0	0	1778618388310
3145	2900	1273	5556	0	0	0	0	1778618389305
3162	2827	1232	5529	0	0	0	0	1778618390312
3206	2841	1269	5458	0	0	0	0	1778618391318
3218	2819	1252	5595	0	0	0	0	1778618392312
3188	2821	1245	5583	0	0	0	0	1778618393304
3184	2889	1219	5450	0	0	0	0	1778618394313
3172	2847	1243	5498	0	0	0	0	1778618395329
3172	2880	1243	5548	0	0	0	0	1778618396329
3179	2848	1239	5420	0	0	0	0	1778618397321
3081	2865	1215	5534	0	0	0	0	1778618398322
3086	2803	1246	5649	0	0	0	0	1778618399320
3180	2812	1235	5653	0	0	0	0	1778618400323
3109	2847	1234	5499	0	0	0	0	1778618401336
3160	2800	1242	5645	0	0	0	0	1778618402339
3170	2798	1217	5619	0	0	0	0	1778618403336
3139	2848	1223	5623	0	0	0	0	1778618404344
3126	2878	1222	5497	0	0	0	0	1778618405346
3175	2885	1228	5606	0	0	0	0	1778618406339
3138	2929	1243	5504	0	0	0	0	1778618407336
3078	2839	1242	5559	0	0	0	0	1778618408349
3167	2867	1249	5473	0	0	0	0	1778618409336
3106	2883	1227	5502	0	0	0	0	1778618410343
3123	2836	1217	5655	0	0	0	0	1778618411336
3195	2819	1238	5525	0	0	0	0	1778618412338
3130	2856	1245	5511	0	0	0	0	1778618413336
3074	2799	1263	5641	0	0	0	0	1778618414338
3139	2858	1238	5452	0	0	0	0	1778618415341
3187	2916	1216	5528	0	0	0	0	1778618416341
3137	2847	1240	5552	0	0	0	0	1778618417337
3078	2899	1218	5432	0	0	0	0	1778618418346
3192	2861	1269	5631	0	0	0	0	1778618419352
3109	2846	1250	5529	0	0	0	0	1778618420359
3129	2812	1250	5657	0	0	0	0	1778618421357
3136	2914	1236	5578	0	0	0	0	1778618422360
3122	2814	1264	5411	0	0	0	0	1778618423356
3158	2860	1271	5427	0	0	0	0	1778618424366
3174	2916	1236	5542	0	0	0	0	1778618425368
3098	2862	1270	5440	0	0	0	0	1778618426375
3153	2829	1247	5628	0	0	0	0	1778618427368
3153	2888	1237	5460	0	0	0	0	1778618428369
3216	2799	1231	5622	0	0	0	0	1778618429368
3096	2915	1254	5569	0	0	0	0	1778618430377
3119	2834	1264	5426	0	0	0	0	1778618431379
3217	2908	1237	5531	0	0	0	0	1778618432376
3182	2877	1236	5572	0	0	0	0	1778618433368
3099	2862	1236	5457	0	0	0	0	1778618434368
3142	2930	1216	5559	0	0	0	0	1778618435368
3074	2843	1252	5579	0	0	0	0	1778618436370
3104	2896	1245	5415	0	0	0	0	1778618437381
3134	2846	1258	5439	0	0	0	0	1778618438368
3164	2810	1252	5648	0	0	0	0	1778618439368
3091	2895	1231	5595	0	0	0	0	1778618440370
3164	2913	1242	5606	0	0	0	0	1778618441375
3202	2894	1229	5647	0	0	0	0	1778618442376
3219	2891	1272	5565	0	0	0	0	1778618443368
3116	2927	1271	5526	0	0	0	0	1778618444370
3143	2826	1244	5421	0	0	0	0	1778618445368
3139	2893	1216	5475	0	0	0	0	1778618446374
3088	2933	1218	5470	0	0	0	0	1778618447380
3186	2864	1245	5610	0	0	0	0	1778618448376
3129	2806	1224	5467	0	0	0	0	1778618449368
3191	2888	1251	5654	0	0	0	0	1778618450376
3189	2850	1227	5448	0	0	0	0	1778618451368
3157	2878	1257	5424	0	0	0	0	1778618452371
3096	2820	1272	5439	0	0	0	0	1778618453369
3090	2873	1228	5586	0	0	0	0	1778618454376
3079	2866	1267	5667	0	0	0	0	1778618455368
3106	2909	1230	5661	0	0	0	0	1778618456370
3107	2891	1223	5645	0	0	0	0	1778618457368
3164	2851	1250	5509	0	0	0	0	1778618458387
3113	2933	1253	5505	0	0	0	0	1778618459368
3113	2860	1220	5440	0	0	0	0	1778618460370
3087	2860	1260	5472	0	0	0	0	1778618461379
3209	2882	1234	5603	0	0	0	0	1778618462367
3122	2920	1235	5422	0	0	0	0	1778618463368
3154	2916	1236	5530	0	0	0	0	1778618464369
3209	2828	1259	5579	0	0	0	0	1778618465368
3186	2804	1220	5578	0	0	0	0	1778618466372
3206	2837	1261	5524	0	0	0	0	1778618467368
3140	2834	1230	5413	0	0	0	0	1778618468376
3161	2916	1218	5576	0	0	0	0	1778618469368
3118	2821	1270	5472	0	0	0	0	1778618470370
3204	2842	1222	5668	0	0	0	0	1778618471384
3215	2885	1245	5654	0	0	0	0	1778618472386
3136	2830	1216	5550	0	0	0	0	1778618473384
3178	2874	1223	5410	0	0	0	0	1778618474387
3099	2808	1232	5595	0	0	0	0	1778618475384
3132	2906	1260	5472	0	0	0	0	1778618476393
3186	2879	1252	5542	0	0	0	0	1778618477383
3143	2839	1231	5548	0	0	0	0	1778618478389
3158	2924	1216	5551	0	0	0	0	1778618479390
3188	2825	1226	5433	0	0	0	0	1778618480386
3155	2883	1266	5426	0	0	0	0	1778618481384
3180	2918	1269	5604	0	0	0	0	1778618482386
3109	2910	1230	5661	0	0	0	0	1778618483389
3121	2815	1242	5443	0	0	0	0	1778618484383
3109	2839	1223	5487	0	0	0	0	1778618485398
3114	2885	1254	5591	0	0	0	0	1778618486408
3099	2930	1236	5546	0	0	0	0	1778618487406
3088	2892	1255	5441	0	0	0	0	1778618488402
3095	2867	1228	5570	0	0	0	0	1778618489399
3142	2904	1272	5622	0	0	0	0	1778618490403
3149	2846	1215	5529	0	0	0	0	1778618491399
3077	2890	1248	5611	0	0	0	0	1778618492403
3208	2807	1271	5556	0	0	0	0	1778618493400
3153	2878	1223	5478	0	0	0	0	1778618494402
3092	2887	1244	5595	0	0	0	0	1778618495411
3196	2863	1271	5429	0	0	0	0	1778618496399
3198	2822	1247	5542	0	0	0	0	1778618497413
3182	2881	1245	5482	0	0	0	0	1778618498403
3078	2798	1231	5645	0	0	0	0	1778618499400
3187	2916	1258	5420	0	0	0	0	1778618500403
3125	2922	1235	5656	0	0	0	0	1778618501400
3193	2820	1246	5471	0	0	0	0	1778618502403
3152	2852	1230	5500	0	0	0	0	1778618503416
3197	2840	1228	5418	0	0	0	0	1778618504419
3093	2880	1235	5595	0	0	0	0	1778618505429
3072	2800	1239	5445	0	0	0	0	1778618506424
3219	2831	1269	5431	0	0	0	0	1778618507416
3116	2926	1247	5585	0	0	0	0	1778618508424
3113	2932	1229	5550	0	0	0	0	1778618509432
3204	2890	1246	5529	0	0	0	0	1778618510440
3192	2833	1262	5554	0	0	0	0	1778618511431
3120	2931	1268	5662	0	0	0	0	1778618512431
3072	2856	1256	5545	0	0	0	0	1778618513432
3110	2860	1248	5417	0	0	0	0	1778618514434
3129	2833	1234	5420	0	0	0	0	1778618515430
3155	2928	1236	5610	0	0	0	0	1778618516433
3072	2854	1259	5573	0	0	0	0	1778618517448
3122	2822	1237	5631	0	0	0	0	1778618518472
3101	2834	1246	5620	0	0	0	0	1778618519464
3185	2869	1256	5625	0	0	0	0	1778618520465
3149	2901	1262	5433	0	0	0	0	1778618521464
3199	2819	1258	5619	0	0	0	0	1778618522466
3103	2919	1219	5462	0	0	0	0	1778618523461
3125	2869	1241	5482	0	0	0	0	1778618524466
3129	2832	1230	5548	0	0	0	0	1778618525464
3149	2812	1257	5600	0	0	0	0	1778618526466
3176	2808	1237	5438	0	0	0	0	1778618527464
3092	2846	1272	5624	0	0	0	0	1778618528463
3108	2909	1236	5602	0	0	0	0	1778618529464
3127	2824	1218	5502	0	0	0	0	1778618530465
3161	2918	1217	5412	0	0	0	0	1778618531463
3139	2806	1262	5650	0	0	0	0	1778618532460
3134	2933	1242	5527	0	0	0	0	1778618533477
3118	2820	1231	5573	0	0	0	0	1778618534479
3105	2841	1222	5468	0	0	0	0	1778618535480
3090	2891	1272	5551	0	0	0	0	1778618536480
3195	2841	1215	5613	0	0	0	0	1778618537480
3104	2821	1224	5616	0	0	0	0	1778618538483
3091	2859	1243	5475	0	0	0	0	1778618539480
3146	2907	1227	5547	0	0	0	0	1778618540482
3189	2830	1246	5489	0	0	0	0	1778618541480
3183	2881	1231	5556	0	0	0	0	1778618542477
3134	2802	1238	5513	0	0	0	0	1778618543480
3134	2861	1231	5437	0	0	0	0	1778618544483
3117	2849	1223	5599	0	0	0	0	1778618545480
3176	2830	1256	5573	0	0	0	0	1778618546482
3191	2830	1264	5664	0	0	0	0	1778618547480
3211	2829	1227	5534	0	0	0	0	1778618548479
3147	2814	1256	5546	0	0	0	0	1778618549477
3103	2834	1228	5646	0	0	0	0	1778618550480
3131	2823	1261	5577	0	0	0	0	1778618551481
3143	2869	1231	5431	0	0	0	0	1778618552477
3071	2906	1232	5476	0	0	0	0	1778618553497
3121	2886	1261	5637	0	0	0	0	1778618554505
3126	2909	1219	5434	0	0	0	0	1778618555512
3157	2930	1247	5621	0	0	0	0	1778618556514
3087	2850	1262	5666	0	0	0	0	1778618557521
3108	2866	1260	5468	0	0	0	0	1778618558515
3141	2857	1231	5521	0	0	0	0	1778618559513
3073	2895	1226	5428	0	0	0	0	1778618560515
3100	2905	1222	5435	0	0	0	0	1778618561526
3087	2852	1269	5478	0	0	0	0	1778618562533
3119	2817	1237	5594	0	0	0	0	1778618563531
3204	2809	1223	5515	0	0	0	0	1778618564530
3143	2863	1257	5576	0	0	0	0	1778618565528
3215	2933	1225	5547	0	0	0	0	1778618566530
3185	2916	1231	5606	0	0	0	0	1778618567527
3100	2855	1245	5465	0	0	0	0	1778618568530
3195	2799	1273	5550	0	0	0	0	1778618569523
3136	2912	1266	5521	0	0	0	0	1778618570527
3168	2925	1214	5659	0	0	0	0	1778618571528
3072	2878	1239	5580	0	0	0	0	1778618572530
3090	2835	1265	5575	0	0	0	0	1778618573525
3120	2861	1252	5568	0	0	0	0	1778618574524
3133	2898	1227	5655	0	0	0	0	1778618575528
3158	2886	1240	5619	0	0	0	0	1778618576523
3121	2844	1232	5632	0	0	0	0	1778618577524
3137	2874	1253	5495	0	0	0	0	1778618578531
3140	2832	1214	5615	0	0	0	0	1778618579528
3189	2856	1271	5414	0	0	0	0	1778618580531
3138	2876	1250	5549	0	0	0	0	1778618581523
3173	2896	1273	5600	0	0	0	0	1778618582524
3108	2897	1237	5547	0	0	0	0	1778618583529
3167	2850	1226	5619	0	0	0	0	1778618584530
3126	2797	1256	5447	0	0	0	0	1778618585528
3075	2838	1258	5542	0	0	0	0	1778618586530
3161	2888	1232	5575	0	0	0	0	1778618587528
3073	2853	1254	5438	0	0	0	0	1778618588523
3091	2847	1215	5413	0	0	0	0	1778618589544
3072	2843	1232	5658	0	0	0	0	1778618590551
3160	2932	1250	5631	0	0	0	0	1778618591539
3140	2826	1233	5602	0	0	0	0	1778618592547
3105	2896	1241	5624	0	0	0	0	1778618593543
3128	2871	1252	5645	0	0	0	0	1778618594553
3128	2844	1238	5512	0	0	0	0	1778618595560
3101	2920	1266	5581	0	0	0	0	1778618596561
3162	2803	1242	5579	0	0	0	0	1778618597554
3090	2930	1256	5601	0	0	0	0	1778618598560
3211	2800	1258	5674	0	0	0	0	1778618599560
3127	2902	1263	5652	0	0	0	0	1778618600570
3128	2879	1263	5622	0	0	0	0	1778618601571
3105	2908	1245	5638	0	0	0	0	1778618602578
3089	2825	1214	5501	0	0	0	0	1778618603576
3151	2867	1221	5538	0	0	0	0	1778618604586
3078	2931	1237	5582	0	0	0	0	1778618605593
3107	2907	1219	5430	0	0	0	0	1778618606594
3133	2882	1252	5471	0	0	0	0	1778618607586
3116	2896	1265	5424	0	0	0	0	1778618608596
3218	2826	1249	5493	0	0	0	0	1778618609588
3185	2828	1247	5665	0	0	0	0	1778618610594
3097	2841	1221	5501	0	0	0	0	1778618611591
3090	2899	1236	5568	0	0	0	0	1778618612586
3207	2922	1245	5428	0	0	0	0	1778618613597
3194	2880	1235	5433	0	0	0	0	1778618614590
3207	2921	1242	5464	0	0	0	0	1778618615600
3159	2839	1223	5602	0	0	0	0	1778618616589
3194	2802	1249	5588	0	0	0	0	1778618617592
3153	2929	1247	5544	0	0	0	0	1778618618589
3204	2927	1215	5573	0	0	0	0	1778618619585
3080	2879	1251	5427	0	0	0	0	1778618620600
3099	2909	1230	5642	0	0	0	0	1778618621586
3079	2925	1261	5497	0	0	0	0	1778618622595
3179	2895	1250	5530	0	0	0	0	1778618623585
3092	2912	1228	5560	0	0	0	0	1778618624595
3105	2866	1237	5479	0	0	0	0	1778618625586
3112	2822	1221	5674	0	0	0	0	1778618626594
3104	2897	1244	5466	0	0	0	0	1778618627589
3090	2816	1249	5627	0	0	0	0	1778618628594
3123	2804	1215	5579	0	0	0	0	1778618629587
3115	2852	1264	5431	0	0	0	0	1778618630596
3178	2912	1273	5459	0	0	0	0	1778618631586
3198	2885	1246	5426	0	0	0	0	1778618632593
3104	2822	1250	5505	0	0	0	0	1778618633592
3206	2858	1265	5467	0	0	0	0	1778618634593
3157	2803	1243	5571	0	0	0	0	1778618635603
3130	2797	1272	5546	0	0	0	0	1778618636610
3138	2824	1242	5629	0	0	0	0	1778618637602
3158	2891	1250	5452	0	0	0	0	1778618638605
3182	2859	1263	5633	0	0	0	0	1778618639624
3189	2848	1243	5614	0	0	0	0	1778618640628
3112	2918	1220	5494	0	0	0	0	1778618641617
3209	2909	1222	5580	0	0	0	0	1778618642627
3187	2860	1233	5623	0	0	0	0	1778618643620
3172	2812	1214	5581	0	0	0	0	1778618644626
3132	2901	1269	5596	0	0	0	0	1778618645624
3080	2900	1225	5551	0	0	0	0	1778618646623
3193	2895	1240	5653	0	0	0	0	1778618647617
3144	2830	1268	5603	0	0	0	0	1778618648627
3182	2903	1222	5647	0	0	0	0	1778618649624
3216	2854	1265	5509	0	0	0	0	1778618650627
3199	2923	1242	5460	0	0	0	0	1778618651634
3203	2930	1216	5538	0	0	0	0	1778618652691
3118	2916	1249	5663	0	0	0	0	1778618653633
3197	2918	1227	5465	0	0	0	0	1778618654640
3192	2853	1247	5520	0	0	0	0	1778618655634
3083	2902	1261	5523	0	0	0	0	1778618656641
3111	2798	1238	5411	0	0	0	0	1778618657639
3129	2853	1218	5601	0	0	0	0	1778618658633
3197	2839	1270	5587	0	0	0	0	1778618659634
3170	2909	1214	5509	0	0	0	0	1778618660634
3212	2886	1242	5424	0	0	0	0	1778618661633
3203	2920	1242	5417	0	0	0	0	1778618662643
3081	2801	1233	5436	0	0	0	0	1778618663638
3087	2899	1250	5549	0	0	0	0	1778618664646
3106	2854	1254	5611	0	0	0	0	1778618665633
3197	2875	1249	5511	0	0	0	0	1778618666643
3161	2861	1273	5461	0	0	0	0	1778618667635
3162	2835	1259	5652	0	0	0	0	1778618668642
3099	2812	1239	5586	0	0	0	0	1778618669640
3187	2824	1271	5498	0	0	0	0	1778618670648
3172	2867	1214	5558	0	0	0	0	1778618671649
3099	2874	1214	5602	0	0	0	0	1778618672648
3193	2826	1231	5582	0	0	0	0	1778618673650
3147	2886	1214	5646	0	0	0	0	1778618674662
3073	2889	1215	5573	0	0	0	0	1778618675656
3156	2866	1269	5504	0	0	0	0	1778618676648
3075	2831	1266	5632	0	0	0	0	1778618677650
3201	2931	1237	5452	0	0	0	0	1778618678662
3089	2925	1246	5608	0	0	0	0	1778618679663
3076	2919	1231	5474	0	0	0	0	1778618680653
3123	2880	1249	5670	0	0	0	0	1778618681652
3177	2867	1237	5475	0	0	0	0	1778618682998
3168	2808	1219	5636	0	0	0	0	1778618683650
3216	2858	1266	5627	0	0	0	0	1778618684648
3080	2854	1241	5519	0	0	0	0	1778618685657
3158	2862	1234	5428	0	0	0	0	1778618686659
3197	2807	1257	5560	0	0	0	0	1778618687649
3218	2894	1243	5615	0	0	0	0	1778618688648
3079	2853	1248	5636	0	0	0	0	1778618689650
3220	2874	1237	5563	0	0	0	0	1778618690649
3097	2877	1222	5466	0	0	0	0	1778618691662
3116	2809	1215	5546	0	0	0	0	1778618692664
3208	2893	1229	5526	0	0	0	0	1778618693672
3214	2797	1216	5524	0	0	0	0	1778618694681
3146	2886	1267	5561	0	0	0	0	1778618695694
3151	2836	1247	5604	0	0	0	0	1778618696696
3091	2856	1235	5616	0	0	0	0	1778618697704
3094	2898	1243	5611	0	0	0	0	1778618698712
3150	2862	1252	5570	0	0	0	0	1778618699721
3201	2835	1232	5441	0	0	0	0	1778618700711
3096	2879	1242	5670	0	0	0	0	1778618701720
3105	2923	1264	5510	0	0	0	0	1778618702712
3151	2836	1251	5450	0	0	0	0	1778618703726
3102	2864	1235	5608	0	0	0	0	1778618704728
3139	2885	1235	5629	0	0	0	0	1778618705729
3165	2873	1215	5631	0	0	0	0	1778618706728
3209	2895	1249	5578	0	0	0	0	1778618707731
3095	2915	1253	5631	0	0	0	0	1778618708739
3146	2800	1256	5578	0	0	0	0	1778618709728
3139	2882	1238	5443	0	0	0	0	1778618710744
3195	2875	1218	5556	0	0	0	0	1778618711750
3108	2857	1218	5439	0	0	0	0	1778618712801
3103	2921	1237	5527	0	0	0	0	1778618713752
3128	2876	1221	5480	0	0	0	0	1778618714759
3207	2932	1264	5421	0	0	0	0	1778618715766
3172	2796	1269	5645	0	0	0	0	1778618716762
3147	2880	1218	5523	0	0	0	0	1778618717760
3183	2805	1214	5424	0	0	0	0	1778618718771
3110	2897	1228	5508	0	0	0	0	1778618719763
3218	2879	1238	5517	0	0	0	0	1778618720761
3145	2875	1235	5461	0	0	0	0	1778618721763
3119	2925	1253	5598	0	0	0	0	1778618722776
3080	2912	1219	5599	0	0	0	0	1778618723779
3106	2892	1233	5494	0	0	0	0	1778618724776
3095	2847	1250	5463	0	0	0	0	1778618725784
3216	2873	1247	5521	0	0	0	0	1778618726792
3215	2927	1269	5598	0	0	0	0	1778618727793
3138	2930	1233	5643	0	0	0	0	1778618728802
3195	2812	1265	5466	0	0	0	0	1778618729795
3140	2834	1246	5635	0	0	0	0	1778618730792
3170	2875	1264	5487	0	0	0	0	1778618731810
3120	2929	1237	5675	0	0	0	0	1778618732808
3114	2834	1270	5557	0	0	0	0	1778618733814
3080	2818	1222	5525	0	0	0	0	1778618734824
3190	2804	1269	5634	0	0	0	0	1778618735826
3073	2914	1216	5487	0	0	0	0	1778618736840
3110	2866	1253	5484	0	0	0	0	1778618737839
3178	2845	1217	5474	0	0	0	0	1778618738853
3082	2916	1216	5670	0	0	0	0	1778618739853
3068	2916	1221	5473	0	0	0	0	1778618740866
3200	2829	1267	5652	0	0	0	0	1778618741862
3087	2932	1236	5466	0	0	0	0	1778618742851
3124	2884	1231	5431	0	0	0	0	1778618743859
3165	2879	1219	5448	0	0	0	0	1778618744855
3130	2806	1249	5510	0	0	0	0	1778618745865
3210	2856	1262	5562	0	0	0	0	1778618746851
3161	2810	1239	5657	0	0	0	0	1778618747856
3099	2912	1257	5543	0	0	0	0	1778618748856
3123	2805	1253	5623	0	0	0	0	1778618749857
3158	2862	1262	5589	0	0	0	0	1778618750859
3108	2813	1252	5667	0	0	0	0	1778618751854
3109	2887	1225	5453	0	0	0	0	1778618752871
3112	2847	1270	5668	0	0	0	0	1778618753869
3198	2916	1265	5647	0	0	0	0	1778618754879
3090	2806	1224	5479	0	0	0	0	1778618755871
3220	2871	1257	5575	0	0	0	0	1778618756867
3160	2834	1263	5549	0	0	0	0	1778618757878
3121	2919	1259	5616	0	0	0	0	1778618758867
3156	2854	1264	5503	0	0	0	0	1778618759878
3075	2931	1256	5519	0	0	0	0	1778618760889
3095	2881	1252	5647	0	0	0	0	1778618761885
3070	2799	1226	5447	0	0	0	0	1778618762902
3088	2799	1257	5614	0	0	0	0	1778618763910
3125	2795	1256	5496	0	0	0	0	1778618764899
3083	2872	1215	5561	0	0	0	0	1778618765907
3077	2864	1242	5408	0	0	0	0	1778618766904
3132	2877	1215	5604	0	0	0	0	1778618767899
3193	2877	1214	5633	0	0	0	0	1778618768899
3191	2929	1235	5459	0	0	0	0	1778618769900
3098	2916	1256	5411	0	0	0	0	1778618770903
3171	2883	1268	5439	0	0	0	0	1778618771907
3102	2899	1223	5425	0	0	0	0	1778618772904
3170	2797	1243	5626	0	0	0	0	1778618773906
3112	2887	1266	5484	0	0	0	0	1778618774898
3178	2919	1241	5559	0	0	0	0	1778618775902
3123	2876	1272	5627	0	0	0	0	1778618776899
3186	2898	1247	5489	0	0	0	0	1778618777906
3208	2886	1217	5489	0	0	0	0	1778618778904
3126	2859	1254	5590	0	0	0	0	1778618779913
3074	2886	1234	5447	0	0	0	0	1778618780921
3144	2925	1252	5493	0	0	0	0	1778618781922
3148	2903	1252	5496	0	0	0	0	1778618782914
3185	2833	1217	5455	0	0	0	0	1778618783913
3151	2840	1254	5448	0	0	0	0	1778618784924
3118	2894	1255	5466	0	0	0	0	1778618785914
3192	2820	1251	5672	0	0	0	0	1778618786920
3149	2803	1263	5408	0	0	0	0	1778618787923
3206	2916	1273	5471	0	0	0	0	1778618788917
3082	2874	1222	5557	0	0	0	0	1778618789921
3122	2873	1244	5407	0	0	0	0	1778618790915
3195	2808	1269	5408	0	0	0	0	1778618791915
3220	2798	1244	5454	0	0	0	0	1778618792915
3080	2872	1253	5663	0	0	0	0	1778618793919
3078	2906	1251	5529	0	0	0	0	1778618794914
3207	2914	1247	5539	0	0	0	0	1778618795922
3141	2881	1224	5568	0	0	0	0	1778618796920
3190	2803	1225	5628	0	0	0	0	1778618797918
3084	2832	1254	5469	0	0	0	0	1778618798915
3126	2813	1235	5489	0	0	0	0	1778618799925
3106	2887	1225	5655	0	0	0	0	1778618800914
3085	2816	1263	5501	0	0	0	0	1778618801922
3117	2855	1272	5553	0	0	0	0	1778618802916
3090	2796	1241	5457	0	0	0	0	1778618803929
3071	2855	1238	5437	0	0	0	0	1778618804936
3217	2931	1264	5545	0	0	0	0	1778618805935
3099	2861	1254	5437	0	0	0	0	1778618806931
3200	2880	1272	5604	0	0	0	0	1778618807935
3085	2803	1255	5656	0	0	0	0	1778618808929
3204	2801	1250	5510	0	0	0	0	1778618809936
3164	2908	1264	5667	0	0	0	0	1778618810933
3124	2805	1231	5424	0	0	0	0	1778618811945
3151	2848	1232	5577	0	0	0	0	1778618812930
3193	2809	1220	5449	0	0	0	0	1778618813930
3195	2905	1227	5647	0	0	0	0	1778618814930
3107	2822	1267	5444	0	0	0	0	1778618815932
3217	2801	1244	5649	0	0	0	0	1778618816936
3145	2860	1261	5537	0	0	0	0	1778618817930
3139	2892	1253	5614	0	0	0	0	1778618818930
3201	2868	1223	5443	0	0	0	0	1778618819940
3115	2807	1270	5501	0	0	0	0	1778618820937
3148	2848	1265	5435	0	0	0	0	1778618821939
3132	2920	1239	5470	0	0	0	0	1778618822937
3174	2929	1238	5613	0	0	0	0	1778618823939
3115	2801	1237	5572	0	0	0	0	1778618824930
3107	2805	1242	5460	0	0	0	0	1778618825942
3075	2887	1228	5475	0	0	0	0	1778618826952
3140	2908	1258	5566	0	0	0	0	1778618827949
3171	2901	1240	5475	0	0	0	0	1778618828946
3215	2923	1243	5434	0	0	0	0	1778618829955
3193	2835	1252	5475	0	0	0	0	1778618830946
3142	2821	1223	5590	0	0	0	0	1778618831948
3146	2797	1214	5479	0	0	0	0	1778618833462
3209	2892	1235	5556	0	0	0	0	1778618833951
3124	2915	1241	5422	0	0	0	0	1778618834951
3192	2833	1264	5509	0	0	0	0	1778618835955
3080	2917	1262	5462	0	0	0	0	1778618836952
3171	2799	1238	5528	0	0	0	0	1778618837949
3115	2932	1259	5461	0	0	0	0	1778618838945
3135	2834	1272	5524	0	0	0	0	1778618839955
3207	2932	1214	5489	0	0	0	0	1778618840952
3191	2917	1269	5591	0	0	0	0	1778618841955
3143	2826	1268	5496	0	0	0	0	1778618842946
3099	2926	1228	5657	0	0	0	0	1778618843945
3204	2931	1248	5617	0	0	0	0	1778618844956
3075	2893	1254	5436	0	0	0	0	1778618845953
3083	2841	1239	5541	0	0	0	0	1778618846950
3177	2920	1231	5494	0	0	0	0	1778618847960
3181	2868	1251	5544	0	0	0	0	1778618848970
3176	2903	1240	5458	0	0	0	0	1778618849961
3158	2863	1273	5609	0	0	0	0	1778618850970
3089	2799	1248	5614	0	0	0	0	1778618851967
3129	2889	1229	5595	0	0	0	0	1778618852963
3163	2807	1234	5668	0	0	0	0	1778618853964
3190	2862	1242	5574	0	0	0	0	1778618854962
3089	2804	1248	5439	0	0	0	0	1778618855960
3119	2829	1223	5457	0	0	0	0	1778618856972
3159	2803	1232	5622	0	0	0	0	1778618857962
3129	2894	1271	5497	0	0	0	0	1778618858961
3213	2922	1254	5651	0	0	0	0	1778618859971
3166	2812	1242	5537	0	0	0	0	1778618860962
3140	2903	1231	5661	0	0	0	0	1778618861961
3138	2812	1218	5463	0	0	0	0	1778618864046
3124	2903	1257	5425	0	0	0	0	1778618864969
3188	2914	1251	5524	0	0	0	0	1778618865972
3085	2900	1217	5497	0	0	0	0	1778618866970
3184	2932	1215	5571	0	0	0	0	1778618867965
3088	2821	1231	5531	0	0	0	0	1778618868963
3156	2903	1267	5625	0	0	0	0	1778618869970
3116	2872	1221	5617	0	0	0	0	1778618870963
3074	2833	1248	5594	0	0	0	0	1778618871963
3156	2821	1264	5449	0	0	0	0	1778618872963
3108	2875	1243	5518	0	0	0	0	1778618873962
3106	2914	1214	5434	0	0	0	0	1778618874960
3185	2826	1266	5480	0	0	0	0	1778618875969
3174	2912	1271	5511	0	0	0	0	1778618876961
3160	2851	1268	5420	0	0	0	0	1778618877965
3077	2810	1228	5497	0	0	0	0	1778618878974
3108	2862	1220	5486	0	0	0	0	1778618879972
3083	2917	1251	5564	0	0	0	0	1778618880971
3148	2857	1262	5452	0	0	0	0	1778618881964
3168	2870	1220	5643	0	0	0	0	1778618882968
3211	2885	1233	5598	0	0	0	0	1778618883971
3216	2906	1233	5414	0	0	0	0	1778618884963
3172	2840	1272	5532	0	0	0	0	1778618885961
3085	2806	1268	5490	0	0	0	0	1778618886962
3185	2847	1222	5586	0	0	0	0	1778618887971
3189	2815	1256	5557	0	0	0	0	1778618888967
3184	2841	1250	5527	0	0	0	0	1778618889970
3219	2850	1235	5555	0	0	0	0	1778618890961
3099	2865	1259	5459	0	0	0	0	1778618891970
3091	2819	1235	5558	0	0	0	0	1778618892961
3127	2921	1261	5436	0	0	0	0	1778618893970
3126	2799	1268	5519	0	0	0	0	1778618894968
3112	2810	1266	5571	0	0	0	0	1778618895970
3093	2922	1232	5467	0	0	0	0	1778618896963
3182	2881	1241	5546	0	0	0	0	1778618897970
3156	2822	1243	5440	0	0	0	0	1778618898962
3209	2917	1247	5524	0	0	0	0	1778618899970
3082	2866	1227	5578	0	0	0	0	1778618900968
3072	2806	1257	5508	0	0	0	0	1778618901971
3214	2924	1249	5489	0	0	0	0	1778618902969
3141	2853	1223	5604	0	0	0	0	1778618903961
3208	2805	1266	5509	0	0	0	0	1778618904968
3120	2831	1224	5427	0	0	0	0	1778618905961
3109	2850	1268	5425	0	0	0	0	1778618906968
3203	2884	1256	5461	0	0	0	0	1778618907964
3217	2902	1254	5485	0	0	0	0	1778618908963
3070	2877	1221	5477	0	0	0	0	1778618909971
3209	2896	1223	5580	0	0	0	0	1778618910961
3207	2805	1266	5422	0	0	0	0	1778618911967
3103	2889	1216	5586	0	0	0	0	1778618912962
3119	2834	1259	5669	0	0	0	0	1778618913970
3103	2883	1221	5497	0	0	0	0	1778618914963
3110	2895	1239	5445	0	0	0	0	1778618915974
3145	2810	1248	5612	0	0	0	0	1778618916968
3120	2894	1253	5632	0	0	0	0	1778618917960
3074	2795	1250	5657	0	0	0	0	1778618918964
3208	2852	1247	5444	0	0	0	0	1778618919967
3166	2825	1216	5653	0	0	0	0	1778618920970
3158	2829	1254	5538	0	0	0	0	1778618921967
3091	2930	1271	5573	0	0	0	0	1778618922962
3079	2811	1220	5499	0	0	0	0	1778618923971
3178	2843	1225	5513	0	0	0	0	1778618924968
3158	2906	1240	5468	0	0	0	0	1778618925970
3132	2801	1254	5519	0	0	0	0	1778618926961
3207	2840	1250	5468	0	0	0	0	1778618927964
3148	2880	1223	5575	0	0	0	0	1778618928971
3131	2866	1248	5497	0	0	0	0	1778618929971
3100	2921	1258	5430	0	0	0	0	1778618930968
3088	2809	1251	5662	0	0	0	0	1778618931971
3142	2865	1268	5486	0	0	0	0	1778618932962
3135	2830	1272	5432	0	0	0	0	1778618933961
3142	2872	1266	5557	0	0	0	0	1778618934962
3103	2828	1235	5529	0	0	0	0	1778618935965
3108	2928	1225	5466	0	0	0	0	1778618936967
3171	2865	1251	5436	0	0	0	0	1778618937963
3133	2846	1270	5610	0	0	0	0	1778618938975
3211	2834	1223	5673	0	0	0	0	1778618939961
3148	2900	1263	5609	0	0	0	0	1778618940968
3115	2864	1259	5472	0	0	0	0	1778618941971
3096	2855	1215	5458	0	0	0	0	1778618942967
3116	2854	1241	5583	0	0	0	0	1778618943972
3179	2904	1218	5617	0	0	0	0	1778618944962
3199	2896	1229	5434	0	0	0	0	1778618945961
3145	2926	1239	5408	0	0	0	0	1778618946963
3201	2803	1214	5459	0	0	0	0	1778618947961
3126	2929	1264	5526	0	0	0	0	1778618948968
3203	2840	1218	5553	0	0	0	0	1778618949965
3115	2932	1262	5575	0	0	0	0	1778618950962
3120	2887	1233	5556	0	0	0	0	1778618951962
3142	2836	1273	5663	0	0	0	0	1778618952973
3095	2924	1267	5442	0	0	0	0	1778618953970
3090	2924	1240	5524	0	0	0	0	1778618954961
3081	2881	1214	5555	0	0	0	0	1778618955960
3188	2857	1240	5550	0	0	0	0	1778618956962
3135	2798	1273	5585	0	0	0	0	1778618957961
3113	2826	1260	5507	0	0	0	0	1778618958961
3131	2841	1223	5559	0	0	0	0	1778618959969
3131	2918	1256	5537	0	0	0	0	1778618960965
3138	2862	1253	5428	0	0	0	0	1778618961966
3152	2800	1223	5413	0	0	0	0	1778618962963
3166	2933	1220	5409	0	0	0	0	1778618963961
3113	2888	1251	5409	0	0	0	0	1778618964975
3144	2860	1232	5620	0	0	0	0	1778618965971
3163	2804	1240	5569	0	0	0	0	1778618966968
3154	2908	1251	5407	0	0	0	0	1778618967970
3132	2915	1225	5450	0	0	0	0	1778618968971
3159	2796	1266	5671	0	0	0	0	1778618969964
3211	2852	1250	5663	0	0	0	0	1778618970962
3174	2863	1263	5516	0	0	0	0	1778618971977
3141	2870	1236	5572	0	0	0	0	1778618972989
3068	2805	1266	5625	0	0	0	0	1778618973983
3206	2812	1261	5518	0	0	0	0	1778618974977
3205	2913	1265	5640	0	0	0	0	1778618975989
3182	2860	1257	5419	0	0	0	0	1778618976978
3082	2859	1220	5511	0	0	0	0	1778618977976
3198	2879	1258	5615	0	0	0	0	1778618978979
3219	2860	1261	5507	0	0	0	0	1778618979990
3156	2850	1221	5459	0	0	0	0	1778618980984
3170	2911	1216	5443	0	0	0	0	1778618981978
3163	2820	1270	5656	0	0	0	0	1778618982995
3140	2823	1225	5590	0	0	0	0	1778618983992
3086	2850	1256	5641	0	0	0	0	1778618984994
3098	2843	1225	5633	0	0	0	0	1778618985992
3173	2816	1267	5550	0	0	0	0	1778618986994
3198	2913	1217	5667	0	0	0	0	1778618988004
3219	2863	1244	5626	0	0	0	0	1778618988995
3110	2831	1234	5568	0	0	0	0	1778618989993
3207	2858	1248	5430	0	0	0	0	1778618990996
3077	2926	1230	5614	0	0	0	0	1778618991992
3139	2827	1225	5458	0	0	0	0	1778618993003
3205	2826	1242	5633	0	0	0	0	1778618994008
3195	2824	1216	5532	0	0	0	0	1778618995010
3203	2847	1266	5417	0	0	0	0	1778618996024
3116	2870	1258	5550	0	0	0	0	1778618997025
3100	2822	1252	5556	0	0	0	0	1778618998024
3107	2877	1235	5497	0	0	0	0	1778618999033
3179	2929	1273	5546	0	0	0	0	1778619000029
3150	2869	1222	5419	0	0	0	0	1778619001025
3113	2893	1243	5640	0	0	0	0	1778619002024
3097	2850	1271	5532	0	0	0	0	1778619003028
3080	2874	1257	5568	0	0	0	0	1778619004040
3140	2816	1267	5578	0	0	0	0	1778619005045
3136	2833	1222	5424	0	0	0	0	1778619006044
3190	2888	1259	5634	0	0	0	0	1778619007055
3210	2891	1262	5457	0	0	0	0	1778619008054
3080	2864	1237	5662	0	0	0	0	1778619009080
3155	2893	1219	5655	0	0	0	0	1778619010072
3170	2831	1214	5600	0	0	0	0	1778619011075
3075	2868	1262	5429	0	0	0	0	1778619012072
3177	2919	1262	5640	0	0	0	0	1778619013071
3199	2927	1244	5597	0	0	0	0	1778619014085
3176	2927	1220	5478	0	0	0	0	1778619015074
3180	2879	1221	5511	0	0	0	0	1778619016071
3149	2833	1247	5523	0	0	0	0	1778619017070
3169	2892	1236	5621	0	0	0	0	1778619018086
3144	2832	1266	5597	0	0	0	0	1778619019096
3139	2917	1228	5429	0	0	0	0	1778619020087
3115	2863	1245	5674	0	0	0	0	1778619021087
3136	2859	1233	5539	0	0	0	0	1778619022087
3090	2845	1229	5430	0	0	0	0	1778619023091
3163	2902	1261	5670	0	0	0	0	1778619024086
3194	2821	1260	5663	0	0	0	0	1778619025090
3106	2823	1264	5525	0	0	0	0	1778619026088
3160	2839	1251	5535	0	0	0	0	1778619027097
3111	2840	1245	5649	0	0	0	0	1778619028096
3097	2845	1230	5501	0	0	0	0	1778619029091
3108	2812	1262	5561	0	0	0	0	1778619030087
3109	2798	1219	5457	0	0	0	0	1778619031096
3092	2867	1232	5639	0	0	0	0	1778619032087
3104	2933	1240	5503	0	0	0	0	1778619033096
3111	2872	1236	5640	0	0	0	0	1778619034088
3130	2898	1232	5627	0	0	0	0	1778619035100
3174	2812	1247	5523	0	0	0	0	1778619036104
3115	2913	1250	5413	0	0	0	0	1778619037101
3191	2800	1235	5458	0	0	0	0	1778619038120
3184	2930	1238	5652	0	0	0	0	1778619039129
3195	2900	1268	5515	0	0	0	0	1778619040136
3125	2881	1234	5569	0	0	0	0	1778619041136
3164	2850	1268	5645	0	0	0	0	1778619042150
3118	2837	1255	5406	0	0	0	0	1778619043161
3116	2908	1251	5558	0	0	0	0	1778619044168
3186	2896	1233	5559	0	0	0	0	1778619045170
3218	2915	1272	5527	0	0	0	0	1778619046176
3164	2891	1258	5624	0	0	0	0	1778619047170
3129	2823	1250	5530	0	0	0	0	1778619048168
3147	2926	1255	5633	0	0	0	0	1778619049171
3208	2852	1220	5530	0	0	0	0	1778619050165
3165	2889	1242	5611	0	0	0	0	1778619051179
3147	2868	1225	5593	0	0	0	0	1778619052184
3124	2926	1267	5482	0	0	0	0	1778619053181
3112	2911	1241	5623	0	0	0	0	1778619054195
3076	2807	1215	5625	0	0	0	0	1778619055201
3071	2810	1242	5494	0	0	0	0	1778619056216
3087	2828	1256	5474	0	0	0	0	1778619057211
3198	2913	1239	5596	0	0	0	0	1778619058216
3210	2899	1218	5565	0	0	0	0	1778619059213
3212	2851	1269	5605	0	0	0	0	1778619060214
3204	2885	1251	5489	0	0	0	0	1778619061223
3169	2859	1233	5490	0	0	0	0	1778619062211
3128	2933	1272	5666	0	0	0	0	1778619063224
3086	2906	1223	5530	0	0	0	0	1778619064214
3118	2829	1218	5464	0	0	0	0	1778619065213
3205	2865	1227	5624	0	0	0	0	1778619066217
3116	2803	1267	5528	0	0	0	0	1778619067215
3164	2856	1218	5493	0	0	0	0	1778619068211
3088	2918	1247	5649	0	0	0	0	1778619069211
3134	2839	1233	5408	0	0	0	0	1778619070212
3146	2818	1263	5446	0	0	0	0	1778619071229
