1626	1046	2010	2072	0	0	0	0	1775764955005
1645	1099	2008	1979	0	0	0	0	1775764956460
1637	1038	2023	1965	0	0	0	0	1775764957938
1627	1077	1901	0	0	0	0	0	1775764959273
1620	1046	1957	1929	0	0	0	0	1775764960591
1657	1077	0	1957	0	0	0	0	1775764961870
1628	1095	1972	1945	0	0	0	0	1775764963284
1630	0	1876	1935	0	0	0	0	1775764964595
1634	1042	0	0	0	0	0	0	1775764966029
1612	1086	1874	1929	0	0	0	0	1775764967400
1654	1073	1969	1904	0	0	0	0	1775764968665
1630	0	1982	1895	0	0	0	0	1775764970022
1626	1102	1884	0	0	0	0	0	1775764971449
1556	1013	0	1903	0	0	0	0	1775764972620
1599	1072	1876	1907	0	0	0	0	1775764973775
1621	1071	1935	1923	0	0	0	0	1775764974875
1624	1120	1959	1920	0	0	0	0	1775764975933
1634	1048	1974	1900	0	0	0	0	1775764977090
1632	1081	1983	1908	0	0	0	0	1775764978461
1611	1071	1879	1915	0	0	0	0	1775764979927
1637	1088	1929	1931	0	0	0	0	1775764981380
1632	1092	0	1973	0	0	0	0	1775764982618
1644	1048	1950	1803	0	0	0	0	1775764984042
1582	1070	1967	1840	0	0	0	0	1775764985485
1606	1071	1978	1879	0	0	0	0	1775764986710
1609	1098	1867	1909	0	0	0	0	1775764988054
1650	1120	1918	0	0	0	0	0	1775764989335
1617	1077	1945	1907	0	0	0	0	1775764990808
1612	1008	1974	1908	0	0	0	0	1775764992186
1629	1072	1845	1803	0	0	0	0	1775764993618
1614	0	1893	1898	0	0	0	0	1775764994850
1604	1089	1941	1922	0	0	0	0	1775764995943
1623	1061	1861	1928	0	0	0	0	1775764997047
1633	1069	1978	1833	0	0	0	0	1775764998186
1582	1016	1815	1866	0	0	0	0	1775764999272
1606	1082	1874	1942	0	0	0	0	1775765000781
1624	1094	1924	1942	0	0	0	0	1775765002136
1600	1086	1955	1920	0	0	0	0	1775765003504
1620	1017	1894	1937	0	0	0	0	1775765004781
1565	1058	1918	0	0	0	0	0	1775765006158
1602	1067	1920	1914	0	0	0	0	1775765007644
1625	1103	1939	1921	0	0	0	0	1775765009025
1605	1122	1951	1919	0	0	0	0	1775765010304
1632	1043	0	1927	0	0	0	0	1775765011585
1562	1031	1975	1928	0	0	0	0	1775765012948
1601	1064	1826	1920	0	0	0	0	1775765014356
1602	1111	1891	1923	0	0	0	0	1775765015681
1612	1038	1926	1923	0	0	0	0	1775765016960
1607	0	1954	1924	0	0	0	0	1775765018325
1625	1034	1971	1882	0	0	0	0	1775765019395
1611	1087	1854	1896	0	0	0	0	1775765020496
1591	1103	1962	1904	0	0	0	0	1775765021646
1630	1066	1820	1901	0	0	0	0	1775765022730
1570	1092	1886	1894	0	0	0	0	1775765024088
1574	1024	1911	1887	0	0	0	0	1775765025459
1604	1035	1864	1895	0	0	0	0	1775765026869
1581	1078	1956	0	0	0	0	0	1775765028326
1619	1095	1838	1967	0	0	0	0	1775765029534
1591	1115	1904	1860	0	0	0	0	1775765030836
1610	1058	1926	1882	0	0	0	0	1775765032116
1588	1063	1952	1886	0	0	0	0	1775765033550
1589	1098	1962	1891	0	0	0	0	1775765034982
1573	1106	0	1903	0	0	0	0	1775765036112
1600	1125	1808	1875	0	0	0	0	1775765037494
1614	1025	1894	1883	0	0	0	0	1775765038980
1580	1054	1832	1894	0	0	0	0	1775765040424
1601	0	1893	1900	0	0	0	0	1775765041694
1580	1089	1908	1950	0	0	0	0	1775765042866
1608	1111	1916	1893	0	0	0	0	1775765043949
1618	1089	1862	1873	0	0	0	0	1775765045037
1597	1058	1909	1886	0	0	0	0	1775765046251
1567	1071	1920	1880	0	0	0	0	1775765047425
1591	1091	1932	1887	0	0	0	0	1775765048828
1586	1111	1827	1890	0	0	0	0	1775765050139
1611	1120	1895	1852	0	0	0	0	1775765051490
1541	1117	0	1881	0	0	0	0	1775765052855
1574	1045	1876	0	0	0	0	0	1775765054238
1573	1078	1892	1887	0	0	0	0	1775765055643
1560	1095	1905	1887	0	0	0	0	1775765057003
1613	1027	0	1843	0	0	0	0	1775765058231
1570	1086	1940	0	0	0	0	0	1775765059534
1588	1066	1952	1877	0	0	0	0	1775765061026
1518	1067	1943	1887	0	0	0	0	1775765062225
1560	1099	1921	1889	0	0	0	0	1775765063606
1588	1089	1828	1900	0	0	0	0	1775765064896
1583	0	1890	1801	0	0	0	0	1775765066170
1588	1090	1929	1898	0	0	0	0	1775765067267
1559	1092	1918	1905	0	0	0	0	1775765068364
1586	1105	1784	1764	0	0	0	0	1775765069547
1585	1069	1852	1822	0	0	0	0	1775765070747
1620	1112	1891	1885	0	0	0	0	1775765072157
1553	1064	1913	1891	0	0	0	0	1775765073588
1588	1092	1792	0	0	0	0	0	1775765075100
1568	1046	1848	1893	0	0	0	0	1775765076251
1558	1090	1890	1855	0	0	0	0	1775765077615
1602	1098	1903	1871	0	0	0	0	1775765078896
1557	1068	1918	1860	0	0	0	0	1775765080279
1563	991	1912	1923	0	0	0	0	1775765081695
1557	1058	0	1750	0	0	0	0	1775765082907
1579	1080	1790	1807	0	0	0	0	1775765084068
1556	1095	1852	1838	0	0	0	0	1775765085532
1584	1126	1879	1852	0	0	0	0	1775765086851
1584	1051	1922	1877	0	0	0	0	1775765088161
1508	1079	1796	1886	0	0	0	0	1775765089513
1572	0	1836	1866	0	0	0	0	1775765090665
1552	1109	1885	1866	0	0	0	0	1775765091829
1598	1069	1916	1877	0	0	0	0	1775765092997
1558	1024	1836	1870	0	0	0	0	1775765094428
1562	1077	1856	1875	0	0	0	0	1775765095864
1578	1109	1878	1865	0	0	0	0	1775765097193
1575	1089	1909	0	0	0	0	0	1775765098421
1583	1124	1911	1866	0	0	0	0	1775765099597
1565	1030	1819	1862	0	0	0	0	1775765100877
1560	1069	1789	1868	0	0	0	0	1775765102313
1581	1088	1830	1863	0	0	0	0	1775765103794
1549	1117	1848	1853	0	0	0	0	1775765105085
1582	1051	0	1841	0	0	0	0	1775765106232
1570	1051	1892	1854	0	0	0	0	1775765107482
1567	1100	1898	1869	0	0	0	0	1775765108680
1581	1128	1784	1873	0	0	0	0	1775765110043
1544	1051	1885	1882	0	0	0	0	1775765111288
1566	1080	1779	1789	0	0	0	0	1775765112652
1565	0	1846	1817	0	0	0	0	1775765114118
1575	1025	1802	1833	0	0	0	0	1775765115294
1511	1078	1862	1852	0	0	0	0	1775765116408
1541	1091	1880	1866	0	0	0	0	1775765117618
1555	1111	1895	1833	0	0	0	0	1775765118956
1558	1068	1782	1839	0	0	0	0	1775765120385
1581	1108	1842	1717	0	0	0	0	1775765121803
1551	1067	1880	0	0	0	0	0	1775765123045
1570	1099	1894	1779	0	0	0	0	1775765124388
1523	1041	1792	1873	0	0	0	0	1775765125767
1558	1081	1818	1815	0	0	0	0	1775765127090
1573	1089	1805	1728	0	0	0	0	1775765128486
1552	1077	0	1780	0	0	0	0	1775765129653
1553	1082	1851	1825	0	0	0	0	1775765130705
1549	1098	1874	1831	0	0	0	0	1775765131881
1582	1044	1751	1812	0	0	0	0	1775765133298
1558	1085	1802	1835	0	0	0	0	1775765134733
1545	1082	1779	1843	0	0	0	0	1775765136228
1559	0	1882	1865	0	0	0	0	1775765137450
1548	1028	1777	1872	0	0	0	0	1775765138537
1585	1085	1828	1859	0	0	0	0	1775765139765
1538	1089	1749	1860	0	0	0	0	1775765141180
1536	1053	1819	1857	0	0	0	0	1775765142706
1561	1054	1853	1864	0	0	0	0	1775765144090
1557	1090	1860	0	0	0	0	0	1775765145275
1535	1056	1860	1810	0	0	0	0	1775765146357
1559	1080	1879	1815	0	0	0	0	1775765147706
1565	1081	1758	1832	0	0	0	0	1775765149138
1501	997	1864	1835	0	0	0	0	1775765150571
1561	1059	0	1846	0	0	0	0	1775765151949
1517	1086	1790	1808	0	0	0	0	1775765153100
1547	1092	1746	1798	0	0	0	0	1775765154177
1559	1120	1805	1809	0	0	0	0	1775765155407
1495	1024	1833	1814	0	0	0	0	1775765156705
1531	1081	1856	1835	0	0	0	0	1775765158092
1552	1096	1870	1819	0	0	0	0	1775765159430
1577	0	1721	1816	0	0	0	0	1775765160782
1522	1090	1789	1821	0	0	0	0	1775765162114
1531	1113	1826	0	0	0	0	0	1775765163573
1553	0	1849	1816	0	0	0	0	1775765164775
1514	1105	1861	1811	0	0	0	0	1775765166133
1560	1108	1700	0	0	0	0	0	1775765167438
1559	1089	1787	1817	0	0	0	0	1775765168566
1562	1104	1827	1818	0	0	0	0	1775765169690
1533	1089	1844	1819	0	0	0	0	1775765171052
1531	1091	1780	1822	0	0	0	0	1775765172479
1567	1131	1813	1802	0	0	0	0	1775765173838
1513	1061	1835	1808	0	0	0	0	1775765175118
1546	1016	0	1808	0	0	0	0	1775765176422
1538	1081	1881	1817	0	0	0	0	1775765177503
1527	1104	1741	1861	0	0	0	0	1775765178599
1564	1093	1780	1794	0	0	0	0	1775765179896
1533	1117	1817	1799	0	0	0	0	1775765181264
1546	1063	1839	1808	0	0	0	0	1775765182694
1537	1092	1852	1813	0	0	0	0	1775765184026
1550	0	1843	1818	0	0	0	0	1775765185335
1512	1110	1725	1821	0	0	0	0	1775765186535
1538	1119	1780	1789	0	0	0	0	1775765187925
1548	1042	1820	1806	0	0	0	0	1775765189144
1513	1045	1838	1814	0	0	0	0	1775765190631
1540	1052	1708	0	0	0	0	0	1775765192012
1524	1107	1763	1824	0	0	0	0	1775765193241
1539	1116	1794	1829	0	0	0	0	1775765194577
1553	1116	1815	1678	0	0	0	0	1775765195956
1489	1064	1833	1775	0	0	0	0	1775765197452
1523	1084	0	1792	0	0	0	0	1775765198668
1519	1113	1724	1714	0	0	0	0	1775765199753
1557	1131	1781	1747	0	0	0	0	1775765200840
1519	1087	1798	1771	0	0	0	0	1775765202008
1528	1096	1825	1802	0	0	0	0	1775765203174
1544	1092	1763	1813	0	0	0	0	1775765204657
1472	1103	1789	1808	0	0	0	0	1775765205995
1511	1113	1804	1809	0	0	0	0	1775765207236
1520	0	1832	1809	0	0	0	0	1775765208585
1537	1038	1813	1815	0	0	0	0	1775765209998
1536	1093	1733	1821	0	0	0	0	1775765211517
1522	1079	1767	1794	0	0	0	0	1775765212873
1534	1044	1789	0	0	0	0	0	1775765214143
1555	0	1813	1789	0	0	0	0	1775765215339
1512	1070	1822	1776	0	0	0	0	1775765216673
1521	1098	1839	1823	0	0	0	0	1775765218095
1535	1110	1714	1805	0	0	0	0	1775765219533
1498	1004	0	1728	0	0	0	0	1775765220890
1544	1060	1819	1747	0	0	0	0	1775765222015
1518	1072	1834	1755	0	0	0	0	1775765223145
1522	1074	1811	1820	0	0	0	0	1775765224227
1534	1076	1722	1782	0	0	0	0	1775765225448
1514	1099	1771	1665	0	0	0	0	1775765226879
1491	1074	1795	1701	0	0	0	0	1775765228172
1544	1110	1806	1729	0	0	0	0	1775765229524
1514	1062	1675	0	0	0	0	0	1775765230976
1533	1062	1748	1807	0	0	0	0	1775765232185
1498	1097	1780	1804	0	0	0	0	1775765233536
1525	1058	1798	1773	0	0	0	0	1775765234844
1538	1099	1687	1775	0	0	0	0	1775765236259
1523	0	1732	1767	0	0	0	0	1775765237631
1525	1062	1714	1835	0	0	0	0	1775765238713
1478	1059	1760	1680	0	0	0	0	1775765240199
1525	1098	1782	1721	0	0	0	0	1775765241504
1499	1110	1802	1794	0	0	0	0	1775765242861
1514	1135	1806	1794	0	0	0	0	1775765244081
1505	1062	0	1779	0	0	0	0	1775765245372
1519	1054	1719	1678	0	0	0	0	1775765246539
1507	1081	1821	1757	0	0	0	0	1775765247626
1521	1097	1675	1761	0	0	0	0	1775765248702
1532	1082	1736	1771	0	0	0	0	1775765249998
1507	1044	1753	1781	0	0	0	0	1775765251415
1506	1091	1707	1789	0	0	0	0	1775765252939
1524	1103	1802	1783	0	0	0	0	1775765254284
1517	1123	1710	0	0	0	0	0	1775765255455
1524	1083	1746	1761	0	0	0	0	1775765256865
1482	1108	1760	1731	0	0	0	0	1775765258281
1499	1066	1784	1683	0	0	0	0	1775765259600
1458	1086	1797	1735	0	0	0	0	1775765260937
1514	0	1663	1760	0	0	0	0	1775765262104
1476	1123	1725	1810	0	0	0	0	1775765263282
1493	1059	1669	1791	0	0	0	0	1775765264698
1509	1031	1734	1670	0	0	0	0	1775765266057
1442	1091	1761	1720	0	0	0	0	1775765267483
1477	1112	1668	1795	0	0	0	0	1775765268769
1493	1113	0	1773	0	0	0	0	1775765269919
1514	1132	1705	1644	0	0	0	0	1775765271072
1483	1016	1659	1698	0	0	0	0	1775765272167
1484	1068	1729	1787	0	0	0	0	1775765273470
1509	1088	1757	1770	0	0	0	0	1775765274808
1458	1116	1666	1752	0	0	0	0	1775765276110
1490	1032	1704	1743	0	0	0	0	1775765277496
1458	1045	1737	0	0	0	0	0	1775765278777
1491	1062	1823	1670	0	0	0	0	1775765280183
1486	1104	1647	1759	0	0	0	0	1775765281541
1489	1127	1713	1779	0	0	0	0	1775765282976
1526	1041	1740	1770	0	0	0	0	1775765284275
1484	0	1769	1636	0	0	0	0	1775765285425
1505	1056	1777	1695	0	0	0	0	1775765286632
1481	1061	1668	1784	0	0	0	0	1775765287964
1483	1100	1712	1765	0	0	0	0	1775765289377
1516	1112	1742	1758	0	0	0	0	1775765290728
1483	1036	1774	1636	0	0	0	0	1775765292013
1504	1048	0	1692	0	0	0	0	1775765293245
1477	1097	1788	1776	0	0	0	0	1775765294411
1501	1117	1668	1785	0	0	0	0	1775765295623
1471	1028	1724	1764	0	0	0	0	1775765296981
1495	1068	1742	1613	0	0	0	0	1775765298417
1503	1073	1747	1674	0	0	0	0	1775765299917
1479	1082	1772	0	0	0	0	0	1775765301075
1497	1110	1631	1755	0	0	0	0	1775765302350
1481	1085	1690	1753	0	0	0	0	1775765303739
1503	1102	1721	1749	0	0	0	0	1775765305139
1427	0	1746	1641	0	0	0	0	1775765306648
1463	1082	1621	1742	0	0	0	0	1775765307828
1472	1112	1682	1755	0	0	0	0	1775765308963
1501	1111	1741	1646	0	0	0	0	1775765310041
1511	1127	1757	1693	0	0	0	0	1775765311186
1480	1034	1774	1714	0	0	0	0	1775765312504
1491	1032	1636	1745	0	0	0	0	1775765313916
1476	1066	1702	1748	0	0	0	0	1775765315412
1515	1079	0	1749	0	0	0	0	1775765316734
1464	1106	1728	1735	0	0	0	0	1775765317791
1489	1076	1743	1752	0	0	0	0	1775765318954
1501	1078	1765	1805	0	0	0	0	1775765320374
1414	1091	1674	1649	0	0	0	0	1775765321822
1459	1113	1752	1687	0	0	0	0	1775765323236
1487	1042	1651	1710	0	0	0	0	1775765324385
1487	0	1703	1721	0	0	0	0	1775765325754
1498	1058	1733	1791	0	0	0	0	1775765327182
1420	1108	1683	1665	0	0	0	0	1775765328532
1457	1053	1774	0	0	0	0	0	1775765329900
1477	0	1627	1694	0	0	0	0	1775765331137
1490	1089	1686	1716	0	0	0	0	1775765332353
1504	1083	1713	1769	0	0	0	0	1775765333459
1420	1112	1741	1769	0	0	0	0	1775765334552
1460	1076	1773	1665	0	0	0	0	1775765335809
1476	1099	1639	1695	0	0	0	0	1775765337265
1474	1059	1694	1718	0	0	0	0	1775765338471
1488	1108	1630	1741	0	0	0	0	1775765339899
1465	1061	0	1729	0	0	0	0	1775765341186
1490	1099	1744	1620	0	0	0	0	1775765342343
1456	1056	1750	1665	0	0	0	0	1775765343565
1472	1085	1636	1763	0	0	0	0	1775765344997
1487	1088	1696	1755	0	0	0	0	1775765346430
1466	0	1643	1623	0	0	0	0	1775765347864
1466	1075	1684	1669	0	0	0	0	1775765349076
1462	1111	1728	1698	0	0	0	0	1775765350429
1492	1117	1647	1774	0	0	0	0	1775765351661
1477	1048	1696	1745	0	0	0	0	1775765353096
1480	1111	1637	0	0	0	0	0	1775765354447
1457	1069	1696	1745	0	0	0	0	1775765355608
1476	1051	1709	1739	0	0	0	0	1775765356756
1441	1090	1647	1741	0	0	0	0	1775765357903
1472	1095	1694	1750	0	0	0	0	1775765359263
1484	1061	1712	1756	0	0	0	0	1775765360767
1427	1084	1782	1733	0	0	0	0	1775765362200
1480	1096	0	1747	0	0	0	0	1775765363433
1450	1073	1645	1763	0	0	0	0	1775765364565
1474	1113	1700	1746	0	0	0	0	1775765365690
1486	1061	1727	1781	0	0	0	0	1775765367090
1412	1093	1744	1652	0	0	0	0	1775765368525
1446	1065	1751	1693	0	0	0	0	1775765369938
1472	1094	1609	0	0	0	0	0	1775765371238
1484	1119	1689	1761	0	0	0	0	1775765372423
1455	1080	1716	1752	0	0	0	0	1775765373772
1477	1092	1733	1731	0	0	0	0	1775765375204
1466	1095	1746	1737	0	0	0	0	1775765376491
1444	1109	1599	1618	0	0	0	0	1775765377849
1484	0	1656	1722	0	0	0	0	1775765379057
1459	1076	1707	1727	0	0	0	0	1775765380170
1479	1102	1735	1731	0	0	0	0	1775765381308
1442	1089	1716	1641	0	0	0	0	1775765382661
1451	1101	1586	1680	0	0	0	0	1775765384116
1485	1132	1651	1716	0	0	0	0	1775765385452
1452	1086	1698	1723	0	0	0	0	1775765386744
1486	1023	0	1733	0	0	0	0	1775765387902
1401	1025	1728	1725	0	0	0	0	1775765389335
1442	1077	1715	1729	0	0	0	0	1775765390717
1462	1117	1581	1742	0	0	0	0	1775765392055
1456	1086	1657	1734	0	0	0	0	1775765393332
1447	1029	1700	0	0	0	0	0	1775765394568
1448	1043	1733	1734	0	0	0	0	1775765395940
1463	1083	1589	1735	0	0	0	0	1775765397289
1451	1110	1646	1738	0	0	0	0	1775765398612
1471	1080	1683	1747	0	0	0	0	1775765399941
1464	0	1714	1738	0	0	0	0	1775765401297
1442	1098	1651	1730	0	0	0	0	1775765402426
1458	1065	1665	1704	0	0	0	0	1775765403469
1442	1085	1703	1771	0	0	0	0	1775765404697
1461	1102	1724	1741	0	0	0	0	1775765406059
1473	1120	1735	1721	0	0	0	0	1775765407357
1414	1066	1624	1625	0	0	0	0	1775765408657
1446	1073	1653	1710	0	0	0	0	1775765410003
1427	1106	0	1721	0	0	0	0	1775765411253
1473	1130	1672	1730	0	0	0	0	1775765412374
1440	1049	1711	1625	0	0	0	0	1775765413808
1451	1057	1731	1679	0	0	0	0	1775765415122
1470	1101	1607	1737	0	0	0	0	1775765416577
1425	1119	1595	0	0	0	0	0	1775765417889
1448	1042	1692	1638	0	0	0	0	1775765419134
1436	1080	1643	1660	0	0	0	0	1775765420468
1457	1066	1695	1695	0	0	0	0	1775765421984
1429	0	1605	1714	0	0	0	0	1775765423434
1454	1082	1647	1759	0	0	0	0	1775765424529
1429	1085	1663	1591	0	0	0	0	1775765425642
1447	1109	1707	1646	0	0	0	0	1775765426721
1460	1037	1730	1678	0	0	0	0	1775765427895
1400	1048	1585	1698	0	0	0	0	1775765429323
1430	1093	1625	1738	0	0	0	0	1775765430825
1428	1101	1662	1597	0	0	0	0	1775765432095
1456	1110	0	1650	0	0	0	0	1775765433325
1433	1091	1702	1685	0	0	0	0	1775765434545
1434	1085	1740	1692	0	0	0	0	1775765435776
1454	1090	1575	1671	0	0	0	0	1775765437264
1413	1091	1672	1697	0	0	0	0	1775765438694
1421	1112	1618	0	0	0	0	0	1775765440074
1444	1016	1676	1710	0	0	0	0	1775765441274
1452	1084	1703	1628	0	0	0	0	1775765442704
1401	1044	1608	1710	0	0	0	0	1775765444171
1423	1077	1692	1703	0	0	0	0	1775765445374
1438	1097	1611	1574	0	0	0	0	1775765446729
1449	0	1671	1619	0	0	0	0	1775765447873
1454	1037	1705	1657	0	0	0	0	1775765448981
1397	1061	1730	1725	0	0	0	0	1775765450064
1419	1072	1692	1716	0	0	0	0	1775765451202
1409	1047	1564	1694	0	0	0	0	1775765452646
1437	1093	1640	1715	0	0	0	0	1775765453864
1448	1067	1688	1734	0	0	0	0	1775765455247
1429	1107	1693	1695	0	0	0	0	1775765456591
1419	1038	0	1592	0	0	0	0	1775765457954
1419	1080	1676	1648	0	0	0	0	1775765459324
1437	1087	1578	1681	0	0	0	0	1775765460665
1450	1093	1642	1747	0	0	0	0	1775765461964
1433	0	1698	1706	0	0	0	0	1775765463384
1429	1083	1532	0	0	0	0	0	1775765464824
1433	1095	0	1594	0	0	0	0	1775765466165
1462	0	1591	1738	0	0	0	0	1775765467395
1408	1081	1649	1708	0	0	0	0	1775765468754
1429	1115	1675	0	0	0	0	0	1775765470243
1432	1064	1690	1701	0	0	0	0	1775765471368
1429	1105	1667	1584	0	0	0	0	1775765472439
1459	1087	1540	1671	0	0	0	0	1775765473512
1413	1114	1616	1709	0	0	0	0	1775765474686
1428	1114	1661	1751	0	0	0	0	1775765475815
1413	1061	1669	1698	0	0	0	0	1775765477309
1420	1083	1558	1558	0	0	0	0	1775765478680
1436	1102	1611	1618	0	0	0	0	1775765479989
1426	1116	0	1723	0	0	0	0	1775765481352
1434	1095	1696	0	0	0	0	0	1775765482631
1381	0	1705	1679	0	0	0	0	1775765483979
1411	1090	1664	0	0	0	0	0	1775765485455
1412	1041	0	1680	0	0	0	0	1775765486873
1451	1077	1666	0	0	0	0	0	1775765488060
1408	1066	1684	1707	0	0	0	0	1775765489593
1409	1089	1700	1700	0	0	0	0	1775765490933
1426	1075	1566	1574	0	0	0	0	1775765492230
1403	0	1533	1623	0	0	0	0	1775765493507
1429	1091	1588	1641	0	0	0	0	1775765494605
1405	1126	1624	1731	0	0	0	0	1775765495757
1428	1066	1673	1695	0	0	0	0	1775765496857
1406	1032	1583	1589	0	0	0	0	1775765497950
1406	1045	1549	1625	0	0	0	0	1775765499376
1429	1088	1612	1707	0	0	0	0	1775765500591
1398	1113	1652	1708	0	0	0	0	1775765501926
1424	1087	1591	1715	0	0	0	0	1775765503255
1390	1016	1627	0	0	0	0	0	1775765504687
1415	1067	1649	1709	0	0	0	0	1775765506104
1409	1084	0	1752	0	0	0	0	1775765507453
1401	1094	1662	1746	0	0	0	0	1775765508741
1406	1105	1678	0	0	0	0	0	1775765510116
1409	1063	1563	1563	0	0	0	0	1775765511548
1424	1066	1604	1609	0	0	0	0	1775765512833
1401	1101	1614	1691	0	0	0	0	1775765514171
1408	1125	1652	1703	0	0	0	0	1775765515605
1402	0	1678	1713	0	0	0	0	1775765516836
1410	1031	1595	1558	0	0	0	0	1775765517958
1431	1044	1628	1605	0	0	0	0	1775765519003
1398	1045	1640	1695	0	0	0	0	1775765520185
1417	1087	1648	1712	0	0	0	0	1775765521329
1396	1109	1663	1712	0	0	0	0	1775765522717
1425	1034	1682	1695	0	0	0	0	1775765524103
1433	1028	1569	1695	0	0	0	0	1775765525637
1402	1070	1656	0	0	0	0	0	1775765526828
1417	1094	0	1693	0	0	0	0	1775765528202
1396	1121	1662	1685	0	0	0	0	1775765529544
1418	1036	1511	0	0	0	0	0	1775765530833
1429	1049	1578	1687	0	0	0	0	1775765532290
1396	1069	0	1684	0	0	0	0	1775765533570
1414	1082	1610	1685	0	0	0	0	1775765534859
1403	1104	1654	1697	0	0	0	0	1775765536073
1439	1076	1558	1697	0	0	0	0	1775765537621
1391	1056	1596	1579	0	0	0	0	1775765538994
1418	0	1627	1668	0	0	0	0	1775765540177
1389	1087	1641	1648	0	0	0	0	1775765541306
1413	1108	1657	1677	0	0	0	0	1775765542437
1418	1116	1610	1681	0	0	0	0	1775765543496
1402	1089	1626	1564	0	0	0	0	1775765544726
1393	1058	1647	1670	0	0	0	0	1775765546017
1414	1093	1625	1672	0	0	0	0	1775765547448
1393	1025	1643	1679	0	0	0	0	1775765548787
1411	1073	1544	1682	0	0	0	0	1775765550113
1388	1051	1599	0	0	0	0	0	1775765551445
1412	1089	1623	1682	0	0	0	0	1775765552814
1345	1078	1620	1687	0	0	0	0	1775765554311
1383	1097	1534	1661	0	0	0	0	1775765555582
1392	1084	0	1647	0	0	0	0	1775765556962
1408	1079	1588	1672	0	0	0	0	1775765558200
1415	1056	1554	1674	0	0	0	0	1775765559678
1341	1065	1596	1677	0	0	0	0	1775765561067
1379	1100	1605	1658	0	0	0	0	1775765562259
1396	0	1525	1671	0	0	0	0	1775765563636
1404	1109	1584	1652	0	0	0	0	1775765564795
1410	1110	1622	1650	0	0	0	0	1775765565880
1388	1058	1638	1667	0	0	0	0	1775765567008
1414	1083	1632	1658	0	0	0	0	1775765568041
1373	1092	1510	1655	0	0	0	0	1775765569254
1401	1053	1573	1641	0	0	0	0	1775765570565
1410	1099	1612	1642	0	0	0	0	1775765571999
1355	1053	1611	1652	0	0	0	0	1775765573499
1394	1027	1619	0	0	0	0	0	1775765574691
1380	1075	1542	1663	0	0	0	0	1775765576065
1421	1089	0	1722	0	0	0	0	1775765577352
1384	0	1612	1676	0	0	0	0	1775765578721
1388	1093	1615	1668	0	0	0	0	1775765580155
1351	1071	0	0	0	0	0	0	1775765581566
1387	1061	1501	1668	0	0	0	0	1775765582874
1396	1105	1560	1650	0	0	0	0	1775765584225
1397	0	1599	1662	0	0	0	0	1775765585661
1401	1038	1616	0	0	0	0	0	1775765586887
1392	1075	1624	1565	0	0	0	0	1775765587968
1408	1061	1501	1592	0	0	0	0	1775765589126
1381	1086	1566	1669	0	0	0	0	1775765590300
1422	1126	1607	1663	0	0	0	0	1775765591377
1387	1046	1622	1545	0	0	0	0	1775765592726
1393	992	1523	1594	0	0	0	0	1775765594085
1405	1013	1562	1614	0	0	0	0	1775765595471
1386	1065	1593	1608	0	0	0	0	1775765596807
1419	1116	0	1628	0	0	0	0	1775765598178
1371	0	1581	1536	0	0	0	0	1775765599461
1377	1056	1510	1592	0	0	0	0	1775765600901
1400	1075	0	1604	0	0	0	0	1775765602325
1383	0	1557	1655	0	0	0	0	1775765603663
1420	1097	1598	1649	0	0	0	0	1775765604833
1390	1097	1627	1637	0	0	0	0	1775765606115
1383	1087	1598	1634	0	0	0	0	1775765607560
1400	1103	1484	1691	0	0	0	0	1775765608990
1382	1080	1534	1669	0	0	0	0	1775765610330
1382	1102	1583	0	0	0	0	0	1775765611497
1377	1122	1613	1524	0	0	0	0	1775765612668
1391	1028	1613	1575	0	0	0	0	1775765613805
1384	1042	1505	1607	0	0	0	0	1775765614904
1373	1075	1613	1617	0	0	0	0	1775765615993
1409	1098	1604	1622	0	0	0	0	1775765617480
1377	1078	1614	1619	0	0	0	0	1775765618843
1392	1095	1492	1518	0	0	0	0	1775765620143
1366	1044	0	1614	0	0	0	0	1775765621576
1385	1068	1547	1618	0	0	0	0	1775765622859
1360	1092	1577	1503	0	0	0	0	1775765624240
1385	1116	1597	1545	0	0	0	0	1775765625672
1394	1077	1488	0	0	0	0	0	1775765627069
1360	1041	0	1547	0	0	0	0	1775765628302
1381	1078	1536	1639	0	0	0	0	1775765629587
1351	1096	1621	1623	0	0	0	0	1775765630802
1370	1113	1516	1647	0	0	0	0	1775765632184
1388	1061	1558	1600	0	0	0	0	1775765633661
1364	0	1479	1606	0	0	0	0	1775765634973
1353	1066	1540	1630	0	0	0	0	1775765636037
1354	1088	1576	1626	0	0	0	0	1775765637123
1392	1114	1602	1612	0	0	0	0	1775765638373
1365	1096	1486	1621	0	0	0	0	1775765639598
1374	1054	1539	1609	0	0	0	0	1775765641013
1390	1063	1511	1678	0	0	0	0	1775765642447
1348	1069	0	1535	0	0	0	0	1775765643806
1368	1101	1606	1561	0	0	0	0	1775765644974
1375	1039	1501	1584	0	0	0	0	1775765646254
1396	1083	1546	1594	0	0	0	0	1775765647593
1357	1041	1504	1657	0	0	0	0	1775765649034
1387	1074	1544	0	0	0	0	0	1775765650383
1349	1046	1615	1513	0	0	0	0	1775765651544
1377	1088	1526	1559	0	0	0	0	1775765652768
1390	1111	1556	1603	0	0	0	0	1775765654208
1335	1056	1473	1621	0	0	0	0	1775765655499
1368	1087	1521	1628	0	0	0	0	1775765656904
1361	0	1568	1629	0	0	0	0	1775765658135
1398	1089	1590	1616	0	0	0	0	1775765659259
1365	1105	1590	1510	0	0	0	0	1775765660386
1370	1046	1507	1608	0	0	0	0	1775765661744
1385	1000	1599	1619	0	0	0	0	1775765663181
1381	1054	1521	1529	0	0	0	0	1775765664610
1358	1053	1555	1571	0	0	0	0	1775765665817
1384	1106	0	1600	0	0	0	0	1775765667110
1370	1048	1582	1655	0	0	0	0	1775765668373
1386	1020	1487	1523	0	0	0	0	1775765669767
1369	1081	1589	1565	0	0	0	0	1775765671138
1390	1073	1486	1599	0	0	0	0	1775765672434
1395	1113	1527	0	0	0	0	0	1775765673778
1395	1123	1559	1569	0	0	0	0	1775765674953
1329	1036	1588	1642	0	0	0	0	1775765676163
1355	1065	1562	1509	0	0	0	0	1775765677514
1381	1091	1589	1556	0	0	0	0	1775765678923
1353	1096	1484	1586	0	0	0	0	1775765680166
1384	0	1550	1597	0	0	0	0	1775765681614
1310	1003	1580	1618	0	0	0	0	1775765682710
1346	1052	1591	1622	0	0	0	0	1775765683841
1362	1062	1477	1622	0	0	0	0	1775765684962
1351	1081	1520	1616	0	0	0	0	1775765686304
1396	1078	1557	1627	0	0	0	0	1775765687574
1355	1099	1577	1620	0	0	0	0	1775765688956
1356	1034	1595	1639	0	0	0	0	1775765690372
1350	1046	0	1639	0	0	0	0	1775765691679
1367	1091	1473	1599	0	0	0	0	1775765693052
1379	1114	1526	1610	0	0	0	0	1775765694382
1344	1032	1583	0	0	0	0	0	1775765695696
1359	1045	1470	1617	0	0	0	0	1775765697130
1341	1073	0	1511	0	0	0	0	1775765698256
1360	1116	1515	1552	0	0	0	0	1775765699586
1356	1076	1551	1605	0	0	0	0	1775765700845
1368	1051	1561	1618	0	0	0	0	1775765702270
1375	1082	1488	1515	0	0	0	0	1775765703702
1341	0	1538	1564	0	0	0	0	1775765704987
1359	1090	1551	1589	0	0	0	0	1775765706106
1328	1099	1575	1630	0	0	0	0	1775765707194
1353	1110	1570	1630	0	0	0	0	1775765708384
1365	1058	1484	1488	0	0	0	0	1775765709494
1296	1070	1527	1546	0	0	0	0	1775765710977
1333	1086	1546	1633	0	0	0	0	1775765712311
1352	1063	1562	1552	0	0	0	0	1775765713691
1350	1089	0	1589	0	0	0	0	1775765715075
1355	1046	1561	1504	0	0	0	0	1775765716305
1343	1060	1448	1609	0	0	0	0	1775765717738
1364	1081	1467	1607	0	0	0	0	1775765719063
1337	1110	1568	1577	0	0	0	0	1775765720373
1363	1036	1446	0	0	0	0	0	1775765721698
1309	1061	1492	1488	0	0	0	0	1775765723010
1339	1033	1525	1529	0	0	0	0	1775765724443
1341	1080	1554	1561	0	0	0	0	1775765725794
1334	1090	1573	1617	0	0	0	0	1775765727023
1345	0	1582	1582	0	0	0	0	1775765728326
1339	1024	1421	1490	0	0	0	0	1775765729412
1361	1040	1498	1537	0	0	0	0	1775765730489
1341	1083	1532	1627	0	0	0	0	1775765731714
1363	1113	1566	1495	0	0	0	0	1775765733105
1332	1054	1434	1529	0	0	0	0	1775765734432
1355	1084	1485	1555	0	0	0	0	1775765735725
1364	1030	1471	1581	0	0	0	0	1775765737162
1338	1062	0	1593	0	0	0	0	1775765738320
1360	1075	1513	1608	0	0	0	0	1775765739759
1344	1094	1544	1579	0	0	0	0	1775765741087
1357	1061	1532	1506	0	0	0	0	1775765742460
1309	1053	1539	0	0	0	0	0	1775765743903
1339	1075	1466	1595	0	0	0	0	1775765745051
1321	1090	1563	1594	0	0	0	0	1775765746421
1344	1047	1557	1543	0	0	0	0	1775765747640
1355	1050	1550	1556	0	0	0	0	1775765749175
1330	1092	1426	1567	0	0	0	0	1775765750582
1341	0	1498	1575	0	0	0	0	1775765751738
1321	1114	1549	1586	0	0	0	0	1775765752864
1363	1056	1578	1567	0	0	0	0	1775765753960
1339	1087	1402	1562	0	0	0	0	1775765755035
1357	1085	1455	1456	0	0	0	0	1775765756341
1366	1111	1517	1561	0	0	0	0	1775765757640
1312	1074	1552	1580	0	0	0	0	1775765759149
1349	1082	0	1571	0	0	0	0	1775765760564
1328	1038	1553	1583	0	0	0	0	1775765761713
1343	1086	1425	1587	0	0	0	0	1775765763150
1358	1048	1525	0	0	0	0	0	1775765764576
1299	986	0	1491	0	0	0	0	1775765766038
1341	1050	1542	0	0	0	0	0	1775765767299
1325	1080	1431	1528	0	0	0	0	1775765768369
1344	1084	1475	1538	0	0	0	0	1775765769655
1354	1043	1510	1558	0	0	0	0	1775765771194
1290	1079	1547	1619	0	0	0	0	1775765772394
1325	1092	1562	1486	0	0	0	0	1775765773753
1316	0	1436	1528	0	0	0	0	1775765775103
1331	1110	1477	1537	0	0	0	0	1775765776257
1333	1104	1508	1610	0	0	0	0	1775765777413
1350	1061	1531	1616	0	0	0	0	1775765778502
1334	1039	1554	1485	0	0	0	0	1775765779734
1333	1081	1406	1524	0	0	0	0	1775765781146
1371	1094	1460	1537	0	0	0	0	1775765782531
1323	1111	1498	1550	0	0	0	0	1775765783807
1330	1025	0	1565	0	0	0	0	1775765785268
1331	1073	1573	1580	0	0	0	0	1775765786599
1323	1066	1468	1572	0	0	0	0	1775765787890
1360	1103	1497	1538	0	0	0	0	1775765789212
1324	1119	1505	1558	0	0	0	0	1775765790492
1348	1037	1522	0	0	0	0	0	1775765791879
1283	1038	1473	1570	0	0	0	0	1775765793000
