2303	1565	3574	2138	0	0	0	0	1777495109813
2290	1550	3563	2027	0	0	0	0	1777495111241
2301	1544	3408	2100	0	0	0	0	1777495112585
2270	1534	0	2112	0	0	0	0	1777495113905
2302	0	3463	2117	0	0	0	0	1777495115210
2260	1502	3475	2135	0	0	0	0	1777495116668
2261	1560	3399	2140	0	0	0	0	1777495118065
2288	1442	3418	0	0	0	0	0	1777495119360
2262	1473	0	2030	0	0	0	0	1777495120766
2295	0	3425	2101	0	0	0	0	1777495122099
2273	1485	3367	2102	0	0	0	0	1777495123324
2253	1542	3394	2113	0	0	0	0	1777495124759
2262	1372	0	2060	0	0	0	0	1777495126163
2287	1435	3400	2119	0	0	0	0	1777495127331
2244	1472	3432	2125	0	0	0	0	1777495128408
2275	1486	3410	2124	0	0	0	0	1777495129534
2282	1504	3425	2134	0	0	0	0	1777495130699
2215	1489	3327	2038	0	0	0	0	1777495131826
2248	1484	3366	2051	0	0	0	0	1777495133166
2267	1508	3402	2129	0	0	0	0	1777495134488
2255	1517	3407	2132	0	0	0	0	1777495135825
2295	1415	3388	2079	0	0	0	0	1777495137229
2273	1443	3367	0	0	0	0	0	1777495138590
2277	1459	3429	2111	0	0	0	0	1777495139918
2233	1485	0	2136	0	0	0	0	1777495141255
2267	1510	3339	0	0	0	0	0	1777495142584
2270	1511	3383	2149	0	0	0	0	1777495143909
2261	1478	0	2079	0	0	0	0	1777495145353
2283	1493	3330	2139	0	0	0	0	1777495146671
2238	1484	3398	2140	0	0	0	0	1777495148009
2259	1499	3335	2126	0	0	0	0	1777495149232
2264	0	3383	2152	0	0	0	0	1777495150661
2275	1486	3314	2067	0	0	0	0	1777495151794
2223	1473	3364	2155	0	0	0	0	1777495152915
2253	1499	3391	2129	0	0	0	0	1777495153991
2265	1494	3393	2102	0	0	0	0	1777495155070
2258	1506	3350	2127	0	0	0	0	1777495156401
2265	1479	3386	2143	0	0	0	0	1777495157729
2265	1484	3401	2143	0	0	0	0	1777495159069
2262	1504	3402	2159	0	0	0	0	1777495160609
2244	1466	0	2162	0	0	0	0	1777495161729
2275	1487	3333	2123	0	0	0	0	1777495163136
2279	1483	3355	2132	0	0	0	0	1777495164541
2231	1533	3391	2139	0	0	0	0	1777495165973
2269	1515	3395	0	0	0	0	0	1777495167262
2259	1440	3408	2139	0	0	0	0	1777495168552
2299	1482	3314	2159	0	0	0	0	1777495169915
2271	0	3355	2130	0	0	0	0	1777495171258
2263	1466	3279	2150	0	0	0	0	1777495172891
2241	1479	3387	0	0	0	0	0	1777495173911
2270	1492	3368	2091	0	0	0	0	1777495175016
2285	1509	3308	2134	0	0	0	0	1777495176093
2255	1420	3347	2143	0	0	0	0	1777495177290
2267	1498	3303	2189	0	0	0	0	1777495178522
2269	1401	3403	2149	0	0	0	0	1777495179954
2252	1434	3395	2084	0	0	0	0	1777495181488
2271	1463	3341	2136	0	0	0	0	1777495182799
2280	1396	0	2187	0	0	0	0	1777495183956
2286	1480	3381	2165	0	0	0	0	1777495185183
2273	1396	3387	2173	0	0	0	0	1777495186710
2267	1437	3394	2158	0	0	0	0	1777495188049
2290	1466	3374	2169	0	0	0	0	1777495189373
2278	1484	3308	0	0	0	0	0	1777495190701
2286	1488	3363	2193	0	0	0	0	1777495191998
2279	1497	3424	2160	0	0	0	0	1777495193364
2256	1507	3427	2163	0	0	0	0	1777495194603
2282	1514	3303	2163	0	0	0	0	1777495195936
2294	0	3329	2168	0	0	0	0	1777495197466
2257	1513	3362	2121	0	0	0	0	1777495198470
2260	1513	3381	2171	0	0	0	0	1777495199610
2286	1506	3382	2081	0	0	0	0	1777495200729
2264	1484	3300	2119	0	0	0	0	1777495201967
2274	1498	3337	2145	0	0	0	0	1777495203303
2307	1506	3383	2214	0	0	0	0	1777495204643
2271	1514	3388	2220	0	0	0	0	1777495206061
2286	1366	3316	0	0	0	0	0	1777495207392
2248	1417	3359	2168	0	0	0	0	1777495208828
2283	1469	0	2188	0	0	0	0	1777495210057
2293	1518	3368	2188	0	0	0	0	1777495211438
2293	1427	3371	0	0	0	0	0	1777495212824
2279	1454	0	2215	0	0	0	0	1777495214054
2253	1454	3298	2177	0	0	0	0	1777495215180
2286	1485	3326	2174	0	0	0	0	1777495216588
2267	1534	3343	2153	0	0	0	0	1777495217992
2284	1424	3370	2168	0	0	0	0	1777495219272
2275	0	3382	2198	0	0	0	0	1777495220698
2192	1447	3319	2155	0	0	0	0	1777495221844
1971	1463	3312	2080	0	0	0	0	1777495222970
1900	1487	3345	2027	0	0	0	0	1777495224063
1914	1414	3267	2031	0	0	0	0	1777495225341
1976	1300	3212	2082	0	0	0	0	1777495226547
2054	1413	3270	2098	0	0	0	0	1777495227978
2133	1453	3304	2152	0	0	0	0	1777495229410
2141	1479	3324	2134	0	0	0	0	1777495230740
2203	1478	0	2147	0	0	0	0	1777495231868
2157	1356	3335	0	0	0	0	0	1777495233301
2181	1451	3248	2159	0	0	0	0	1777495234736
2190	1481	0	2141	0	0	0	0	1777495236065
2214	1496	3338	0	0	0	0	0	1777495237397
2167	1348	3287	2142	0	0	0	0	1777495239553
2170	1408	3308	2167	0	0	0	0	1777495240172
2204	1426	3197	2178	0	0	0	0	1777495241394
2167	1474	3269	2190	0	0	0	0	1777495242725
2184	1481	3351	2145	0	0	0	0	1777495243953
2181	0	3271	2084	0	0	0	0	1777495245112
2186	1331	3292	2127	0	0	0	0	1777495246304
2190	1388	3215	2094	0	0	0	0	1777495247340
2183	1475	3268	2158	0	0	0	0	1777495248712
2202	1500	3285	2132	0	0	0	0	1777495250094
2209	1369	3317	2134	0	0	0	0	1777495251529
2191	1412	3245	2106	0	0	0	0	1777495252757
2189	1432	0	2140	0	0	0	0	1777495254089
2179	1467	3275	2149	0	0	0	0	1777495255266
2201	1486	3297	2152	0	0	0	0	1777495256659
2182	1381	3309	2152	0	0	0	0	1777495258082
2209	1427	3345	2092	0	0	0	0	1777495259403
2173	1435	3272	0	0	0	0	0	1777495260743
2190	1463	3289	2158	0	0	0	0	1777495261965
2177	1477	3306	2094	0	0	0	0	1777495263311
2177	1385	3306	2106	0	0	0	0	1777495264554
2209	1431	3238	2133	0	0	0	0	1777495265970
2192	1435	3275	2137	0	0	0	0	1777495267425
2194	0	3221	2143	0	0	0	0	1777495268594
2163	1473	3252	2142	0	0	0	0	1777495269738
2187	1360	3287	2143	0	0	0	0	1777495270884
2170	1411	3303	2156	0	0	0	0	1777495272316
2201	1456	3335	2161	0	0	0	0	1777495273466
2205	1505	3219	2178	0	0	0	0	1777495274876
2153	1373	3299	2155	0	0	0	0	1777495276340
2185	1423	0	2139	0	0	0	0	1777495277467
2173	1458	3225	2164	0	0	0	0	1777495278665
2219	1507	3273	2164	0	0	0	0	1777495279718
2193	1479	3308	2171	0	0	0	0	1777495281227
2181	1486	3230	2135	0	0	0	0	1777495282657
2193	1371	3317	2152	0	0	0	0	1777495284019
2192	1433	3227	0	0	0	0	0	1777495285220
2192	1497	3284	2158	0	0	0	0	1777495286507
2175	1450	3304	2166	0	0	0	0	1777495288084
2175	1383	3320	2168	0	0	0	0	1777495289320
2196	1423	3325	2167	0	0	0	0	1777495290675
2176	0	3209	2182	0	0	0	0	1777495291977
2193	1476	3251	2136	0	0	0	0	1777495293102
2197	1471	3285	2194	0	0	0	0	1777495294259
2163	1472	3312	2181	0	0	0	0	1777495295357
2188	1368	3320	2044	0	0	0	0	1777495296891
2179	1412	3260	2120	0	0	0	0	1777495298150
2193	1471	3279	2179	0	0	0	0	1777495299554
2182	1512	0	2183	0	0	0	0	1777495300979
2193	1384	3209	2135	0	0	0	0	1777495302095
2150	1433	3261	2130	0	0	0	0	1777495303335
2178	1443	3286	2142	0	0	0	0	1777495304678
2187	1473	3268	2125	0	0	0	0	1777495305907
2175	1526	3293	2147	0	0	0	0	1777495307326
2178	1374	3295	0	0	0	0	0	1777495308671
2179	1411	3318	2174	0	0	0	0	1777495309898
2195	1441	3307	2146	0	0	0	0	1777495311294
2162	1480	3258	2151	0	0	0	0	1777495312556
2187	1443	3274	2137	0	0	0	0	1777495313993
2143	0	3287	2203	0	0	0	0	1777495315422
2169	1368	3292	2094	0	0	0	0	1777495316461
2172	1461	3233	2127	0	0	0	0	1777495317592
2173	1477	3297	2182	0	0	0	0	1777495319018
2203	1493	3265	2116	0	0	0	0	1777495320310
2166	1377	3276	2151	0	0	0	0	1777495321678
2183	1413	0	2087	0	0	0	0	1777495323109
2155	1431	3277	2114	0	0	0	0	1777495324196
2182	1462	3204	2157	0	0	0	0	1777495325383
2187	1483	3270	2167	0	0	0	0	1777495326700
2177	1475	3277	2171	0	0	0	0	1777495328021
2187	1475	3277	2183	0	0	0	0	1777495329506
2171	1468	3286	0	0	0	0	0	1777495330887
2186	1494	3207	2157	0	0	0	0	1777495332021
2198	1487	3226	2202	0	0	0	0	1777495333213
2176	1383	3269	2152	0	0	0	0	1777495334584
2184	1419	3275	2099	0	0	0	0	1777495336111
2171	1449	3287	2133	0	0	0	0	1777495337450
2179	0	3300	2144	0	0	0	0	1777495338659
2170	1477	3303	2157	0	0	0	0	1777495339829
2205	1476	3288	2165	0	0	0	0	1777495341194
2192	1489	3281	2178	0	0	0	0	1777495342564
2180	1450	3290	2181	0	0	0	0	1777495344097
2186	1468	3226	2129	0	0	0	0	1777495345330
2162	1496	0	2135	0	0	0	0	1777495346545
2200	1506	3262	2153	0	0	0	0	1777495347584
2180	1460	3293	2162	0	0	0	0	1777495348737
2180	1459	3294	2156	0	0	0	0	1777495350040
2197	1474	3195	2157	0	0	0	0	1777495351393
2148	1487	3246	2157	0	0	0	0	1777495352700
2170	1425	3262	2172	0	0	0	0	1777495353959
2188	0	3274	2177	0	0	0	0	1777495355362
2194	1449	3290	2213	0	0	0	0	1777495356686
2194	1452	3178	2095	0	0	0	0	1777495358133
2172	1513	3238	2121	0	0	0	0	1777495359524
2192	1407	3257	0	0	0	0	0	1777495360790
2190	0	3281	2148	0	0	0	0	1777495362020
2203	1434	3294	2156	0	0	0	0	1777495363109
2137	1507	3202	2203	0	0	0	0	1777495364455
2162	1519	3266	2077	0	0	0	0	1777495365940
2175	1388	3272	2115	0	0	0	0	1777495367335
2179	1430	3279	2147	0	0	0	0	1777495368668
2202	1440	0	2184	0	0	0	0	1777495369830
2137	1503	3192	2192	0	0	0	0	1777495370895
2170	1505	3234	2151	0	0	0	0	1777495372072
2177	1466	3274	2194	0	0	0	0	1777495373293
2177	1487	3262	2174	0	0	0	0	1777495374717
2188	1468	3273	2180	0	0	0	0	1777495376252
2148	0	3221	2196	0	0	0	0	1777495377582
2184	1476	3277	2148	0	0	0	0	1777495378718
2164	1497	3301	2160	0	0	0	0	1777495380040
2186	1511	3251	2118	0	0	0	0	1777495381379
2189	1509	3258	2146	0	0	0	0	1777495382608
2189	1468	3206	2167	0	0	0	0	1777495384042
2154	1474	3256	0	0	0	0	0	1777495385499
2174	1486	3281	2130	0	0	0	0	1777495386899
2185	1497	0	2146	0	0	0	0	1777495388131
2172	1512	3277	0	0	0	0	0	1777495389573
2181	1446	0	2191	0	0	0	0	1777495390906
2179	1471	3214	2114	0	0	0	0	1777495392021
2191	1486	3252	2127	0	0	0	0	1777495393148
2157	1487	3278	2121	0	0	0	0	1777495394280
2182	1506	3289	2180	0	0	0	0	1777495395326
2188	1487	3257	2112	0	0	0	0	1777495396645
2141	1487	3288	2149	0	0	0	0	1777495398062
2170	1495	3171	2155	0	0	0	0	1777495399398
2182	1477	3231	2142	0	0	0	0	1777495400833
2185	1496	0	2154	0	0	0	0	1777495402062
2198	0	3238	2174	0	0	0	0	1777495403493
2124	1480	3259	2183	0	0	0	0	1777495404927
2156	1436	3161	0	0	0	0	0	1777495406357
2188	1468	0	2167	0	0	0	0	1777495407653
2199	1486	3225	2176	0	0	0	0	1777495408917
2175	1487	3264	2179	0	0	0	0	1777495410454
2182	1389	3267	2184	0	0	0	0	1777495411748
2171	1435	3136	2181	0	0	0	0	1777495413069
2177	0	3200	2184	0	0	0	0	1777495414354
2188	1475	3247	2187	0	0	0	0	1777495415577
2189	1473	3272	2221	0	0	0	0	1777495416622
2192	1460	3209	2092	0	0	0	0	1777495417724
2181	1385	3236	2120	0	0	0	0	1777495418952
2167	1424	3273	2123	0	0	0	0	1777495420350
2190	1461	3262	2181	0	0	0	0	1777495421615
2149	1473	3281	2176	0	0	0	0	1777495423049
2196	1481	3214	0	0	0	0	0	1777495424282
2150	1477	3234	2218	0	0	0	0	1777495425404
2169	1477	3257	2082	0	0	0	0	1777495426840
2180	1493	3262	2126	0	0	0	0	1777495428270
2172	1487	3274	2191	0	0	0	0	1777495429602
2192	1389	3199	2199	0	0	0	0	1777495430898
2172	1417	0	2207	0	0	0	0	1777495432315
2191	1446	3199	2151	0	0	0	0	1777495433699
2141	1484	3278	2175	0	0	0	0	1777495435029
2166	1489	3211	2180	0	0	0	0	1777495436442
2182	0	3241	2184	0	0	0	0	1777495437569
2186	1399	3271	2214	0	0	0	0	1777495438715
2170	1424	3187	2185	0	0	0	0	1777495439790
2172	1451	3266	2170	0	0	0	0	1777495440877
2189	1488	3229	2180	0	0	0	0	1777495442197
2161	1496	3243	2188	0	0	0	0	1777495443537
2166	1498	3176	2197	0	0	0	0	1777495444910
2181	1450	3225	2180	0	0	0	0	1777495446395
2170	1475	3254	0	0	0	0	0	1777495447627
2193	1482	3278	2195	0	0	0	0	1777495448957
2189	1469	3167	2202	0	0	0	0	1777495450199
2191	1479	3215	2195	0	0	0	0	1777495451618
2182	1460	3239	2198	0	0	0	0	1777495453029
2179	1490	0	2160	0	0	0	0	1777495454385
2147	1489	3252	2171	0	0	0	0	1777495455611
2168	1492	3214	2190	0	0	0	0	1777495456946
2170	1470	3237	2191	0	0	0	0	1777495458479
2157	0	3173	2197	0	0	0	0	1777495459913
2164	1450	3208	2172	0	0	0	0	1777495460939
2166	1489	3232	2180	0	0	0	0	1777495462165
2196	1504	3274	2179	0	0	0	0	1777495463192
2148	1370	3184	2192	0	0	0	0	1777495464319
2153	1410	3224	2089	0	0	0	0	1777495465750
2164	1477	3247	2161	0	0	0	0	1777495466981
2145	1493	3262	2170	0	0	0	0	1777495468425
2179	1377	3262	0	0	0	0	0	1777495469845
2176	1421	3123	2168	0	0	0	0	1777495470992
2184	1452	3178	2087	0	0	0	0	1777495472456
2159	1471	3211	2135	0	0	0	0	1777495473848
2184	1491	0	2184	0	0	0	0	1777495475390
2147	1409	3232	2095	0	0	0	0	1777495476465
2177	1473	3252	2122	0	0	0	0	1777495477538
2177	1527	3129	2162	0	0	0	0	1777495478959
2114	1407	3184	2195	0	0	0	0	1777495480394
2148	1444	3216	2170	0	0	0	0	1777495481606
2164	1467	3248	2134	0	0	0	0	1777495482954
2188	0	3268	2155	0	0	0	0	1777495484190
2155	1481	3267	2122	0	0	0	0	1777495485309
2165	1525	3175	2181	0	0	0	0	1777495486448
2171	1368	3250	2189	0	0	0	0	1777495487869
2162	1429	3190	2160	0	0	0	0	1777495489164
2164	1467	3224	2181	0	0	0	0	1777495490539
2189	1478	3230	2187	0	0	0	0	1777495491965
2157	1488	3239	0	0	0	0	0	1777495493099
2179	1502	3239	2152	0	0	0	0	1777495494612
2164	1504	3166	2168	0	0	0	0	1777495496059
2175	1519	3204	2179	0	0	0	0	1777495497253
2143	1495	3228	2179	0	0	0	0	1777495498632
2179	1498	0	2216	0	0	0	0	1777495499855
2152	1501	3252	2193	0	0	0	0	1777495500962
2168	1477	3240	2164	0	0	0	0	1777495502102
2176	1490	3173	2175	0	0	0	0	1777495503441
2143	1487	3226	2180	0	0	0	0	1777495504867
2181	1515	3254	2163	0	0	0	0	1777495506319
2160	0	3264	2207	0	0	0	0	1777495507530
2174	1361	3242	2119	0	0	0	0	1777495508768
2150	1445	3173	2149	0	0	0	0	1777495509784
2170	1480	3208	2182	0	0	0	0	1777495511077
2163	1489	3212	2232	0	0	0	0	1777495512348
2161	1500	3247	2161	0	0	0	0	1777495513782
2142	1375	3261	2094	0	0	0	0	1777495515219
2141	1420	3200	0	0	0	0	0	1777495516642
2163	1462	3239	2175	0	0	0	0	1777495517885
2170	1533	3228	2178	0	0	0	0	1777495519206
2175	1380	3253	2184	0	0	0	0	1777495520652
2140	1421	3199	2185	0	0	0	0	1777495521967
2157	1445	0	2160	0	0	0	0	1777495523298
2164	1478	3229	2172	0	0	0	0	1777495524328
2177	1491	3263	2164	0	0	0	0	1777495525552
2163	1494	3244	2229	0	0	0	0	1777495526986
2169	1464	3249	2210	0	0	0	0	1777495528420
2132	1490	3161	2053	0	0	0	0	1777495529730
2168	0	3221	2100	0	0	0	0	1777495530980
2157	1494	3253	2174	0	0	0	0	1777495532155
2169	1511	3253	2185	0	0	0	0	1777495533232
2161	1493	3198	2109	0	0	0	0	1777495534424
2153	1478	3231	2139	0	0	0	0	1777495535894
2170	1495	3233	2137	0	0	0	0	1777495537239
2161	1475	3234	2195	0	0	0	0	1777495538555
2179	1497	0	2185	0	0	0	0	1777495539892
2120	1465	3250	0	0	0	0	0	1777495541120
2149	1470	3239	2102	0	0	0	0	1777495542651
2159	1497	0	2188	0	0	0	0	1777495543984
2161	1520	3269	2171	0	0	0	0	1777495545416
2146	1396	3274	0	0	0	0	0	1777495546543
2151	1420	3249	2175	0	0	0	0	1777495547580
2169	1490	3175	2099	0	0	0	0	1777495549000
2146	1492	3196	2182	0	0	0	0	1777495550332
2166	1428	3232	2170	0	0	0	0	1777495551611
2175	1460	3220	2181	0	0	0	0	1777495552994
2173	0	3239	2194	0	0	0	0	1777495554241
2169	1476	3188	2073	0	0	0	0	1777495555349
2155	1480	3204	2163	0	0	0	0	1777495556580
2175	1483	3230	2070	0	0	0	0	1777495557927
2176	1497	3228	2105	0	0	0	0	1777495559225
2180	1420	3242	2159	0	0	0	0	1777495560495
2184	1479	3158	2181	0	0	0	0	1777495561913
2161	1396	0	2225	0	0	0	0	1777495563155
2171	1436	3184	2168	0	0	0	0	1777495564532
2127	1464	3227	2164	0	0	0	0	1777495565814
2177	1419	3238	0	0	0	0	0	1777495567332
2153	1484	0	2193	0	0	0	0	1777495568776
2166	1402	3210	2172	0	0	0	0	1777495569874
2159	1439	3267	2199	0	0	0	0	1777495571036
2163	1467	3164	2175	0	0	0	0	1777495572144
2186	1481	3204	2156	0	0	0	0	1777495573578
2158	1506	3226	2144	0	0	0	0	1777495575014
2134	1375	3170	2188	0	0	0	0	1777495576443
2165	1429	3244	2153	0	0	0	0	1777495577680
2154	0	3151	2084	0	0	0	0	1777495578901
2175	1477	3222	2109	0	0	0	0	1777495579941
2172	1475	3224	2162	0	0	0	0	1777495581161
2139	1479	3236	2132	0	0	0	0	1777495582596
2168	1484	3241	2153	0	0	0	0	1777495583928
2163	1494	3168	2169	0	0	0	0	1777495585251
2174	1513	3210	0	0	0	0	0	1777495586633
2159	1504	3227	2157	0	0	0	0	1777495587861
2161	1491	3254	2184	0	0	0	0	1777495589244
2127	1492	3242	2204	0	0	0	0	1777495590695
2159	1494	3164	2109	0	0	0	0	1777495592010
2163	1504	0	2142	0	0	0	0	1777495593343
2189	1497	3206	2175	0	0	0	0	1777495594469
2149	1511	3238	2184	0	0	0	0	1777495595595
2145	1483	3261	2238	0	0	0	0	1777495596825
2165	1483	3206	2086	0	0	0	0	1777495598219
2127	1498	3217	2112	0	0	0	0	1777495599586
2159	1514	3236	2145	0	0	0	0	1777495601039
2163	0	3242	2151	0	0	0	0	1777495602251
2127	1403	3220	2162	0	0	0	0	1777495603357
2155	1434	3152	2163	0	0	0	0	1777495604501
2158	1464	3141	2144	0	0	0	0	1777495605851
2167	1487	3189	2159	0	0	0	0	1777495607128
2173	1498	3204	2163	0	0	0	0	1777495608460
2103	1364	3232	2166	0	0	0	0	1777495609944
2146	1451	3126	0	0	0	0	0	1777495611158
2154	1488	3177	2163	0	0	0	0	1777495612658
2180	1493	0	2189	0	0	0	0	1777495613945
2147	1387	3207	2198	0	0	0	0	1777495615255
2159	1448	3221	0	0	0	0	0	1777495616593
2113	1431	3159	2186	0	0	0	0	1777495617712
2141	1475	3163	2180	0	0	0	0	1777495618942
2159	1488	3205	2173	0	0	0	0	1777495620291
2160	1498	3213	2181	0	0	0	0	1777495621499
2161	1505	3219	2194	0	0	0	0	1777495623052
2128	0	3183	2203	0	0	0	0	1777495624371
2161	1510	3134	2163	0	0	0	0	1777495625493
2142	1516	3177	2161	0	0	0	0	1777495626627
2164	1516	3203	2170	0	0	0	0	1777495627754
2175	1525	3216	2119	0	0	0	0	1777495629180
2110	1485	3149	2096	0	0	0	0	1777495630615
2137	1491	3174	2124	0	0	0	0	1777495632141
2160	1501	3208	0	0	0	0	0	1777495633275
2170	1429	3213	2130	0	0	0	0	1777495634619
2163	1464	3121	2182	0	0	0	0	1777495635817
2168	1494	3177	2185	0	0	0	0	1777495637235
2169	1515	3206	2165	0	0	0	0	1777495638704
2169	1517	0	2104	0	0	0	0	1777495640037
2170	1437	3226	2169	0	0	0	0	1777495641125
2170	1465	3209	2179	0	0	0	0	1777495642187
2172	1514	3210	2146	0	0	0	0	1777495643537
2165	1512	3139	2062	0	0	0	0	1777495644934
2165	1375	3183	2140	0	0	0	0	1777495646102
2188	1440	3211	2181	0	0	0	0	1777495647509
2156	0	3218	2127	0	0	0	0	1777495648928
2166	1463	3219	2096	0	0	0	0	1777495650077
2163	1510	3153	2126	0	0	0	0	1777495651298
2154	1501	3216	2148	0	0	0	0	1777495652650
2178	1379	3227	2204	0	0	0	0	1777495653867
2161	1437	3236	2077	0	0	0	0	1777495655302
2183	1510	3159	0	0	0	0	0	1777495656690
2116	1510	3196	2124	0	0	0	0	1777495657919
2151	1509	3208	2144	0	0	0	0	1777495659293
2161	1366	3218	2159	0	0	0	0	1777495660805
2147	1434	3233	2158	0	0	0	0	1777495662069
2164	1509	0	2168	0	0	0	0	1777495663385
2174	1504	3161	2195	0	0	0	0	1777495664486
2172	1388	3184	2169	0	0	0	0	1777495665619
2150	1428	3203	2170	0	0	0	0	1777495666726
2170	1477	3213	2157	0	0	0	0	1777495667939
2150	1529	3175	2168	0	0	0	0	1777495669372
2147	1417	3208	2173	0	0	0	0	1777495670838
2156	1449	3216	2172	0	0	0	0	1777495672188
2153	0	3206	2177	0	0	0	0	1777495673417
2181	1472	3214	2169	0	0	0	0	1777495674545
2141	1488	3157	2164	0	0	0	0	1777495675927
2152	1542	3204	2186	0	0	0	0	1777495677206
2154	1408	3212	2219	0	0	0	0	1777495678546
2151	1440	3227	2064	0	0	0	0	1777495680066
2136	1458	0	2109	0	0	0	0	1777495681369
2155	1486	3110	2131	0	0	0	0	1777495682632
2143	1494	3163	2151	0	0	0	0	1777495683992
2116	1507	3146	2185	0	0	0	0	1777495685422
2147	1438	3229	0	0	0	0	0	1777495686730
2143	1481	3159	2131	0	0	0	0	1777495687871
2173	1489	3168	2150	0	0	0	0	1777495688966
2140	1504	3129	2129	0	0	0	0	1777495690089
2136	1373	3174	2190	0	0	0	0	1777495691342
2151	1465	3199	2179	0	0	0	0	1777495692735
2124	1481	3209	2186	0	0	0	0	1777495694050
2151	1499	3218	2137	0	0	0	0	1777495695433
2164	1390	3115	2136	0	0	0	0	1777495696661
2150	0	3158	2188	0	0	0	0	1777495698095
2155	1422	3195	2179	0	0	0	0	1777495699528
2108	1502	3216	0	0	0	0	0	1777495700962
2134	1505	3098	2180	0	0	0	0	1777495702242
2163	0	3159	2151	0	0	0	0	1777495703589
2162	1419	3125	2146	0	0	0	0	1777495705023
2159	1440	3203	2154	0	0	0	0	1777495706476
2137	1506	0	2125	0	0	0	0	1777495707723
2156	1514	3194	0	0	0	0	0	1777495709053
2160	1516	3084	2134	0	0	0	0	1777495710127
2166	1397	3144	2099	0	0	0	0	1777495711270
2143	1470	3153	2160	0	0	0	0	1777495712343
2146	1455	3224	2176	0	0	0	0	1777495713558
2166	1488	3209	2101	0	0	0	0	1777495714992
2130	1507	3095	2120	0	0	0	0	1777495716151
2172	1402	3145	2138	0	0	0	0	1777495717553
2131	0	3180	2183	0	0	0	0	1777495718999
2148	1451	0	2135	0	0	0	0	1777495720318
2125	1464	3194	2056	0	0	0	0	1777495721714
2149	1488	3120	0	0	0	0	0	1777495723030
2150	0	3154	2154	0	0	0	0	1777495724314
2152	1497	3186	0	0	0	0	0	1777495725691
2154	1450	0	2159	0	0	0	0	1777495727097
2131	1484	3201	0	0	0	0	0	1777495728408
2165	1498	3220	2122	0	0	0	0	1777495729746
2135	0	3126	2167	0	0	0	0	1777495730974
2160	1501	3168	0	0	0	0	0	1777495732363
2104	1443	3199	2142	0	0	0	0	1777495733426
2139	1473	3200	2150	0	0	0	0	1777495734515
2146	1490	3151	2168	0	0	0	0	1777495735641
2141	1505	3190	2162	0	0	0	0	1777495736784
2146	1509	3209	2168	0	0	0	0	1777495738032
2157	1443	3248	2167	0	0	0	0	1777495739568
2094	1461	3130	2156	0	0	0	0	1777495740864
2127	1485	3150	2158	0	0	0	0	1777495742235
2139	1438	0	2169	0	0	0	0	1777495743525
2142	0	3197	2175	0	0	0	0	1777495744895
2125	1505	3214	2178	0	0	0	0	1777495746085
2134	1475	3146	2127	0	0	0	0	1777495747638
2146	1397	0	2161	0	0	0	0	1777495748998
2151	0	3176	2166	0	0	0	0	1777495750176
2128	1455	3194	2119	0	0	0	0	1777495751549
2130	1511	3206	2169	0	0	0	0	1777495752984
2137	1482	3167	0	0	0	0	0	1777495754437
2144	1373	0	2152	0	0	0	0	1777495755655
2164	1425	3183	0	0	0	0	0	1777495756838
2115	1464	3208	2159	0	0	0	0	1777495758006
2118	1516	3213	2148	0	0	0	0	1777495759057
2139	1373	3145	2106	0	0	0	0	1777495760153
2116	1415	3130	2137	0	0	0	0	1777495761388
2137	1446	3156	2182	0	0	0	0	1777495762916
2150	1466	3179	2184	0	0	0	0	1777495764168
2153	1466	3183	2163	0	0	0	0	1777495765541
2139	0	3197	2092	0	0	0	0	1777495766909
2120	1369	3200	0	0	0	0	0	1777495768244
2149	1430	3228	2124	0	0	0	0	1777495769595
2110	1469	0	2182	0	0	0	0	1777495770989
2141	1476	3138	0	0	0	0	0	1777495772254
2097	1364	0	2169	0	0	0	0	1777495773691
2123	1445	3143	2094	0	0	0	0	1777495775119
2157	1465	3166	2138	0	0	0	0	1777495776484
2143	1481	3177	2169	0	0	0	0	1777495777849
2161	0	3193	2186	0	0	0	0	1777495779058
2090	1483	3126	2171	0	0	0	0	1777495780184
2128	1490	3163	2091	0	0	0	0	1777495781350
2137	1479	3191	2170	0	0	0	0	1777495782473
2157	1494	3203	2145	0	0	0	0	1777495783564
2160	1510	3144	2162	0	0	0	0	1777495784848
2152	1389	3099	2161	0	0	0	0	1777495786284
2153	1423	3136	2162	0	0	0	0	1777495787763
2138	1429	3167	0	0	0	0	0	1777495789132
2156	1469	3186	2165	0	0	0	0	1777495790360
2155	1492	3164	2180	0	0	0	0	1777495791707
2145	1387	3179	2159	0	0	0	0	1777495792923
2152	1415	3109	2151	0	0	0	0	1777495794359
2144	1426	0	2159	0	0	0	0	1777495795795
2156	1474	3200	2196	0	0	0	0	1777495797018
2127	1476	3111	2132	0	0	0	0	1777495798364
2158	1496	3146	2144	0	0	0	0	1777495799805
2144	1438	3168	2158	0	0	0	0	1777495801235
2139	0	3174	2139	0	0	0	0	1777495802565
2117	1469	3190	2160	0	0	0	0	1777495803634
2144	1479	3192	2132	0	0	0	0	1777495804697
2144	1485	3121	2137	0	0	0	0	1777495805854
2132	1497	3160	2152	0	0	0	0	1777495807010
2115	1460	3193	2155	0	0	0	0	1777495808382
2155	1471	3196	2168	0	0	0	0	1777495809724
2116	1475	3215	2171	0	0	0	0	1777495811154
2136	1413	3163	2157	0	0	0	0	1777495812442
2139	1450	3180	0	0	0	0	0	1777495813812
2120	1488	3200	2122	0	0	0	0	1777495814954
2151	1496	3208	2191	0	0	0	0	1777495816386
2130	1395	3212	2143	0	0	0	0	1777495817820
2141	1445	3091	2151	0	0	0	0	1777495819058
2132	1456	0	2134	0	0	0	0	1777495820412
2140	0	3170	2179	0	0	0	0	1777495821704
2102	1487	0	2215	0	0	0	0	1777495823131
2131	1391	3179	2052	0	0	0	0	1777495824406
2134	1426	3123	2089	0	0	0	0	1777495825706
2137	0	3163	2133	0	0	0	0	1777495827130
2154	1498	3183	2147	0	0	0	0	1777495828246
2104	1448	3181	2196	0	0	0	0	1777495829321
2130	1470	3110	2074	0	0	0	0	1777495830498
2147	1385	3121	2120	0	0	0	0	1777495831574
2143	1441	3147	2125	0	0	0	0	1777495832983
2142	1471	3161	2153	0	0	0	0	1777495834207
2137	1461	3188	2157	0	0	0	0	1777495835716
2145	1485	3093	0	0	0	0	0	1777495837075
2129	1494	3095	2159	0	0	0	0	1777495838230
2145	1401	3128	2160	0	0	0	0	1777495839612
2158	1477	3156	2144	0	0	0	0	1777495841037
2095	1450	3169	2187	0	0	0	0	1777495842494
2126	1390	0	2163	0	0	0	0	1777495843759
2130	1440	3127	2124	0	0	0	0	1777495845106
2157	1470	3143	2137	0	0	0	0	1777495846382
2132	1484	3158	2170	0	0	0	0	1777495847910
2138	0	3182	2216	0	0	0	0	1777495849244
2079	1473	3197	2153	0	0	0	0	1777495850329
2114	1480	3146	2150	0	0	0	0	1777495851492
2132	1486	3173	2128	0	0	0	0	1777495852583
2134	1468	3194	2121	0	0	0	0	1777495853953
2145	1512	3201	2171	0	0	0	0	1777495855244
2133	1376	3125	2147	0	0	0	0	1777495856647
2132	1412	3165	2131	0	0	0	0	1777495858067
2120	1453	3174	0	0	0	0	0	1777495859294
2157	1516	3164	2130	0	0	0	0	1777495860402
2143	1448	3180	2146	0	0	0	0	1777495861835
2123	1366	3113	2192	0	0	0	0	1777495863273
2133	1437	3168	2058	0	0	0	0	1777495864495
2125	1471	3184	2099	0	0	0	0	1777495865839
2153	0	3166	2114	0	0	0	0	1777495867181
2121	1482	3106	2133	0	0	0	0	1777495868418
2108	1481	3144	2143	0	0	0	0	1777495869835
2134	1489	3174	2148	0	0	0	0	1777495871357
2121	1358	0	2165	0	0	0	0	1777495872637
2135	1424	3188	2139	0	0	0	0	1777495873725
2133	1477	3169	2139	0	0	0	0	1777495874804
2119	1466	3182	2187	0	0	0	0	1777495876016
2128	1467	3076	2053	0	0	0	0	1777495877404
2117	1443	3138	2093	0	0	0	0	1777495878833
2142	1480	3160	2121	0	0	0	0	1777495880191
2124	1524	3140	2139	0	0	0	0	1777495881512
2148	1360	3165	0	0	0	0	0	1777495882585
2086	1416	3182	2143	0	0	0	0	1777495883799
2106	1479	3183	2148	0	0	0	0	1777495885181
2117	1493	3183	2152	0	0	0	0	1777495886513
2124	1492	3185	2147	0	0	0	0	1777495887947
2150	0	3106	2150	0	0	0	0	1777495889280
2093	1493	3152	2164	0	0	0	0	1777495890511
2127	1462	3165	2145	0	0	0	0	1777495891948
2125	1462	3165	2156	0	0	0	0	1777495893374
2125	1484	3067	2129	0	0	0	0	1777495894602
2136	1531	0	2147	0	0	0	0	1777495896039
2149	1380	3123	2137	0	0	0	0	1777495897111
2136	1405	3086	2139	0	0	0	0	1777495898214
2097	1438	3159	2149	0	0	0	0	1777495899418
2126	1488	3106	2157	0	0	0	0	1777495900575
2100	1466	3146	2152	0	0	0	0	1777495901939
2112	1412	3161	2162	0	0	0	0	1777495903414
2130	1472	3189	2134	0	0	0	0	1777495904843
2132	1481	3189	0	0	0	0	0	1777495906070
2159	1495	3192	2177	0	0	0	0	1777495907199
2108	1375	3084	2177	0	0	0	0	1777495908631
2109	1425	3126	2066	0	0	0	0	1777495910064
2131	1412	3166	2112	0	0	0	0	1777495911499
2106	1460	0	2139	0	0	0	0	1777495912778
2127	1473	3171	2160	0	0	0	0	1777495914125
2128	1479	3171	2166	0	0	0	0	1777495915353
2131	1484	3074	2168	0	0	0	0	1777495916848
2100	0	3124	2162	0	0	0	0	1777495918206
2128	1428	3151	2160	0	0	0	0	1777495919281
2108	1470	3165	2180	0	0	0	0	1777495920473
2129	1476	3072	2191	0	0	0	0	1777495921535
2139	1392	3119	2134	0	0	0	0	1777495922625
2097	1429	3073	2148	0	0	0	0	1777495923777
2108	1478	3168	2152	0	0	0	0	1777495925219
2092	1488	3169	2150	0	0	0	0	1777495926704
2115	1488	3121	2077	0	0	0	0	1777495928138
2132	1382	0	2097	0	0	0	0	1777495929367
2135	1418	3142	2167	0	0	0	0	1777495930766
2137	1472	3097	2136	0	0	0	0	1777495932192
2075	1482	3183	2164	0	0	0	0	1777495933581
2105	1484	3184	2156	0	0	0	0	1777495934847
2122	1401	3172	0	0	0	0	0	1777495936281
2125	0	3120	2116	0	0	0	0	1777495937720
2122	1441	0	2157	0	0	0	0	1777495939147
2107	1475	3147	2131	0	0	0	0	1777495940442
2137	0	3155	2144	0	0	0	0	1777495941670
2132	1473	3096	2148	0	0	0	0	1777495942745
2140	1482	3133	2111	0	0	0	0	1777495943923
2138	1490	3159	2176	0	0	0	0	1777495944978
2126	1508	3180	2143	0	0	0	0	1777495946143
2144	1533	3183	2140	0	0	0	0	1777495947439
