1923	1078	3020	2145	0	0	0	0	1773436535320
1848	1067	2809	1897	0	0	0	0	1773436536704
1883	973	2857	1943	0	0	0	0	1773436538172
1891	1012	2836	1979	0	0	0	0	1773436539367
1888	972	2884	0	0	0	0	0	1773436540815
1890	997	2864	2033	0	0	0	0	1773436542230
1871	1004	0	2018	0	0	0	0	1773436543664
1859	1017	2879	0	0	0	0	0	1773436544954
1881	948	2888	2024	0	0	0	0	1773436546044
1892	982	2734	2019	0	0	0	0	1773436547456
1858	965	2806	2019	0	0	0	0	1773436548927
1882	997	2840	2019	0	0	0	0	1773436550128
1888	1005	2855	2024	0	0	0	0	1773436551467
1887	0	2814	1994	0	0	0	0	1773436552778
1893	944	2818	1912	0	0	0	0	1773436553843
1854	980	2771	1990	0	0	0	0	1773436554941
1876	951	2872	1989	0	0	0	0	1773436556160
1892	998	2755	1916	0	0	0	0	1773436557523
1883	999	2829	1942	0	0	0	0	1773436558819
1894	983	2829	1966	0	0	0	0	1773436560104
1901	969	2848	2030	0	0	0	0	1773436561483
1868	977	0	1885	0	0	0	0	1773436562891
1859	989	2864	1935	0	0	0	0	1773436564350
1882	963	2803	0	0	0	0	0	1773436565625
1896	992	2836	1965	0	0	0	0	1773436566971
1862	971	2840	1972	0	0	0	0	1773436568347
1878	993	0	1986	0	0	0	0	1773436569499
1860	912	2850	1898	0	0	0	0	1773436570721
1894	964	2755	1939	0	0	0	0	1773436572090
1849	994	2807	1970	0	0	0	0	1773436573517
1877	975	2833	1987	0	0	0	0	1773436575029
1809	0	2814	1995	0	0	0	0	1773436576156
1846	949	2753	2008	0	0	0	0	1773436577272
1866	982	2805	1981	0	0	0	0	1773436578349
1856	974	2836	1985	0	0	0	0	1773436579504
1873	997	2828	1968	0	0	0	0	1773436580634
1884	949	2833	1978	0	0	0	0	1773436582113
1827	982	2750	1991	0	0	0	0	1773436583501
1852	988	2799	1973	0	0	0	0	1773436584831
1867	993	0	1983	0	0	0	0	1773436586159
1875	968	2826	1970	0	0	0	0	1773436587369
1866	987	2716	0	0	0	0	0	1773436588822
1884	976	2720	1988	0	0	0	0	1773436590256
1856	990	0	1999	0	0	0	0	1773436591671
1876	1011	2783	0	0	0	0	0	1773436592921
1871	922	2820	1988	0	0	0	0	1773436594174
1838	918	2811	1986	0	0	0	0	1773436595480
1856	928	2714	1998	0	0	0	0	1773436596913
1856	967	2774	2013	0	0	0	0	1773436598258
1883	0	2815	2019	0	0	0	0	1773436599550
1840	989	2822	1952	0	0	0	0	1773436600702
1850	974	2834	1985	0	0	0	0	1773436601788
1866	983	2837	1892	0	0	0	0	1773436602901
1806	963	2840	1943	0	0	0	0	1773436604131
1833	973	2846	2008	0	0	0	0	1773436605414
1853	992	2851	1965	0	0	0	0	1773436606812
1858	993	2855	1954	0	0	0	0	1773436608179
1873	957	2702	1895	0	0	0	0	1773436609507
1836	958	0	1980	0	0	0	0	1773436610839
1863	991	2747	1982	0	0	0	0	1773436612089
1835	1005	2792	1979	0	0	0	0	1773436613459
1862	909	2810	1990	0	0	0	0	1773436614858
1829	928	2813	0	0	0	0	0	1773436616164
1851	971	2702	1903	0	0	0	0	1773436617573
1853	1001	2743	1987	0	0	0	0	1773436618858
1854	971	2798	1978	0	0	0	0	1773436620084
1886	989	2733	1945	0	0	0	0	1773436621553
1853	0	2769	1897	0	0	0	0	1773436622818
1872	963	2812	1932	0	0	0	0	1773436623914
1839	972	2815	2003	0	0	0	0	1773436625136
1834	994	2835	1872	0	0	0	0	1773436626202
1877	993	2839	1913	0	0	0	0	1773436627529
1875	994	2687	1937	0	0	0	0	1773436628862
1854	935	2743	1964	0	0	0	0	1773436630156
1876	968	2782	2012	0	0	0	0	1773436631592
1867	982	0	1912	0	0	0	0	1773436632956
1856	990	2784	1946	0	0	0	0	1773436634292
1874	911	2798	0	0	0	0	0	1773436635664
1869	932	0	1986	0	0	0	0	1773436637018
1844	953	2706	0	0	0	0	0	1773436638487
1861	993	2807	2002	0	0	0	0	1773436639612
1841	911	2686	2006	0	0	0	0	1773436640771
1859	915	2718	1963	0	0	0	0	1773436642276
1872	958	2752	1910	0	0	0	0	1773436643712
1809	944	2714	1976	0	0	0	0	1773436645141
1855	0	2812	1978	0	0	0	0	1773436646270
1852	977	2703	1883	0	0	0	0	1773436647353
1882	981	2737	1927	0	0	0	0	1773436648451
1857	936	2764	1958	0	0	0	0	1773436649608
1842	946	2787	1969	0	0	0	0	1773436651001
1865	982	2805	1975	0	0	0	0	1773436652315
1838	1001	2705	1984	0	0	0	0	1773436653641
1857	941	2740	1993	0	0	0	0	1773436654998
1847	942	2774	0	0	0	0	0	1773436656263
1859	953	2774	1951	0	0	0	0	1773436657558
1802	981	2797	2014	0	0	0	0	1773436659068
1837	994	2712	2005	0	0	0	0	1773436660373
1855	984	2778	1954	0	0	0	0	1773436661731
1838	963	0	1967	0	0	0	0	1773436662960
1867	951	2695	0	0	0	0	0	1773436664292
1810	985	2776	1981	0	0	0	0	1773436665521
1838	989	2786	1999	0	0	0	0	1773436666882
1853	994	2695	1952	0	0	0	0	1773436668235
1848	951	2758	1929	0	0	0	0	1773436669614
1870	0	2770	1954	0	0	0	0	1773436670846
1804	958	2769	1965	0	0	0	0	1773436671921
1834	993	2776	1982	0	0	0	0	1773436673057
1846	966	2711	1985	0	0	0	0	1773436674323
1847	965	2749	1956	0	0	0	0	1773436675657
1864	965	2754	1945	0	0	0	0	1773436676941
1842	993	2774	1967	0	0	0	0	1773436678318
1853	966	0	1982	0	0	0	0	1773436679754
1842	981	2756	1967	0	0	0	0	1773436680927
1870	1001	2705	1942	0	0	0	0	1773436682112
1849	945	2744	1944	0	0	0	0	1773436683466
1840	906	2765	1970	0	0	0	0	1773436684926
1853	925	2778	1882	0	0	0	0	1773436686327
1826	964	2786	0	0	0	0	0	1773436687486
1848	988	2673	1964	0	0	0	0	1773436688766
1846	950	2714	1929	0	0	0	0	1773436690201
1866	877	2740	1931	0	0	0	0	1773436691635
1853	0	2772	1904	0	0	0	0	1773436692998
1874	930	2781	1995	0	0	0	0	1773436694142
1841	954	2691	2000	0	0	0	0	1773436695239
1868	966	2745	1969	0	0	0	0	1773436696384
1881	891	2776	1907	0	0	0	0	1773436697775
1832	926	2793	1956	0	0	0	0	1773436699314
1852	936	2706	2030	0	0	0	0	1773436700548
1855	946	0	2011	0	0	0	0	1773436701988
1871	968	2710	1941	0	0	0	0	1773436703053
1880	974	2757	1867	0	0	0	0	1773436704192
1814	893	2777	1917	0	0	0	0	1773436705668
1844	913	2799	1993	0	0	0	0	1773436707094
1848	947	2693	1993	0	0	0	0	1773436708426
1878	963	2744	0	0	0	0	0	1773436709724
1851	979	2756	1951	0	0	0	0	1773436710882
1863	959	2768	1870	0	0	0	0	1773436712216
1856	977	2782	1935	0	0	0	0	1773436713613
1838	966	2646	2004	0	0	0	0	1773436714876
1871	989	2715	2009	0	0	0	0	1773436716207
1850	0	2739	1938	0	0	0	0	1773436717470
1853	914	2759	1873	0	0	0	0	1773436718619
1810	927	2706	1919	0	0	0	0	1773436719721
1838	957	2731	1947	0	0	0	0	1773436721224
1856	968	2765	1973	0	0	0	0	1773436722569
1819	980	2776	1939	0	0	0	0	1773436723989
1836	889	2681	1960	0	0	0	0	1773436725168
1818	942	0	1985	0	0	0	0	1773436726376
1843	973	2722	1986	0	0	0	0	1773436727675
1853	986	2752	1986	0	0	0	0	1773436728959
1841	925	2782	1954	0	0	0	0	1773436730338
1875	962	2781	1969	0	0	0	0	1773436731771
1846	905	2628	0	0	0	0	0	1773436733053
1862	952	2691	1983	0	0	0	0	1773436734136
1830	905	2724	1977	0	0	0	0	1773436735307
1853	952	2759	1980	0	0	0	0	1773436736516
1858	971	2758	1991	0	0	0	0	1773436737949
1860	917	2624	1869	0	0	0	0	1773436739451
1846	922	2684	1980	0	0	0	0	1773436740680
1838	0	2738	1963	0	0	0	0	1773436742011
1852	958	2753	1982	0	0	0	0	1773436743090
1859	948	2635	1882	0	0	0	0	1773436744342
1840	967	2676	1904	0	0	0	0	1773436745800
1856	906	2726	1992	0	0	0	0	1773436747288
1837	957	0	1863	0	0	0	0	1773436748671
1853	946	2754	1909	0	0	0	0	1773436749787
1853	965	2773	1938	0	0	0	0	1773436750978
1865	982	2653	1967	0	0	0	0	1773436752355
1873	883	2688	2027	0	0	0	0	1773436753790
1796	918	2730	1916	0	0	0	0	1773436755175
1843	943	2743	0	0	0	0	0	1773436756503
1844	959	2769	1933	0	0	0	0	1773436757609
1852	916	2624	1929	0	0	0	0	1773436758756
1839	883	2671	1985	0	0	0	0	1773436759830
1823	930	2720	2008	0	0	0	0	1773436761262
1854	939	2738	1922	0	0	0	0	1773436763824
1820	958	2705	1942	0	0	0	0	1773436764336
1845	971	2730	1952	0	0	0	0	1773436765310
1789	916	0	2010	0	0	0	0	1773436766574
1814	916	2626	1989	0	0	0	0	1773436768020
1819	948	2678	1900	0	0	0	0	1773436769356
1845	972	2693	1920	0	0	0	0	1773436770796
1823	0	2734	1934	0	0	0	0	1773436772071
1834	869	2740	2007	0	0	0	0	1773436773190
1841	888	2647	1998	0	0	0	0	1773436774596
1828	913	2733	1913	0	0	0	0	1773436776018
1843	949	2746	1936	0	0	0	0	1773436777418
1855	931	2682	1940	0	0	0	0	1773436778690
1849	934	2710	0	0	0	0	0	1773436779902
1834	929	2632	1993	0	0	0	0	1773436780985
1828	936	2739	1878	0	0	0	0	1773436782081
1850	957	2651	1929	0	0	0	0	1773436783357
1850	967	2698	1933	0	0	0	0	1773436784611
1842	896	2713	1945	0	0	0	0	1773436785940
1847	911	2657	1952	0	0	0	0	1773436787375
1816	931	0	1960	0	0	0	0	1773436788808
1847	957	2743	1882	0	0	0	0	1773436789910
1811	971	2635	1925	0	0	0	0	1773436791214
1831	882	2696	1923	0	0	0	0	1773436792600
1848	896	2722	1983	0	0	0	0	1773436794033
1808	0	2741	1885	0	0	0	0	1773436795466
1821	935	2739	0	0	0	0	0	1773436796693
1820	965	2627	1924	0	0	0	0	1773436798048
1844	0	2669	1992	0	0	0	0	1773436799283
1825	869	2710	1995	0	0	0	0	1773436800788
1829	915	2741	0	0	0	0	0	1773436802072
1830	927	2735	1910	0	0	0	0	1773436803246
1847	948	2655	1967	0	0	0	0	1773436804329
1844	946	2686	1945	0	0	0	0	1773436805398
1821	957	2711	1953	0	0	0	0	1773436806573
1840	904	2742	1972	0	0	0	0	1773436807807
1784	955	2668	1989	0	0	0	0	1773436809241
1821	891	2692	1967	0	0	0	0	1773436810622
1831	932	2716	1929	0	0	0	0	1773436811950
1825	953	0	1942	0	0	0	0	1773436813285
1850	945	2723	1951	0	0	0	0	1773436814671
1786	896	2741	1973	0	0	0	0	1773436815944
1820	934	2646	1949	0	0	0	0	1773436817328
1828	902	2673	1992	0	0	0	0	1773436818710
1833	0	2709	1913	0	0	0	0	1773436819940
1824	939	2717	1879	0	0	0	0	1773436821265
1841	923	2731	1918	0	0	0	0	1773436822780
1841	925	2656	1965	0	0	0	0	1773436823991
1802	963	2664	1919	0	0	0	0	1773436825327
1807	948	2701	0	0	0	0	0	1773436826647
1813	912	2724	1876	0	0	0	0	1773436827697
1824	920	2731	1923	0	0	0	0	1773436828848
1776	964	2612	1949	0	0	0	0	1773436829944
1814	947	2662	1942	0	0	0	0	1773436831305
1835	932	2697	1939	0	0	0	0	1773436832650
1802	942	2714	1947	0	0	0	0	1773436833966
