2535	1651	2842	2471	0	0	0	0	1780334619134
2526	1644	2799	2514	0	0	0	0	1780334620505
2471	1642	2782	2505	0	0	0	0	1780334621818
2529	1659	2861	0	0	0	0	0	1780334623818
2561	1704	2862	2505	0	0	0	0	1780334624839
2542	1670	2788	2613	0	0	0	0	1780334625836
2581	1659	2874	2525	0	0	0	0	1780334626831
2507	1694	2883	2621	0	0	0	0	1780334627838
2515	1650	2792	2566	0	0	0	0	1780334628835
2532	1642	2828	2533	0	0	0	0	1780334629836
2490	1693	2808	2596	0	0	0	0	1780334630838
2503	1700	2844	2606	0	0	0	0	1780334631834
2611	1701	2859	2542	0	0	0	0	1780334632830
2547	1673	2829	2524	0	0	0	0	1780334633849
2553	1714	2911	2588	0	0	0	0	1780334634854
2593	1704	2892	2591	0	0	0	0	1780334635845
2538	1681	2803	2524	0	0	0	0	1780334636853
2531	1707	2789	2614	0	0	0	0	1780334637854
2528	1643	2871	2533	0	0	0	0	1780334638853
2528	1654	2787	2597	0	0	0	0	1780334639846
2532	1658	2845	2572	0	0	0	0	1780334640845
2506	1647	2827	2560	0	0	0	0	1780334641845
2490	1665	2850	2605	0	0	0	0	1780334642857
2525	1719	2819	2553	0	0	0	0	1780334643858
2520	1674	2883	2584	0	0	0	0	1780334644853
2531	1710	2907	2506	0	0	0	0	1780334645851
2562	1649	2898	2569	0	0	0	0	1780334646853
2610	1674	2915	2543	0	0	0	0	1780334647846
2609	1679	2834	2546	0	0	0	0	1780334648854
2500	1650	2859	2538	0	0	0	0	1780334649846
2541	1642	2799	2561	0	0	0	0	1780334650852
2504	1690	2797	2625	0	0	0	0	1780334651848
2605	1717	2875	2584	0	0	0	0	1780334652846
2542	1648	2908	2517	0	0	0	0	1780334655083
2523	1645	2807	2516	0	0	0	0	1780334656081
2551	1722	2888	2579	0	0	0	0	1780334657098
2565	1718	2848	2530	0	0	0	0	1780334658101
2595	1657	2858	2560	0	0	0	0	1780334659114
2569	1711	2874	2592	0	0	0	0	1780334660112
2553	1695	2882	2513	0	0	0	0	1780334661126
2529	1698	2810	2513	0	0	0	0	1780334662143
2590	1716	2793	2576	0	0	0	0	1780334663147
2520	1679	2918	2548	0	0	0	0	1780334664149
2538	1687	2884	2535	0	0	0	0	1780334665146
2584	1647	2855	2542	0	0	0	0	1780334666142
2494	1720	2787	2546	0	0	0	0	1780334667141
2562	1674	2791	2591	0	0	0	0	1780334668149
2556	1717	2851	2526	0	0	0	0	1780334669148
2585	1702	2835	2614	0	0	0	0	1780334670155
2494	1700	2871	2629	0	0	0	0	1780334671159
2511	1699	2896	2543	0	0	0	0	1780334672174
2584	1657	2797	2523	0	0	0	0	1780334673174
2538	1699	2799	2551	0	0	0	0	1780334674181
2537	1714	2813	2519	0	0	0	0	1780334675173
2504	1643	2899	2581	0	0	0	0	1780334676184
2594	1687	2890	2561	0	0	0	0	1780334677184
2504	1697	2898	2513	0	0	0	0	1780334678182
2583	1709	2817	2582	0	0	0	0	1780334679174
2507	1671	2906	2598	0	0	0	0	1780334680175
2496	1668	2896	2508	0	0	0	0	1780334681174
2608	1676	2846	2623	0	0	0	0	1780334682184
2609	1694	2852	2536	0	0	0	0	1780334683188
2500	1648	2833	2537	0	0	0	0	1780334684200
2574	1713	2902	2547	0	0	0	0	1780334685198
2510	1683	2859	2537	0	0	0	0	1780334686189
2548	1673	2860	2518	0	0	0	0	1780334687194
2580	1689	2816	2514	0	0	0	0	1780334688190
2562	1690	2892	2526	0	0	0	0	1780334689188
2597	1694	2857	2563	0	0	0	0	1780334690199
2545	1660	2818	2546	0	0	0	0	1780334691189
2589	1683	2864	2531	0	0	0	0	1780334692189
2604	1677	2853	2606	0	0	0	0	1780334693195
2608	1692	2796	2592	0	0	0	0	1780334694197
2493	1652	2839	2624	0	0	0	0	1780334695189
2491	1665	2919	2544	0	0	0	0	1780334696190
2490	1677	2904	2590	0	0	0	0	1780334697193
2585	1701	2884	2556	0	0	0	0	1780334698197
2565	1664	2788	2562	0	0	0	0	1780334699195
2500	1647	2787	2569	0	0	0	0	1780334700188
2585	1701	2880	2572	0	0	0	0	1780334701188
2489	1642	2903	2554	0	0	0	0	1780334702203
2506	1705	2797	2565	0	0	0	0	1780334703188
2523	1644	2789	2553	0	0	0	0	1780334704197
2593	1695	2910	2534	0	0	0	0	1780334705189
2557	1713	2882	2579	0	0	0	0	1780334706197
2502	1675	2806	2546	0	0	0	0	1780334707189
2543	1710	2826	2537	0	0	0	0	1780334708196
2556	1649	2869	2581	0	0	0	0	1780334709190
2585	1643	2831	2518	0	0	0	0	1780334710197
2532	1708	2807	2558	0	0	0	0	1780334711193
2585	1682	2886	2575	0	0	0	0	1780334712196
2574	1662	2846	2563	0	0	0	0	1780334713211
2496	1692	2822	2524	0	0	0	0	1780334714213
2567	1674	2835	2541	0	0	0	0	1780334715211
2504	1653	2803	2596	0	0	0	0	1780334716210
2505	1658	2804	2569	0	0	0	0	1780334717205
2521	1709	2902	2515	0	0	0	0	1780334718210
2498	1702	2865	2568	0	0	0	0	1780334719211
2551	1707	2809	2523	0	0	0	0	1780334720213
2522	1659	2849	2521	0	0	0	0	1780334721211
2502	1718	2787	2544	0	0	0	0	1780334722205
2556	1711	2800	2629	0	0	0	0	1780334723218
2535	1649	2794	2575	0	0	0	0	1780334724208
2529	1686	2877	2557	0	0	0	0	1780334725211
2568	1687	2826	2548	0	0	0	0	1780334726213
2561	1643	2858	2610	0	0	0	0	1780334727205
2511	1643	2796	2604	0	0	0	0	1780334728209
2599	1684	2916	2554	0	0	0	0	1780334729217
2491	1686	2912	2561	0	0	0	0	1780334730213
2521	1717	2795	2598	0	0	0	0	1780334731210
2598	1686	2919	2522	0	0	0	0	1780334732212
2579	1720	2816	2530	0	0	0	0	1780334733204
2498	1702	2878	2604	0	0	0	0	1780334734205
2607	1654	2913	2588	0	0	0	0	1780334735205
2581	1646	2783	2547	0	0	0	0	1780334736213
2579	1700	2862	2574	0	0	0	0	1780334737210
2528	1688	2783	2505	0	0	0	0	1780334738206
2499	1722	2873	2557	0	0	0	0	1780334739205
2531	1706	2827	2598	0	0	0	0	1780334740211
2527	1670	2802	2594	0	0	0	0	1780334741205
2548	1682	2896	2592	0	0	0	0	1780334742213
2542	1703	2906	2512	0	0	0	0	1780334743208
2503	1686	2857	2607	0	0	0	0	1780334744211
2558	1672	2879	2614	0	0	0	0	1780334745206
2553	1684	2905	2617	0	0	0	0	1780334746206
2537	1672	2907	2507	0	0	0	0	1780334747212
2570	1680	2905	2525	0	0	0	0	1780334748213
2505	1701	2830	2601	0	0	0	0	1780334749206
2512	1702	2868	2530	0	0	0	0	1780334750208
2558	1714	2881	2621	0	0	0	0	1780334751205
2575	1687	2807	2526	0	0	0	0	1780334752205
2518	1642	2807	2525	0	0	0	0	1780334753206
2592	1665	2818	2518	0	0	0	0	1780334754212
2512	1643	2836	2584	0	0	0	0	1780334755211
2545	1693	2861	2583	0	0	0	0	1780334756212
2506	1685	2861	2580	0	0	0	0	1780334757217
2501	1670	2865	2515	0	0	0	0	1780334758213
2521	1687	2845	2613	0	0	0	0	1780334759210
2564	1684	2848	2605	0	0	0	0	1780334760210
2549	1704	2896	2514	0	0	0	0	1780334761204
2551	1690	2877	2584	0	0	0	0	1780334762215
2587	1695	2905	2605	0	0	0	0	1780334763219
2502	1651	2829	2596	0	0	0	0	1780334764209
2561	1707	2882	2612	0	0	0	0	1780334765210
2488	1708	2792	2616	0	0	0	0	1780334766211
2557	1642	2830	2617	0	0	0	0	1780334767204
2607	1663	2825	2546	0	0	0	0	1780334768204
2599	1718	2838	2570	0	0	0	0	1780334769205
2513	1712	2891	2610	0	0	0	0	1780334770207
2570	1722	2833	2614	0	0	0	0	1780334771205
2576	1653	2887	2624	0	0	0	0	1780334772208
2531	1715	2841	2613	0	0	0	0	1780334773205
2575	1706	2920	2603	0	0	0	0	1780334774209
2558	1675	2866	2522	0	0	0	0	1780334775208
2495	1673	2806	2555	0	0	0	0	1780334776213
2502	1678	2836	2625	0	0	0	0	1780334777205
2530	1656	2821	2538	0	0	0	0	1780334778218
2529	1666	2890	2581	0	0	0	0	1780334779205
2588	1667	2811	2539	0	0	0	0	1780334780211
2506	1694	2817	2585	0	0	0	0	1780334781211
2517	1719	2899	2555	0	0	0	0	1780334782213
2610	1706	2871	2610	0	0	0	0	1780334783206
2576	1684	2866	2507	0	0	0	0	1780334784210
2512	1687	2814	2573	0	0	0	0	1780334785211
2495	1706	2812	2568	0	0	0	0	1780334786208
2513	1650	2816	2615	0	0	0	0	1780334787205
2513	1693	2806	2575	0	0	0	0	1780334788205
2529	1708	2819	2618	0	0	0	0	1780334789211
2562	1699	2814	2594	0	0	0	0	1780334790212
2539	1650	2864	2569	0	0	0	0	1780334791219
2575	1709	2854	2513	0	0	0	0	1780334792209
2580	1687	2790	2610	0	0	0	0	1780334793211
2579	1668	2884	2584	0	0	0	0	1780334794213
2553	1678	2906	2627	0	0	0	0	1780334795204
2507	1663	2918	2507	0	0	0	0	1780334796215
2525	1706	2811	2620	0	0	0	0	1780334797205
2491	1715	2794	2582	0	0	0	0	1780334798214
2520	1667	2822	2622	0	0	0	0	1780334799211
2554	1666	2870	2514	0	0	0	0	1780334800213
2519	1650	2851	2589	0	0	0	0	1780334801205
2575	1709	2860	2600	0	0	0	0	1780334802209
2505	1673	2789	2508	0	0	0	0	1780334803211
2570	1673	2888	2618	0	0	0	0	1780334804205
2500	1682	2895	2620	0	0	0	0	1780334805207
2515	1704	2908	2543	0	0	0	0	1780334806213
2494	1673	2892	2612	0	0	0	0	1780334807205
2543	1666	2891	2544	0	0	0	0	1780334808215
2556	1678	2834	2627	0	0	0	0	1780334809210
2585	1647	2782	2619	0	0	0	0	1780334810213
2550	1706	2883	2592	0	0	0	0	1780334811207
2575	1687	2854	2517	0	0	0	0	1780334812214
2501	1650	2814	2574	0	0	0	0	1780334813205
2534	1714	2792	2513	0	0	0	0	1780334814207
2540	1678	2829	2578	0	0	0	0	1780334815205
2538	1721	2798	2592	0	0	0	0	1780334816213
2527	1643	2845	2608	0	0	0	0	1780334817209
2491	1713	2810	2599	0	0	0	0	1780334818213
2539	1680	2806	2548	0	0	0	0	1780334819205
2577	1701	2827	2517	0	0	0	0	1780334820211
2588	1668	2834	2561	0	0	0	0	1780334821206
2505	1678	2851	2565	0	0	0	0	1780334822212
2498	1676	2808	2518	0	0	0	0	1780334823205
2590	1678	2835	2598	0	0	0	0	1780334824207
2560	1679	2886	2572	0	0	0	0	1780334825205
2545	1710	2905	2606	0	0	0	0	1780334826208
2552	1646	2828	2509	0	0	0	0	1780334827211
2505	1644	2861	2614	0	0	0	0	1780334828213
2494	1650	2895	2585	0	0	0	0	1780334829211
2507	1647	2813	2530	0	0	0	0	1780334830204
2596	1645	2815	2626	0	0	0	0	1780334831205
2503	1679	2800	2597	0	0	0	0	1780334832219
2488	1704	2914	2576	0	0	0	0	1780334833227
2497	1717	2799	2611	0	0	0	0	1780334834235
2530	1688	2836	2585	0	0	0	0	1780334835232
2561	1688	2784	2598	0	0	0	0	1780334836230
2550	1650	2837	2521	0	0	0	0	1780334837221
2492	1648	2831	2532	0	0	0	0	1780334838229
2547	1707	2803	2610	0	0	0	0	1780334839230
2605	1685	2893	2596	0	0	0	0	1780334840235
2586	1652	2884	2566	0	0	0	0	1780334841221
2593	1663	2792	2514	0	0	0	0	1780334842221
2608	1688	2914	2582	0	0	0	0	1780334843220
2547	1712	2814	2584	0	0	0	0	1780334844231
2512	1696	2867	2511	0	0	0	0	1780334845221
2565	1644	2792	2593	0	0	0	0	1780334846229
2602	1690	2785	2585	0	0	0	0	1780334847227
2601	1654	2870	2535	0	0	0	0	1780334848229
2495	1655	2811	2556	0	0	0	0	1780334849221
2581	1662	2813	2566	0	0	0	0	1780334850220
2534	1648	2902	2533	0	0	0	0	1780334851239
2599	1659	2907	2553	0	0	0	0	1780334852236
2524	1711	2845	2514	0	0	0	0	1780334853253
2609	1665	2876	2508	0	0	0	0	1780334854251
2561	1699	2808	2522	0	0	0	0	1780334855259
2562	1676	2915	2594	0	0	0	0	1780334856266
2577	1644	2919	2540	0	0	0	0	1780334857269
2603	1657	2907	2591	0	0	0	0	1780334858283
2501	1647	2840	2524	0	0	0	0	1780334859291
2571	1666	2887	2580	0	0	0	0	1780334860299
2491	1667	2903	2595	0	0	0	0	1780334861323
2568	1656	2786	2544	0	0	0	0	1780334862315
2577	1688	2802	2584	0	0	0	0	1780334863329
2560	1691	2879	2529	0	0	0	0	1780334864331
2499	1681	2795	2546	0	0	0	0	1780334865333
2497	1692	2851	2528	0	0	0	0	1780334866347
2560	1713	2902	2512	0	0	0	0	1780334867350
2533	1688	2837	2513	0	0	0	0	1780334868363
2516	1652	2818	2618	0	0	0	0	1780334869365
2599	1723	2794	2580	0	0	0	0	1780334870380
2537	1713	2803	2576	0	0	0	0	1780334871391
2540	1721	2867	2550	0	0	0	0	1780334872379
2494	1698	2894	2509	0	0	0	0	1780334873382
2586	1710	2890	2573	0	0	0	0	1780334874379
2495	1694	2912	2629	0	0	0	0	1780334875387
2521	1683	2851	2619	0	0	0	0	1780334876392
2564	1652	2814	2571	0	0	0	0	1780334877398
2517	1680	2871	2592	0	0	0	0	1780334878410
2557	1660	2908	2566	0	0	0	0	1780334879408
2533	1721	2892	2569	0	0	0	0	1780334880409
2500	1721	2862	2628	0	0	0	0	1780334881409
2515	1703	2862	2517	0	0	0	0	1780334882410
2506	1668	2858	2523	0	0	0	0	1780334883408
2533	1670	2790	2562	0	0	0	0	1780334884410
2546	1719	2835	2510	0	0	0	0	1780334885408
2502	1697	2893	2561	0	0	0	0	1780334886427
2550	1649	2895	2532	0	0	0	0	1780334887438
2539	1660	2909	2628	0	0	0	0	1780334888443
2559	1646	2901	2619	0	0	0	0	1780334889445
2539	1710	2892	2584	0	0	0	0	1780334890443
2498	1661	2900	2609	0	0	0	0	1780334891445
2539	1668	2912	2621	0	0	0	0	1780334892446
2510	1707	2847	2576	0	0	0	0	1780334893445
2518	1666	2892	2527	0	0	0	0	1780334894443
2595	1662	2851	2555	0	0	0	0	1780334895445
2494	1674	2884	2562	0	0	0	0	1780334896443
2574	1695	2786	2605	0	0	0	0	1780334897442
2606	1690	2880	2578	0	0	0	0	1780334898450
2570	1697	2878	2580	0	0	0	0	1780334899443
2534	1695	2895	2527	0	0	0	0	1780334900441
2520	1682	2783	2606	0	0	0	0	1780334901445
2526	1707	2838	2555	0	0	0	0	1780334902456
2536	1701	2785	2570	0	0	0	0	1780334903461
2579	1696	2903	2535	0	0	0	0	1780334904475
2518	1664	2878	2509	0	0	0	0	1780334905477
2596	1695	2802	2576	0	0	0	0	1780334906491
2559	1721	2905	2543	0	0	0	0	1780334907493
2603	1670	2811	2605	0	0	0	0	1780334908485
2525	1676	2879	2575	0	0	0	0	1780334909495
2513	1662	2821	2592	0	0	0	0	1780334910503
2570	1667	2915	2599	0	0	0	0	1780334911487
2597	1646	2920	2588	0	0	0	0	1780334912491
2597	1690	2804	2591	0	0	0	0	1780334913493
2574	1680	2820	2516	0	0	0	0	1780334914507
2527	1687	2914	2579	0	0	0	0	1780334915508
2581	1723	2812	2509	0	0	0	0	1780334916501
2552	1706	2881	2600	0	0	0	0	1780334917504
2588	1647	2800	2590	0	0	0	0	1780334918507
2568	1688	2822	2574	0	0	0	0	1780334919504
2537	1686	2905	2577	0	0	0	0	1780334920501
2563	1699	2916	2574	0	0	0	0	1780334921509
2599	1713	2834	2544	0	0	0	0	1780334922506
2584	1686	2868	2590	0	0	0	0	1780334923506
2516	1706	2856	2614	0	0	0	0	1780334924501
2605	1684	2878	2579	0	0	0	0	1780334925501
2577	1683	2818	2578	0	0	0	0	1780334926507
2566	1679	2918	2598	0	0	0	0	1780334927504
2602	1650	2837	2556	0	0	0	0	1780334928507
2522	1660	2794	2534	0	0	0	0	1780334929508
2607	1666	2822	2521	0	0	0	0	1780334930501
2510	1689	2794	2619	0	0	0	0	1780334931508
2516	1649	2911	2604	0	0	0	0	1780334932502
2489	1673	2811	2552	0	0	0	0	1780334933502
2554	1720	2862	2575	0	0	0	0	1780334934501
2489	1670	2917	2509	0	0	0	0	1780334935502
2524	1650	2814	2569	0	0	0	0	1780334936501
2592	1711	2883	2597	0	0	0	0	1780334937502
2591	1672	2843	2603	0	0	0	0	1780334938507
2591	1698	2889	2616	0	0	0	0	1780334939509
2594	1646	2890	2561	0	0	0	0	1780334940502
2575	1720	2897	2572	0	0	0	0	1780334941502
2587	1661	2856	2604	0	0	0	0	1780334942506
2555	1722	2870	2602	0	0	0	0	1780334943509
2563	1666	2838	2578	0	0	0	0	1780334944506
2532	1675	2855	2531	0	0	0	0	1780334945509
2510	1711	2797	2611	0	0	0	0	1780334946501
2573	1703	2888	2616	0	0	0	0	1780334947503
2541	1678	2853	2539	0	0	0	0	1780334948515
2568	1717	2791	2621	0	0	0	0	1780334949509
2526	1687	2915	2607	0	0	0	0	1780334950507
2591	1681	2792	2617	0	0	0	0	1780334951503
2572	1693	2857	2550	0	0	0	0	1780334952507
2519	1717	2904	2617	0	0	0	0	1780334953507
2568	1703	2802	2605	0	0	0	0	1780334954501
2520	1702	2805	2529	0	0	0	0	1780334955509
2549	1655	2842	2561	0	0	0	0	1780334956507
2522	1694	2904	2548	0	0	0	0	1780334957502
2589	1712	2816	2585	0	0	0	0	1780334958520
2590	1688	2829	2507	0	0	0	0	1780334959524
2586	1691	2795	2511	0	0	0	0	1780334960517
2551	1673	2796	2528	0	0	0	0	1780334961529
2502	1710	2886	2582	0	0	0	0	1780334962517
2602	1699	2784	2563	0	0	0	0	1780334963525
2559	1686	2906	2533	0	0	0	0	1780334964523
2603	1690	2883	2615	0	0	0	0	1780334965519
2496	1718	2868	2615	0	0	0	0	1780334966517
2498	1701	2915	2596	0	0	0	0	1780334967522
2514	1719	2865	2620	0	0	0	0	1780334968528
2582	1708	2884	2505	0	0	0	0	1780334969519
2511	1680	2878	2541	0	0	0	0	1780334970523
2509	1643	2892	2533	0	0	0	0	1780334971526
2510	1716	2831	2580	0	0	0	0	1780334972524
2550	1696	2814	2615	0	0	0	0	1780334973526
2521	1702	2876	2622	0	0	0	0	1780334974528
2582	1679	2804	2615	0	0	0	0	1780334975519
2602	1672	2805	2522	0	0	0	0	1780334976517
2608	1706	2857	2624	0	0	0	0	1780334977526
2603	1690	2865	2507	0	0	0	0	1780334978516
2528	1695	2812	2588	0	0	0	0	1780334979517
2555	1669	2832	2529	0	0	0	0	1780334980523
2584	1704	2853	2605	0	0	0	0	1780334981525
2534	1657	2788	2606	0	0	0	0	1780334982523
2502	1710	2903	2580	0	0	0	0	1780334983533
2536	1670	2786	2549	0	0	0	0	1780334984537
2604	1681	2847	2549	0	0	0	0	1780334985533
2539	1686	2907	2530	0	0	0	0	1780334986533
2592	1643	2813	2573	0	0	0	0	1780334987542
2592	1651	2787	2589	0	0	0	0	1780334988534
2532	1669	2800	2534	0	0	0	0	1780334989541
2554	1661	2815	2522	0	0	0	0	1780334990538
2583	1653	2855	2609	0	0	0	0	1780334991533
2496	1655	2847	2573	0	0	0	0	1780334992533
2562	1664	2877	2531	0	0	0	0	1780334993533
2570	1645	2802	2539	0	0	0	0	1780334994533
2516	1694	2876	2579	0	0	0	0	1780334995539
2555	1682	2865	2513	0	0	0	0	1780334996538
2606	1695	2800	2508	0	0	0	0	1780334997535
2570	1707	2897	2579	0	0	0	0	1780334998533
2508	1658	2809	2516	0	0	0	0	1780334999547
2564	1648	2797	2563	0	0	0	0	1780335000533
2606	1649	2864	2621	0	0	0	0	1780335001538
2572	1675	2844	2526	0	0	0	0	1780335002538
2536	1648	2806	2604	0	0	0	0	1780335003541
2491	1672	2794	2537	0	0	0	0	1780335004542
2506	1702	2884	2522	0	0	0	0	1780335005545
2565	1721	2848	2512	0	0	0	0	1780335006535
2597	1681	2850	2610	0	0	0	0	1780335007538
2542	1652	2878	2546	0	0	0	0	1780335008532
2537	1682	2889	2563	0	0	0	0	1780335009548
2513	1685	2819	2609	0	0	0	0	1780335010554
2589	1713	2890	2556	0	0	0	0	1780335011550
2605	1720	2838	2570	0	0	0	0	1780335012549
2533	1694	2803	2623	0	0	0	0	1780335013548
2519	1711	2808	2560	0	0	0	0	1780335014550
2559	1722	2841	2628	0	0	0	0	1780335015552
2569	1673	2816	2576	0	0	0	0	1780335016555
2534	1689	2822	2546	0	0	0	0	1780335017548
2574	1667	2838	2542	0	0	0	0	1780335018549
2529	1685	2850	2570	0	0	0	0	1780335019549
2600	1665	2817	2557	0	0	0	0	1780335020549
2502	1705	2891	2606	0	0	0	0	1780335021557
2536	1667	2789	2524	0	0	0	0	1780335022554
2521	1719	2850	2570	0	0	0	0	1780335023550
2502	1678	2806	2583	0	0	0	0	1780335024554
2577	1648	2872	2577	0	0	0	0	1780335025548
2562	1723	2918	2619	0	0	0	0	1780335026550
2506	1704	2823	2620	0	0	0	0	1780335027557
2580	1691	2809	2562	0	0	0	0	1780335028555
2554	1653	2785	2512	0	0	0	0	1780335029557
2497	1643	2848	2567	0	0	0	0	1780335030548
2591	1655	2804	2543	0	0	0	0	1780335031556
2568	1653	2808	2526	0	0	0	0	1780335032549
2502	1682	2901	2552	0	0	0	0	1780335033557
2590	1664	2845	2533	0	0	0	0	1780335034548
2588	1681	2801	2532	0	0	0	0	1780335035557
2554	1715	2801	2561	0	0	0	0	1780335036551
2560	1719	2842	2611	0	0	0	0	1780335037551
2593	1661	2883	2536	0	0	0	0	1780335038552
2578	1675	2899	2629	0	0	0	0	1780335039557
2587	1712	2902	2529	0	0	0	0	1780335040548
2590	1699	2896	2508	0	0	0	0	1780335041560
2581	1672	2803	2518	0	0	0	0	1780335042549
2574	1654	2838	2560	0	0	0	0	1780335043558
2525	1655	2787	2556	0	0	0	0	1780335044550
2500	1719	2790	2618	0	0	0	0	1780335045558
2513	1708	2803	2625	0	0	0	0	1780335046557
2553	1665	2840	2608	0	0	0	0	1780335047549
2531	1723	2865	2615	0	0	0	0	1780335048554
2549	1704	2914	2534	0	0	0	0	1780335049554
2551	1718	2912	2511	0	0	0	0	1780335050548
2496	1662	2879	2560	0	0	0	0	1780335051557
2589	1657	2849	2575	0	0	0	0	1780335052549
2582	1652	2911	2548	0	0	0	0	1780335053549
2503	1686	2842	2586	0	0	0	0	1780335054550
2508	1720	2882	2577	0	0	0	0	1780335055558
2589	1668	2797	2543	0	0	0	0	1780335056549
2529	1721	2867	2608	0	0	0	0	1780335057552
2604	1672	2856	2564	0	0	0	0	1780335058549
2582	1678	2830	2602	0	0	0	0	1780335059554
2590	1653	2831	2540	0	0	0	0	1780335060561
2531	1711	2814	2590	0	0	0	0	1780335061552
2558	1696	2862	2590	0	0	0	0	1780335062550
2567	1720	2894	2522	0	0	0	0	1780335063556
2508	1675	2917	2512	0	0	0	0	1780335064548
2572	1655	2903	2561	0	0	0	0	1780335065560
2533	1651	2818	2573	0	0	0	0	1780335066549
2517	1720	2905	2609	0	0	0	0	1780335067557
2557	1722	2907	2527	0	0	0	0	1780335068554
2518	1710	2909	2542	0	0	0	0	1780335069555
2515	1707	2809	2544	0	0	0	0	1780335070549
2563	1661	2842	2589	0	0	0	0	1780335071559
2565	1658	2900	2597	0	0	0	0	1780335072549
2577	1688	2854	2545	0	0	0	0	1780335073557
2497	1687	2854	2600	0	0	0	0	1780335074555
2524	1712	2824	2536	0	0	0	0	1780335075557
2513	1662	2877	2598	0	0	0	0	1780335076549
2571	1661	2900	2623	0	0	0	0	1780335077552
2548	1667	2916	2506	0	0	0	0	1780335078555
2523	1701	2792	2545	0	0	0	0	1780335079555
2595	1645	2918	2543	0	0	0	0	1780335080554
2549	1708	2857	2600	0	0	0	0	1780335081555
2500	1680	2889	2590	0	0	0	0	1780335082549
2591	1686	2858	2605	0	0	0	0	1780335083553
2510	1680	2903	2536	0	0	0	0	1780335084550
2547	1720	2871	2570	0	0	0	0	1780335085550
2488	1674	2876	2592	0	0	0	0	1780335086555
2580	1718	2840	2582	0	0	0	0	1780335087553
2494	1647	2877	2581	0	0	0	0	1780335088549
2502	1651	2836	2551	0	0	0	0	1780335089549
2511	1644	2830	2510	0	0	0	0	1780335090548
2503	1644	2892	2587	0	0	0	0	1780335091558
2569	1672	2880	2593	0	0	0	0	1780335092555
2593	1667	2832	2526	0	0	0	0	1780335093557
2535	1708	2805	2516	0	0	0	0	1780335094549
2509	1688	2830	2622	0	0	0	0	1780335095555
2590	1704	2869	2628	0	0	0	0	1780335096555
2530	1648	2920	2594	0	0	0	0	1780335097558
2557	1643	2803	2514	0	0	0	0	1780335098548
2519	1651	2836	2520	0	0	0	0	1780335099564
2549	1713	2820	2546	0	0	0	0	1780335100569
2589	1691	2784	2508	0	0	0	0	1780335101572
2577	1717	2804	2547	0	0	0	0	1780335102572
2594	1668	2848	2569	0	0	0	0	1780335103566
2556	1646	2825	2609	0	0	0	0	1780335104567
2489	1697	2847	2600	0	0	0	0	1780335105569
2510	1720	2838	2617	0	0	0	0	1780335106571
2603	1688	2844	2545	0	0	0	0	1780335107563
2495	1711	2813	2590	0	0	0	0	1780335108571
2583	1697	2829	2600	0	0	0	0	1780335109573
2591	1646	2839	2608	0	0	0	0	1780335110565
2539	1696	2903	2515	0	0	0	0	1780335111573
2527	1659	2790	2593	0	0	0	0	1780335112578
2526	1665	2802	2545	0	0	0	0	1780335113566
2515	1691	2810	2610	0	0	0	0	1780335114570
2547	1705	2853	2514	0	0	0	0	1780335115571
2569	1674	2863	2550	0	0	0	0	1780335116565
2544	1677	2821	2599	0	0	0	0	1780335117563
2521	1687	2789	2519	0	0	0	0	1780335118574
2593	1679	2859	2609	0	0	0	0	1780335119566
2543	1669	2893	2572	0	0	0	0	1780335120564
2521	1681	2828	2618	0	0	0	0	1780335121569
2498	1645	2843	2575	0	0	0	0	1780335122581
2556	1683	2862	2527	0	0	0	0	1780335123590
2533	1688	2910	2560	0	0	0	0	1780335124580
2608	1668	2851	2512	0	0	0	0	1780335125583
2553	1668	2787	2587	0	0	0	0	1780335126582
2579	1672	2783	2545	0	0	0	0	1780335127595
2517	1712	2822	2628	0	0	0	0	1780335128709
2586	1691	2788	2611	0	0	0	0	1780335129611
2602	1710	2904	2599	0	0	0	0	1780335130613
2569	1648	2833	2575	0	0	0	0	1780335131627
2546	1711	2839	2619	0	0	0	0	1780335132630
2581	1706	2793	2577	0	0	0	0	1780335133627
2565	1680	2871	2538	0	0	0	0	1780335134629
2489	1643	2844	2627	0	0	0	0	1780335135627
2544	1696	2904	2566	0	0	0	0	1780335136630
2598	1657	2851	2580	0	0	0	0	1780335137627
2496	1711	2829	2562	0	0	0	0	1780335138631
2571	1646	2860	2538	0	0	0	0	1780335139633
2577	1712	2792	2623	0	0	0	0	1780335140635
2561	1711	2905	2582	0	0	0	0	1780335141642
2552	1649	2818	2550	0	0	0	0	1780335142647
2516	1712	2784	2562	0	0	0	0	1780335143646
2592	1672	2883	2537	0	0	0	0	1780335144646
2504	1671	2797	2545	0	0	0	0	1780335145643
2534	1656	2919	2584	0	0	0	0	1780335146642
2525	1685	2858	2596	0	0	0	0	1780335147643
2501	1661	2887	2619	0	0	0	0	1780335148649
2599	1669	2911	2561	0	0	0	0	1780335149656
2571	1713	2863	2609	0	0	0	0	1780335150643
2491	1665	2829	2628	0	0	0	0	1780335151643
2597	1642	2797	2626	0	0	0	0	1780335152649
2516	1677	2856	2593	0	0	0	0	1780335153642
2599	1681	2898	2608	0	0	0	0	1780335154645
2595	1693	2843	2589	0	0	0	0	1780335155643
2530	1691	2905	2587	0	0	0	0	1780335156645
2507	1679	2847	2601	0	0	0	0	1780335157643
2488	1680	2878	2530	0	0	0	0	1780335158651
2598	1700	2782	2565	0	0	0	0	1780335159643
2584	1689	2799	2512	0	0	0	0	1780335160646
2547	1700	2868	2629	0	0	0	0	1780335161644
2604	1694	2883	2571	0	0	0	0	1780335162647
2585	1679	2820	2566	0	0	0	0	1780335163643
2533	1688	2918	2622	0	0	0	0	1780335164650
2610	1657	2846	2552	0	0	0	0	1780335165656
2602	1685	2806	2528	0	0	0	0	1780335166645
2570	1668	2788	2556	0	0	0	0	1780335167651
2512	1699	2915	2597	0	0	0	0	1780335168645
2523	1663	2913	2592	0	0	0	0	1780335169643
2611	1650	2793	2536	0	0	0	0	1780335170643
2528	1697	2865	2558	0	0	0	0	1780335171652
2560	1685	2836	2574	0	0	0	0	1780335172642
2527	1684	2860	2513	0	0	0	0	1780335173659
2586	1666	2892	2555	0	0	0	0	1780335174661
2525	1715	2847	2512	0	0	0	0	1780335175668
2526	1655	2801	2608	0	0	0	0	1780335176661
2507	1690	2818	2526	0	0	0	0	1780335177658
2558	1665	2910	2521	0	0	0	0	1780335178662
2595	1688	2800	2538	0	0	0	0	1780335179666
2570	1712	2895	2620	0	0	0	0	1780335180661
2547	1692	2911	2525	0	0	0	0	1780335181659
2610	1643	2896	2622	0	0	0	0	1780335182671
2562	1675	2815	2558	0	0	0	0	1780335183661
2517	1669	2853	2602	0	0	0	0	1780335184661
2572	1686	2827	2543	0	0	0	0	1780335185658
2597	1676	2792	2515	0	0	0	0	1780335186667
2566	1723	2793	2583	0	0	0	0	1780335187658
2544	1654	2888	2534	0	0	0	0	1780335188689
2500	1662	2904	2610	0	0	0	0	1780335189663
2497	1683	2874	2623	0	0	0	0	1780335190666
2606	1689	2857	2528	0	0	0	0	1780335191657
2529	1690	2855	2516	0	0	0	0	1780335192675
2560	1655	2896	2608	0	0	0	0	1780335193675
2502	1652	2816	2548	0	0	0	0	1780335194697
2542	1690	2794	2589	0	0	0	0	1780335195689
2556	1717	2867	2541	0	0	0	0	1780335196692
2576	1670	2917	2607	0	0	0	0	1780335197691
2595	1686	2892	2600	0	0	0	0	1780335198703
2503	1689	2885	2559	0	0	0	0	1780335199707
2542	1696	2881	2542	0	0	0	0	1780335200721
2538	1649	2908	2525	0	0	0	0	1780335201723
2608	1705	2807	2566	0	0	0	0	1780335202721
2546	1675	2855	2522	0	0	0	0	1780335203733
2585	1686	2825	2570	0	0	0	0	1780335204720
2507	1662	2883	2586	0	0	0	0	1780335205722
2569	1670	2786	2511	0	0	0	0	1780335206720
2512	1653	2845	2552	0	0	0	0	1780335207724
2533	1682	2843	2558	0	0	0	0	1780335208725
2559	1704	2847	2557	0	0	0	0	1780335209739
2588	1723	2853	2523	0	0	0	0	1780335210741
2550	1662	2848	2523	0	0	0	0	1780335211755
2575	1719	2871	2537	0	0	0	0	1780335212756
2599	1647	2797	2542	0	0	0	0	1780335213751
2574	1713	2889	2553	0	0	0	0	1780335214761
2598	1687	2813	2583	0	0	0	0	1780335215767
2505	1692	2907	2539	0	0	0	0	1780335216770
2497	1672	2894	2520	0	0	0	0	1780335217784
2491	1700	2909	2627	0	0	0	0	1780335218786
2539	1719	2881	2551	0	0	0	0	1780335219787
2559	1679	2915	2526	0	0	0	0	1780335220788
2518	1682	2895	2609	0	0	0	0	1780335221786
2578	1683	2816	2591	0	0	0	0	1780335222789
2519	1702	2863	2583	0	0	0	0	1780335223782
2554	1703	2838	2515	0	0	0	0	1780335224788
2587	1685	2883	2619	0	0	0	0	1780335225786
2546	1684	2807	2541	0	0	0	0	1780335226789
2512	1713	2818	2543	0	0	0	0	1780335227803
2508	1654	2918	2626	0	0	0	0	1780335228804
2503	1679	2813	2563	0	0	0	0	1780335229819
2546	1691	2889	2531	0	0	0	0	1780335230837
2605	1656	2851	2553	0	0	0	0	1780335231832
2493	1689	2858	2563	0	0	0	0	1780335232837
2542	1710	2883	2591	0	0	0	0	1780335233835
2609	1720	2908	2628	0	0	0	0	1780335234841
2601	1659	2895	2527	0	0	0	0	1780335235830
2542	1671	2920	2505	0	0	0	0	1780335236837
2523	1691	2845	2604	0	0	0	0	1780335237835
2533	1648	2854	2534	0	0	0	0	1780335238837
2516	1719	2806	2597	0	0	0	0	1780335239848
2565	1692	2788	2621	0	0	0	0	1780335240845
2528	1677	2822	2564	0	0	0	0	1780335241845
2530	1703	2858	2599	0	0	0	0	1780335242856
2583	1687	2857	2595	0	0	0	0	1780335243858
2594	1703	2871	2604	0	0	0	0	1780335244856
2593	1660	2791	2538	0	0	0	0	1780335245845
2527	1682	2847	2519	0	0	0	0	1780335246853
2607	1668	2851	2619	0	0	0	0	1780335247846
2546	1650	2811	2508	0	0	0	0	1780335248857
2532	1699	2789	2575	0	0	0	0	1780335249845
2531	1677	2907	2616	0	0	0	0	1780335250854
2493	1662	2896	2588	0	0	0	0	1780335251848
2531	1707	2832	2566	0	0	0	0	1780335252850
2585	1672	2796	2507	0	0	0	0	1780335253845
2516	1654	2809	2570	0	0	0	0	1780335254845
2562	1703	2866	2558	0	0	0	0	1780335255851
2489	1669	2906	2513	0	0	0	0	1780335256852
2558	1723	2876	2550	0	0	0	0	1780335257846
2519	1651	2896	2525	0	0	0	0	1780335258853
2595	1694	2853	2506	0	0	0	0	1780335259845
2497	1686	2918	2506	0	0	0	0	1780335260846
2508	1647	2892	2595	0	0	0	0	1780335261845
2517	1704	2800	2565	0	0	0	0	1780335262853
2545	1680	2892	2598	0	0	0	0	1780335263850
2597	1670	2831	2628	0	0	0	0	1780335264852
2559	1645	2886	2572	0	0	0	0	1780335265845
2587	1649	2787	2608	0	0	0	0	1780335266852
2609	1663	2840	2613	0	0	0	0	1780335267850
2541	1646	2901	2579	0	0	0	0	1780335268853
2568	1721	2899	2617	0	0	0	0	1780335269847
2601	1658	2783	2618	0	0	0	0	1780335270846
2577	1699	2900	2583	0	0	0	0	1780335271845
2514	1656	2796	2531	0	0	0	0	1780335272849
2562	1705	2792	2616	0	0	0	0	1780335273860
2542	1645	2791	2601	0	0	0	0	1780335274866
2516	1711	2821	2580	0	0	0	0	1780335275861
2582	1654	2882	2591	0	0	0	0	1780335276868
2552	1714	2907	2600	0	0	0	0	1780335277863
2593	1688	2807	2512	0	0	0	0	1780335278870
2565	1648	2822	2514	0	0	0	0	1780335279861
2501	1679	2893	2548	0	0	0	0	1780335280861
2575	1650	2876	2546	0	0	0	0	1780335281861
2500	1695	2789	2545	0	0	0	0	1780335282867
2495	1714	2866	2595	0	0	0	0	1780335283861
2568	1646	2871	2514	0	0	0	0	1780335284871
2537	1708	2866	2621	0	0	0	0	1780335285870
2592	1716	2824	2553	0	0	0	0	1780335286870
2557	1674	2859	2513	0	0	0	0	1780335287861
2505	1642	2876	2617	0	0	0	0	1780335288866
2591	1667	2853	2508	0	0	0	0	1780335289867
2545	1705	2881	2529	0	0	0	0	1780335290869
2551	1715	2895	2520	0	0	0	0	1780335291860
2572	1672	2886	2539	0	0	0	0	1780335292861
2489	1687	2855	2521	0	0	0	0	1780335293874
2570	1682	2906	2570	0	0	0	0	1780335294869
2609	1644	2861	2523	0	0	0	0	1780335295867
2562	1709	2820	2506	0	0	0	0	1780335296868
2581	1716	2893	2557	0	0	0	0	1780335297861
2570	1696	2898	2607	0	0	0	0	1780335298868
2546	1702	2858	2573	0	0	0	0	1780335299884
2504	1682	2854	2561	0	0	0	0	1780335300886
2511	1665	2917	2569	0	0	0	0	1780335301878
2527	1654	2824	2525	0	0	0	0	1780335302882
2546	1672	2880	2571	0	0	0	0	1780335303882
2584	1648	2888	2576	0	0	0	0	1780335304879
2561	1720	2805	2514	0	0	0	0	1780335305899
2590	1686	2896	2538	0	0	0	0	1780335306892
2606	1682	2842	2522	0	0	0	0	1780335307910
2491	1708	2857	2625	0	0	0	0	1780335308915
2531	1723	2878	2618	0	0	0	0	1780335309909
2524	1719	2913	2545	0	0	0	0	1780335310923
2543	1657	2894	2541	0	0	0	0	1780335311925
2572	1655	2866	2625	0	0	0	0	1780335312931
2527	1701	2815	2589	0	0	0	0	1780335313930
2553	1710	2837	2588	0	0	0	0	1780335314933
2587	1710	2786	2542	0	0	0	0	1780335315931
2594	1682	2842	2602	0	0	0	0	1780335316924
2554	1659	2906	2628	0	0	0	0	1780335317924
2524	1661	2830	2533	0	0	0	0	1780335318939
2605	1693	2874	2508	0	0	0	0	1780335319940
2585	1662	2834	2581	0	0	0	0	1780335320953
2492	1679	2897	2524	0	0	0	0	1780335321940
2532	1689	2866	2510	0	0	0	0	1780335322938
2575	1722	2833	2539	0	0	0	0	1780335323941
2499	1714	2844	2601	0	0	0	0	1780335324938
2503	1715	2854	2519	0	0	0	0	1780335325941
2519	1714	2865	2521	0	0	0	0	1780335326955
2559	1644	2825	2600	0	0	0	0	1780335327956
2588	1647	2884	2538	0	0	0	0	1780335328971
2507	1690	2916	2596	0	0	0	0	1780335329973
2530	1669	2865	2509	0	0	0	0	1780335330984
2608	1674	2878	2611	0	0	0	0	1780335331973
2541	1686	2874	2596	0	0	0	0	1780335332971
2530	1671	2843	2511	0	0	0	0	1780335333973
2498	1644	2908	2603	0	0	0	0	1780335334971
2589	1668	2913	2512	0	0	0	0	1780335335970
2603	1689	2910	2597	0	0	0	0	1780335336987
2517	1654	2873	2577	0	0	0	0	1780335337989
2492	1700	2867	2548	0	0	0	0	1780335339002
2582	1680	2914	2622	0	0	0	0	1780335340005
2524	1690	2883	2547	0	0	0	0	1780335341019
2524	1719	2855	2573	0	0	0	0	1780335342018
2508	1649	2821	2592	0	0	0	0	1780335343029
2519	1643	2818	2509	0	0	0	0	1780335344022
2589	1714	2818	2616	0	0	0	0	1780335345019
2537	1703	2830	2524	0	0	0	0	1780335346016
2568	1696	2846	2576	0	0	0	0	1780335347033
2527	1710	2825	2560	0	0	0	0	1780335348024
2561	1655	2802	2601	0	0	0	0	1780335349029
2536	1685	2861	2616	0	0	0	0	1780335350020
2501	1659	2829	2628	0	0	0	0	1780335351020
2590	1709	2837	2585	0	0	0	0	1780335352027
2531	1651	2875	2530	0	0	0	0	1780335353030
2595	1689	2880	2544	0	0	0	0	1780335354027
2572	1689	2891	2622	0	0	0	0	1780335355019
2489	1665	2802	2603	0	0	0	0	1780335356021
2511	1671	2885	2571	0	0	0	0	1780335357016
2510	1661	2829	2532	0	0	0	0	1780335358020
2490	1704	2855	2572	0	0	0	0	1780335359018
2493	1645	2881	2551	0	0	0	0	1780335360021
2507	1721	2904	2618	0	0	0	0	1780335361017
2519	1663	2797	2597	0	0	0	0	1780335362017
2591	1722	2865	2558	0	0	0	0	1780335363033
2523	1690	2857	2535	0	0	0	0	1780335364038
2574	1664	2841	2507	0	0	0	0	1780335365051
2527	1702	2830	2619	0	0	0	0	1780335366054
2606	1665	2832	2615	0	0	0	0	1780335367067
2589	1717	2855	2557	0	0	0	0	1780335368064
2588	1718	2816	2596	0	0	0	0	1780335369083
2610	1717	2869	2588	0	0	0	0	1780335370093
2586	1642	2810	2604	0	0	0	0	1780335371096
2514	1653	2789	2549	0	0	0	0	1780335372100
2543	1656	2916	2609	0	0	0	0	1780335373097
2521	1698	2885	2621	0	0	0	0	1780335374100
2513	1698	2813	2538	0	0	0	0	1780335375115
2532	1718	2868	2516	0	0	0	0	1780335376111
2506	1714	2807	2542	0	0	0	0	1780335377128
2563	1702	2795	2527	0	0	0	0	1780335378126
2544	1723	2820	2538	0	0	0	0	1780335379126
2605	1681	2875	2513	0	0	0	0	1780335380134
2549	1655	2808	2514	0	0	0	0	1780335381131
2599	1687	2846	2598	0	0	0	0	1780335382140
2524	1666	2792	2581	0	0	0	0	1780335383144
2520	1671	2881	2554	0	0	0	0	1780335384147
2605	1682	2807	2575	0	0	0	0	1780335385158
2490	1681	2919	2617	0	0	0	0	1780335386161
2513	1694	2892	2590	0	0	0	0	1780335387168
2488	1704	2902	2541	0	0	0	0	1780335388165
2532	1647	2819	2574	0	0	0	0	1780335389176
2566	1705	2901	2592	0	0	0	0	1780335390178
2513	1677	2843	2574	0	0	0	0	1780335391173
2609	1708	2853	2543	0	0	0	0	1780335392180
2518	1673	2901	2625	0	0	0	0	1780335393179
2544	1680	2857	2539	0	0	0	0	1780335394181
2506	1695	2797	2516	0	0	0	0	1780335395190
2580	1700	2897	2513	0	0	0	0	1780335396198
2497	1686	2916	2582	0	0	0	0	1780335397189
2492	1722	2852	2605	0	0	0	0	1780335398198
2511	1672	2914	2534	0	0	0	0	1780335399190
2553	1685	2912	2550	0	0	0	0	1780335400192
2493	1677	2869	2557	0	0	0	0	1780335401189
2584	1677	2878	2509	0	0	0	0	1780335402189
2565	1684	2800	2576	0	0	0	0	1780335403194
2503	1713	2878	2505	0	0	0	0	1780335404198
2563	1677	2800	2582	0	0	0	0	1780335405189
2548	1674	2843	2564	0	0	0	0	1780335406193
2539	1707	2790	2628	0	0	0	0	1780335407211
2558	1684	2794	2567	0	0	0	0	1780335408211
2524	1645	2852	2617	0	0	0	0	1780335409225
2570	1680	2859	2561	0	0	0	0	1780335410229
2513	1715	2901	2556	0	0	0	0	1780335411227
2579	1717	2789	2549	0	0	0	0	1780335412225
2510	1686	2844	2555	0	0	0	0	1780335413226
2519	1709	2806	2556	0	0	0	0	1780335414222
2591	1688	2827	2510	0	0	0	0	1780335415227
2592	1657	2897	2618	0	0	0	0	1780335416229
2545	1693	2864	2609	0	0	0	0	1780335417220
2603	1667	2819	2546	0	0	0	0	1780335418230
2539	1646	2837	2532	0	0	0	0	1780335419220
2548	1707	2815	2627	0	0	0	0	1780335420229
2579	1665	2842	2578	0	0	0	0	1780335421227
2539	1695	2802	2538	0	0	0	0	1780335422228
2590	1704	2868	2536	0	0	0	0	1780335423233
2541	1669	2874	2511	0	0	0	0	1780335424223
2547	1723	2895	2524	0	0	0	0	1780335425221
2578	1643	2799	2564	0	0	0	0	1780335426221
2553	1646	2908	2588	0	0	0	0	1780335427225
2505	1669	2852	2624	0	0	0	0	1780335428228
2540	1662	2807	2536	0	0	0	0	1780335429221
2542	1681	2856	2627	0	0	0	0	1780335430228
2492	1723	2841	2515	0	0	0	0	1780335431228
2523	1652	2798	2517	0	0	0	0	1780335432228
2519	1701	2812	2625	0	0	0	0	1780335433226
2555	1680	2838	2516	0	0	0	0	1780335434219
2522	1699	2803	2598	0	0	0	0	1780335435221
2590	1644	2830	2513	0	0	0	0	1780335436224
2600	1693	2836	2573	0	0	0	0	1780335437226
2504	1711	2915	2614	0	0	0	0	1780335438229
2558	1698	2892	2604	0	0	0	0	1780335439227
2545	1718	2803	2507	0	0	0	0	1780335440224
2568	1675	2836	2594	0	0	0	0	1780335441220
2518	1652	2794	2514	0	0	0	0	1780335442228
2506	1710	2886	2533	0	0	0	0	1780335443232
2551	1671	2809	2605	0	0	0	0	1780335444230
2524	1656	2794	2620	0	0	0	0	1780335445227
2567	1684	2856	2521	0	0	0	0	1780335446229
2611	1650	2797	2568	0	0	0	0	1780335447221
2532	1699	2879	2587	0	0	0	0	1780335448223
2522	1707	2890	2599	0	0	0	0	1780335449227
2524	1645	2869	2541	0	0	0	0	1780335450225
2590	1648	2902	2602	0	0	0	0	1780335451224
2553	1652	2847	2582	0	0	0	0	1780335452230
2510	1663	2836	2602	0	0	0	0	1780335453221
2577	1647	2787	2526	0	0	0	0	1780335454222
2503	1707	2866	2559	0	0	0	0	1780335455221
2515	1689	2835	2623	0	0	0	0	1780335456224
2609	1645	2806	2584	0	0	0	0	1780335457226
2548	1711	2877	2615	0	0	0	0	1780335458222
2609	1675	2854	2572	0	0	0	0	1780335459221
2587	1659	2857	2533	0	0	0	0	1780335460227
2505	1644	2883	2516	0	0	0	0	1780335461227
2610	1656	2816	2628	0	0	0	0	1780335462229
2551	1723	2864	2534	0	0	0	0	1780335463221
2506	1648	2858	2552	0	0	0	0	1780335464223
2558	1665	2841	2534	0	0	0	0	1780335465234
2579	1722	2834	2535	0	0	0	0	1780335466220
2519	1693	2896	2522	0	0	0	0	1780335467227
2501	1658	2917	2546	0	0	0	0	1780335468236
2545	1676	2838	2567	0	0	0	0	1780335469236
2568	1691	2871	2554	0	0	0	0	1780335470239
2506	1694	2882	2583	0	0	0	0	1780335471245
2593	1702	2785	2523	0	0	0	0	1780335472245
2528	1680	2816	2600	0	0	0	0	1780335473253
2588	1694	2785	2599	0	0	0	0	1780335474253
2493	1682	2917	2589	0	0	0	0	1780335475270
2560	1717	2790	2508	0	0	0	0	1780335476268
2543	1701	2889	2569	0	0	0	0	1780335477279
2489	1677	2869	2545	0	0	0	0	1780335478276
2584	1702	2915	2589	0	0	0	0	1780335479267
2597	1661	2789	2628	0	0	0	0	1780335480266
2551	1664	2805	2548	0	0	0	0	1780335481268
2495	1677	2841	2512	0	0	0	0	1780335482268
2510	1722	2849	2507	0	0	0	0	1780335483275
2575	1721	2824	2573	0	0	0	0	1780335484279
2590	1664	2822	2522	0	0	0	0	1780335485266
2549	1688	2802	2520	0	0	0	0	1780335486267
2502	1643	2804	2529	0	0	0	0	1780335487286
