4445	1893	2850	7719	0	0	0	0	1783619375405
4366	1840	2922	7778	0	0	0	0	1783619376849
4359	1797	2869	7804	0	0	0	0	1783619378175
4360	1835	2929	0	0	0	0	0	1783619379975
4464	1859	2906	7928	0	0	0	0	1783619380962
4351	1837	2966	7955	0	0	0	0	1783619381962
4389	1826	2984	8121	0	0	0	0	1783619382968
4466	1877	2980	7866	0	0	0	0	1783619383969
4343	1862	2934	7889	0	0	0	0	1783619384967
4430	1839	2919	7861	0	0	0	0	1783619385965
4411	1861	2924	8074	0	0	0	0	1783619386970
4515	1827	3008	7873	0	0	0	0	1783619387981
4372	1861	2993	8095	0	0	0	0	1783619388977
4397	1815	2963	8097	0	0	0	0	1783619389986
4400	1848	2898	8014	0	0	0	0	1783619390978
4405	1876	2933	8031	0	0	0	0	1783619391976
4513	1809	2961	8015	0	0	0	0	1783619392977
4550	1838	2875	8027	0	0	0	0	1783619393993
4501	1868	2880	8181	0	0	0	0	1783619394999
4489	1850	2966	7942	0	0	0	0	1783619395992
4374	1830	2932	7962	0	0	0	0	1783619396999
4418	1812	2894	7914	0	0	0	0	1783619397997
4491	1805	2999	7834	0	0	0	0	1783619399001
4537	1829	3007	8185	0	0	0	0	1783619399991
4477	1809	2974	8099	0	0	0	0	1783619400995
4441	1883	2870	7934	0	0	0	0	1783619402004
4482	1801	2941	8125	0	0	0	0	1783619402999
4388	1830	2942	8192	0	0	0	0	1783619403991
4365	1848	2980	7899	0	0	0	0	1783619405023
4493	1857	2931	7974	0	0	0	0	1783619405997
4460	1874	2914	8046	0	0	0	0	1783619406998
4493	1826	2980	7979	0	0	0	0	1783619408014
4353	1827	2906	7856	0	0	0	0	1783619409032
4479	1875	2899	7863	0	0	0	0	1783619411382
4538	1874	2966	8086	0	0	0	0	1783619412382
4363	1823	2946	7992	0	0	0	0	1783619413384
4538	1849	2915	8153	0	0	0	0	1783619414391
4495	1829	2954	7914	0	0	0	0	1783619415383
4405	1861	2873	8155	0	0	0	0	1783619416387
4537	1819	2969	8094	0	0	0	0	1783619417383
4407	1858	2930	8043	0	0	0	0	1783619418390
4439	1845	2910	7978	0	0	0	0	1783619419383
4398	1817	2925	8099	0	0	0	0	1783619420391
4511	1799	2999	8147	0	0	0	0	1783619421383
4451	1877	2937	8038	0	0	0	0	1783619422384
4343	1823	2917	8003	0	0	0	0	1783619423383
4373	1818	2997	7936	0	0	0	0	1783619424391
4422	1818	2942	7873	0	0	0	0	1783619425382
4447	1845	2967	8107	0	0	0	0	1783619426388
4473	1882	3005	7880	0	0	0	0	1783619427384
4453	1853	2885	8043	0	0	0	0	1783619428391
4519	1880	2953	8133	0	0	0	0	1783619429385
4442	1859	2911	7902	0	0	0	0	1783619430394
4373	1830	2908	7977	0	0	0	0	1783619431399
4453	1859	2869	8178	0	0	0	0	1783619432406
4379	1871	3001	8095	0	0	0	0	1783619433399
4447	1882	3010	8107	0	0	0	0	1783619434405
4541	1846	2871	7815	0	0	0	0	1783619435401
4463	1853	2905	8060	0	0	0	0	1783619436413
4387	1849	2915	8063	0	0	0	0	1783619437416
4470	1807	2959	7926	0	0	0	0	1783619438429
4497	1834	2967	7811	0	0	0	0	1783619439448
4532	1849	2881	7966	0	0	0	0	1783619440461
4368	1804	2872	7819	0	0	0	0	1783619441464
4465	1829	3006	7970	0	0	0	0	1783619442461
4484	1820	3005	7902	0	0	0	0	1783619443461
4444	1855	2973	8133	0	0	0	0	1783619444477
4444	1870	2927	7910	0	0	0	0	1783619445479
4408	1877	2892	8159	0	0	0	0	1783619446476
4460	1835	2884	8127	0	0	0	0	1783619447480
4514	1807	2925	8179	0	0	0	0	1783619448493
4374	1836	3011	7922	0	0	0	0	1783619449493
4380	1881	2912	7870	0	0	0	0	1783619450507
4381	1835	2894	8080	0	0	0	0	1783619451492
4493	1874	2951	8096	0	0	0	0	1783619452509
4504	1865	2917	7869	0	0	0	0	1783619453511
4359	1804	2918	8116	0	0	0	0	1783619454525
4421	1842	2886	7830	0	0	0	0	1783619455527
4495	1874	2931	8008	0	0	0	0	1783619456541
4476	1802	3006	7959	0	0	0	0	1783619457565
4369	1875	2904	7822	0	0	0	0	1783619458573
4408	1878	2957	8161	0	0	0	0	1783619459575
4465	1805	2913	8033	0	0	0	0	1783619460584
4521	1813	2992	8019	0	0	0	0	1783619461577
4379	1877	2934	7936	0	0	0	0	1783619462571
4397	1816	2950	8006	0	0	0	0	1783619463576
4348	1868	2898	8041	0	0	0	0	1783619464573
4370	1842	2910	8102	0	0	0	0	1783619465570
4367	1835	2885	8090	0	0	0	0	1783619466589
4357	1828	2892	7806	0	0	0	0	1783619467587
4361	1851	2950	7882	0	0	0	0	1783619468605
4367	1840	3005	7881	0	0	0	0	1783619469624
4477	1881	2909	8005	0	0	0	0	1783619470630
4451	1865	3005	8070	0	0	0	0	1783619471620
4440	1866	2943	7955	0	0	0	0	1783619472621
4513	1854	2948	8018	0	0	0	0	1783619473635
4390	1875	2931	8018	0	0	0	0	1783619474635
4349	1841	2939	8087	0	0	0	0	1783619475633
4500	1857	2897	7832	0	0	0	0	1783619476650
4393	1843	2884	8014	0	0	0	0	1783619477654
4460	1845	2989	8175	0	0	0	0	1783619478647
4439	1868	2970	8037	0	0	0	0	1783619479655
4548	1858	2989	8039	0	0	0	0	1783619480648
4440	1812	2994	7977	0	0	0	0	1783619481648
4406	1818	2891	7974	0	0	0	0	1783619482653
4384	1862	2903	7993	0	0	0	0	1783619483651
4378	1809	2952	7895	0	0	0	0	1783619484648
4527	1836	2997	8029	0	0	0	0	1783619485650
4392	1831	2946	8154	0	0	0	0	1783619486647
4481	1853	2943	8177	0	0	0	0	1783619487649
4510	1807	2976	8060	0	0	0	0	1783619488670
4471	1817	2954	8121	0	0	0	0	1783619489669
4424	1803	2969	8162	0	0	0	0	1783619490669
4356	1807	2907	7922	0	0	0	0	1783619491671
4435	1814	2914	7978	0	0	0	0	1783619492680
4377	1801	2910	7811	0	0	0	0	1783619493679
4353	1861	2991	7889	0	0	0	0	1783619494679
4466	1857	2971	7844	0	0	0	0	1783619495686
4441	1817	2913	8039	0	0	0	0	1783619496679
4518	1802	2889	8051	0	0	0	0	1783619497685
4379	1824	2915	7881	0	0	0	0	1783619498680
4363	1808	2984	8105	0	0	0	0	1783619499687
4352	1867	3006	7817	0	0	0	0	1783619500680
4488	1847	2915	7858	0	0	0	0	1783619501688
4528	1813	2982	7966	0	0	0	0	1783619502686
4353	1825	2931	8181	0	0	0	0	1783619503685
4450	1863	2949	7833	0	0	0	0	1783619504685
4526	1878	2913	8008	0	0	0	0	1783619505687
4552	1835	3001	7831	0	0	0	0	1783619506679
4508	1829	2938	7869	0	0	0	0	1783619507684
4472	1847	2972	8179	0	0	0	0	1783619508680
4459	1804	2950	8135	0	0	0	0	1783619509687
4468	1821	2933	8027	0	0	0	0	1783619510680
4366	1804	2959	7852	0	0	0	0	1783619511685
4339	1861	2894	7935	0	0	0	0	1783619512685
4550	1825	2910	8074	0	0	0	0	1783619513688
4502	1839	2920	8187	0	0	0	0	1783619514701
4512	1834	3010	7949	0	0	0	0	1783619515701
4531	1873	2877	8119	0	0	0	0	1783619516695
4522	1863	2986	8069	0	0	0	0	1783619517698
4541	1829	2909	7990	0	0	0	0	1783619518696
4370	1821	2874	8104	0	0	0	0	1783619519703
4467	1853	2941	7926	0	0	0	0	1783619520701
4479	1820	2918	7806	0	0	0	0	1783619521694
4541	1873	2887	8180	0	0	0	0	1783619522696
4509	1828	2947	8160	0	0	0	0	1783619523703
4346	1833	2960	8104	0	0	0	0	1783619524696
4398	1815	3006	8121	0	0	0	0	1783619525704
4508	1877	2870	7992	0	0	0	0	1783619526696
4364	1827	3002	8090	0	0	0	0	1783619527694
4346	1869	2887	8000	0	0	0	0	1783619528696
4360	1830	2928	8156	0	0	0	0	1783619529697
4437	1842	2991	8082	0	0	0	0	1783619530701
4493	1826	2915	8158	0	0	0	0	1783619531703
4484	1798	2881	8083	0	0	0	0	1783619532713
4502	1877	2945	7824	0	0	0	0	1783619533714
4424	1845	2946	8025	0	0	0	0	1783619534711
4396	1875	2983	7977	0	0	0	0	1783619535713
4456	1855	2992	7826	0	0	0	0	1783619536712
4441	1848	2901	8018	0	0	0	0	1783619537719
4471	1882	2919	8013	0	0	0	0	1783619538711
4440	1840	2890	7854	0	0	0	0	1783619539720
4473	1869	2885	7841	0	0	0	0	1783619540711
4458	1846	2996	8104	0	0	0	0	1783619541710
4450	1853	2918	7944	0	0	0	0	1783619542711
4434	1801	2943	7804	0	0	0	0	1783619543721
4494	1819	2975	8102	0	0	0	0	1783619544712
4498	1848	2873	8049	0	0	0	0	1783619545717
4530	1818	2989	7942	0	0	0	0	1783619546711
4461	1805	3002	8164	0	0	0	0	1783619547719
4482	1800	2964	8189	0	0	0	0	1783619548711
4394	1830	2997	7818	0	0	0	0	1783619549719
4544	1864	2984	7839	0	0	0	0	1783619550711
4367	1816	2876	7828	0	0	0	0	1783619551715
4412	1835	2917	7818	0	0	0	0	1783619552728
4404	1816	2912	7998	0	0	0	0	1783619553726
4454	1868	2998	8096	0	0	0	0	1783619554733
4500	1802	2987	7937	0	0	0	0	1783619555728
4373	1847	2879	7849	0	0	0	0	1783619556727
4399	1845	3004	8006	0	0	0	0	1783619557735
4492	1813	2990	8059	0	0	0	0	1783619558730
4435	1813	2973	8186	0	0	0	0	1783619559740
4392	1800	2870	8141	0	0	0	0	1783619560727
4358	1811	2877	7864	0	0	0	0	1783619561736
4532	1850	3000	8137	0	0	0	0	1783619562727
4509	1804	2921	7805	0	0	0	0	1783619563726
4525	1864	2994	8118	0	0	0	0	1783619564728
4352	1869	2899	7999	0	0	0	0	1783619565738
4461	1866	2976	8013	0	0	0	0	1783619566727
4364	1800	2927	8071	0	0	0	0	1783619567727
4508	1885	2900	8152	0	0	0	0	1783619568727
4480	1825	2882	7876	0	0	0	0	1783619569730
4507	1813	2902	8005	0	0	0	0	1783619570727
4425	1854	2889	7859	0	0	0	0	1783619571736
4399	1849	2993	7816	0	0	0	0	1783619572728
4486	1839	2970	8147	0	0	0	0	1783619573733
4548	1847	2956	8132	0	0	0	0	1783619574727
4492	1826	2976	8101	0	0	0	0	1783619575735
4415	1804	2939	7979	0	0	0	0	1783619576727
4531	1838	2872	8116	0	0	0	0	1783619577735
4355	1836	3008	7861	0	0	0	0	1783619578727
4511	1845	2931	8074	0	0	0	0	1783619579731
4429	1809	2918	7943	0	0	0	0	1783619580749
4432	1831	2899	7885	0	0	0	0	1783619581755
4544	1824	2915	7923	0	0	0	0	1783619582742
4538	1835	2878	7955	0	0	0	0	1783619583741
4522	1884	2876	7953	0	0	0	0	1783619584755
4470	1851	2926	8152	0	0	0	0	1783619585742
4524	1870	3004	8125	0	0	0	0	1783619586743
4543	1829	2958	7852	0	0	0	0	1783619587741
4350	1841	2928	7812	0	0	0	0	1783619588744
4542	1848	2997	8068	0	0	0	0	1783619589757
4537	1840	2974	7931	0	0	0	0	1783619590760
4462	1870	2978	7960	0	0	0	0	1783619591772
4475	1803	2875	7894	0	0	0	0	1783619592760
4521	1805	2869	8159	0	0	0	0	1783619593773
4463	1841	2976	7876	0	0	0	0	1783619594775
4410	1871	2889	8028	0	0	0	0	1783619595790
4499	1872	3010	8140	0	0	0	0	1783619596791
4504	1830	2976	7815	0	0	0	0	1783619597789
4352	1837	2919	8151	0	0	0	0	1783619598790
4385	1866	2959	7901	0	0	0	0	1783619599789
4501	1850	2887	7867	0	0	0	0	1783619600789
4397	1800	2889	8185	0	0	0	0	1783619601805
4371	1857	2960	8031	0	0	0	0	1783619602829
4374	1851	2986	8126	0	0	0	0	1783619603835
4514	1831	3001	7925	0	0	0	0	1783619604839
4487	1844	2883	8087	0	0	0	0	1783619605837
4347	1867	2937	8033	0	0	0	0	1783619606839
4386	1875	2986	8187	0	0	0	0	1783619607837
4365	1860	2879	8164	0	0	0	0	1783619608855
4400	1800	2920	8111	0	0	0	0	1783619609869
4553	1853	3009	8157	0	0	0	0	1783619610871
4510	1830	2891	7895	0	0	0	0	1783619611869
4485	1798	2933	7995	0	0	0	0	1783619612871
4386	1823	2948	8102	0	0	0	0	1783619613883
4405	1879	3001	8074	0	0	0	0	1783619614882
4426	1827	2932	7929	0	0	0	0	1783619615883
4501	1822	2891	8166	0	0	0	0	1783619616910
4493	1826	2929	8092	0	0	0	0	1783619617918
4464	1855	2959	8091	0	0	0	0	1783619618914
4399	1875	2910	8127	0	0	0	0	1783619619933
4540	1800	2893	7839	0	0	0	0	1783619620936
4361	1830	2875	8137	0	0	0	0	1783619621949
4355	1831	2999	7823	0	0	0	0	1783619622951
4423	1872	2905	8024	0	0	0	0	1783619623965
4428	1816	2973	7882	0	0	0	0	1783619624964
4449	1802	2895	8107	0	0	0	0	1783619625979
4376	1866	2928	7905	0	0	0	0	1783619626983
4475	1844	2894	7887	0	0	0	0	1783619627997
4389	1824	3002	7977	0	0	0	0	1783619628997
4469	1820	2959	7898	0	0	0	0	1783619630013
4543	1841	2992	7875	0	0	0	0	1783619631015
4523	1858	2885	8071	0	0	0	0	1783619632007
4482	1806	2926	7954	0	0	0	0	1783619633015
4438	1833	2892	8003	0	0	0	0	1783619634014
4449	1846	2984	7906	0	0	0	0	1783619635015
4353	1814	2970	8074	0	0	0	0	1783619636008
4499	1798	2983	8010	0	0	0	0	1783619637015
4429	1850	2892	8136	0	0	0	0	1783619638007
4360	1876	2891	7869	0	0	0	0	1783619639015
4398	1824	2884	7895	0	0	0	0	1783619640007
4456	1809	2909	8105	0	0	0	0	1783619641016
4547	1885	3009	7866	0	0	0	0	1783619642007
4428	1864	2881	7882	0	0	0	0	1783619643016
4522	1846	2893	7851	0	0	0	0	1783619644008
4547	1840	2879	8167	0	0	0	0	1783619645012
4505	1868	2992	7907	0	0	0	0	1783619646027
4358	1814	3008	8116	0	0	0	0	1783619647028
4398	1879	2989	7966	0	0	0	0	1783619648046
4373	1871	2931	7897	0	0	0	0	1783619649047
4505	1874	2935	8037	0	0	0	0	1783619650039
4440	1802	2916	7843	0	0	0	0	1783619651047
4500	1816	2918	7809	0	0	0	0	1783619652040
4406	1855	2909	8131	0	0	0	0	1783619653047
4514	1851	2915	8035	0	0	0	0	1783619654040
4522	1850	2932	7955	0	0	0	0	1783619655047
4533	1817	2970	7823	0	0	0	0	1783619656039
4361	1824	2973	7925	0	0	0	0	1783619657047
4390	1849	2967	7912	0	0	0	0	1783619658040
4437	1827	2911	8054	0	0	0	0	1783619659054
4466	1867	3008	7998	0	0	0	0	1783619660055
4525	1833	2960	7855	0	0	0	0	1783619661058
4431	1814	2904	8062	0	0	0	0	1783619662055
4467	1853	2899	8185	0	0	0	0	1783619663054
4410	1848	2880	8027	0	0	0	0	1783619664070
4349	1829	2966	7865	0	0	0	0	1783619665079
4396	1810	2903	7932	0	0	0	0	1783619666077
4452	1812	2984	7867	0	0	0	0	1783619667079
4425	1812	2892	7935	0	0	0	0	1783619668071
4464	1826	2887	7892	0	0	0	0	1783619669079
4472	1845	2966	8141	0	0	0	0	1783619670071
4449	1881	2994	7869	0	0	0	0	1783619671079
4374	1816	2884	7833	0	0	0	0	1783619672083
4520	1870	2959	8018	0	0	0	0	1783619673079
4355	1798	2985	7981	0	0	0	0	1783619674093
4404	1845	2921	8030	0	0	0	0	1783619675097
4459	1858	2907	8158	0	0	0	0	1783619676087
4445	1814	2949	7903	0	0	0	0	1783619677102
4366	1866	2900	7904	0	0	0	0	1783619678110
4397	1872	2946	7873	0	0	0	0	1783619679112
4432	1865	2936	7892	0	0	0	0	1783619680105
4554	1837	2969	8143	0	0	0	0	1783619681102
4386	1823	2933	7808	0	0	0	0	1783619682104
4381	1865	2988	7967	0	0	0	0	1783619683103
4543	1827	2910	7894	0	0	0	0	1783619684103
4494	1813	2905	8150	0	0	0	0	1783619685101
4472	1869	2945	7997	0	0	0	0	1783619686122
4342	1875	2969	8160	0	0	0	0	1783619687133
4424	1865	2981	7956	0	0	0	0	1783619688134
4539	1828	3009	7859	0	0	0	0	1783619689148
4505	1860	2912	8192	0	0	0	0	1783619690151
4424	1880	2955	8157	0	0	0	0	1783619691166
4381	1833	2996	8169	0	0	0	0	1783619692168
4522	1828	2978	7984	0	0	0	0	1783619693165
4550	1872	2901	8145	0	0	0	0	1783619694167
4484	1851	2980	8135	0	0	0	0	1783619695181
4391	1800	2917	7984	0	0	0	0	1783619696184
4516	1813	2978	7819	0	0	0	0	1783619697195
4520	1881	2893	8192	0	0	0	0	1783619698199
4524	1839	2870	8122	0	0	0	0	1783619699213
4438	1809	2947	7916	0	0	0	0	1783619700215
4546	1882	2993	8187	0	0	0	0	1783619701222
4432	1861	2974	7922	0	0	0	0	1783619702214
4544	1829	2972	7843	0	0	0	0	1783619703214
