1023	740	813	1335	0	0	0	0	1774537786687
1031	730	820	1315	0	0	0	0	1774537788235
1042	721	827	1322	0	0	0	0	1774537789840
1041	742	867	0	0	0	0	0	1774537791386
1041	745	858	1332	0	0	0	0	1774537792396
1060	728	845	1335	0	0	0	0	1774537793386
1040	752	864	1327	0	0	0	0	1774537794383
1017	732	837	1378	0	0	0	0	1774537795404
1022	742	848	1323	0	0	0	0	1774537796400
1057	722	860	1337	0	0	0	0	1774537797402
1042	744	861	1328	0	0	0	0	1774537798399
1056	735	829	1355	0	0	0	0	1774537799401
1029	756	828	1343	0	0	0	0	1774537800400
1048	741	848	1381	0	0	0	0	1774537801399
1015	723	838	1382	0	0	0	0	1774537802415
1034	739	841	1339	0	0	0	0	1774537803418
1054	724	850	1383	0	0	0	0	1774537804428
1043	756	865	1359	0	0	0	0	1774537805418
1056	747	842	1339	0	0	0	0	1774537806426
1040	740	857	1358	0	0	0	0	1774537807418
1015	747	865	1378	0	0	0	0	1774537808416
1047	731	863	1348	0	0	0	0	1774537809418
1036	721	852	1352	0	0	0	0	1774537810432
1032	732	852	1355	0	0	0	0	1774537811434
1052	730	859	1371	0	0	0	0	1774537812448
1028	743	831	1368	0	0	0	0	1774537813450
1027	753	847	1343	0	0	0	0	1774537814464
1053	752	837	1338	0	0	0	0	1774537815472
1050	739	829	1387	0	0	0	0	1774537816464
1044	741	858	1366	0	0	0	0	1774537817461
1047	729	828	1378	0	0	0	0	1774537818462
1024	728	856	1341	0	0	0	0	1774537819462
1046	741	864	1368	0	0	0	0	1774537820478
1058	735	834	1339	0	0	0	0	1774537822776
1061	729	850	1334	0	0	0	0	1774537823790
1028	726	864	1336	0	0	0	0	1774537824792
1029	742	852	1383	0	0	0	0	1774537825805
1026	733	838	1384	0	0	0	0	1774537826806
1038	734	829	1373	0	0	0	0	1774537827823
1018	739	858	1330	0	0	0	0	1774537828842
1044	727	843	1357	0	0	0	0	1774537829856
1054	744	865	1328	0	0	0	0	1774537830858
1047	751	857	1341	0	0	0	0	1774537831869
1016	748	829	1377	0	0	0	0	1774537832874
1054	754	865	1382	0	0	0	0	1774537833887
1054	734	836	1371	0	0	0	0	1774537834890
1024	734	839	1382	0	0	0	0	1774537835899
1035	746	859	1373	0	0	0	0	1774537836906
1034	726	836	1385	0	0	0	0	1774537837915
1054	751	834	1380	0	0	0	0	1774537838922
1032	750	863	1327	0	0	0	0	1774537839914
1038	721	834	1339	0	0	0	0	1774537840921
1031	741	867	1336	0	0	0	0	1774537841935
1034	748	837	1345	0	0	0	0	1774537842938
1036	732	863	1384	0	0	0	0	1774537843929
1020	723	830	1373	0	0	0	0	1774537844930
1030	745	859	1373	0	0	0	0	1774537845951
1018	730	860	1357	0	0	0	0	1774537846954
1024	744	866	1356	0	0	0	0	1774537847967
1050	721	841	1347	0	0	0	0	1774537848967
1051	725	851	1360	0	0	0	0	1774537849977
1020	751	863	1341	0	0	0	0	1774537850982
1063	752	851	1328	0	0	0	0	1774537851978
1035	752	866	1349	0	0	0	0	1774537852985
1042	747	835	1338	0	0	0	0	1774537853977
1041	727	853	1366	0	0	0	0	1774537854977
1045	728	840	1357	0	0	0	0	1774537855978
1017	740	844	1380	0	0	0	0	1774537856986
1057	721	849	1377	0	0	0	0	1774537857978
1043	747	827	1345	0	0	0	0	1774537858980
1055	754	852	1361	0	0	0	0	1774537859983
1015	727	839	1338	0	0	0	0	1774537860982
1041	742	860	1334	0	0	0	0	1774537861977
1038	744	839	1340	0	0	0	0	1774537862986
1060	742	857	1332	0	0	0	0	1774537863977
1063	722	844	1369	0	0	0	0	1774537864985
1050	740	843	1370	0	0	0	0	1774537865996
1026	756	845	1330	0	0	0	0	1774537866992
1044	726	858	1334	0	0	0	0	1774537867994
1027	730	859	1327	0	0	0	0	1774537869006
1042	749	846	1346	0	0	0	0	1774537869992
1059	747	831	1325	0	0	0	0	1774537870999
1014	750	839	1347	0	0	0	0	1774537871993
1028	723	856	1327	0	0	0	0	1774537872994
1060	744	854	1364	0	0	0	0	1774537873994
1024	722	842	1386	0	0	0	0	1774537875002
1019	756	834	1331	0	0	0	0	1774537875994
1015	728	845	1326	0	0	0	0	1774537876992
1040	740	840	1332	0	0	0	0	1774537877999
1030	747	838	1384	0	0	0	0	1774537879001
1028	721	847	1370	0	0	0	0	1774537879993
1062	732	864	1351	0	0	0	0	1774537880993
1046	756	838	1379	0	0	0	0	1774537881994
1016	738	862	1384	0	0	0	0	1774537883002
1035	732	866	1335	0	0	0	0	1774537883999
1032	748	846	1386	0	0	0	0	1774537884992
1023	735	847	1380	0	0	0	0	1774537885993
1036	736	830	1335	0	0	0	0	1774537886993
1017	741	859	1368	0	0	0	0	1774537887994
1040	731	840	1358	0	0	0	0	1774537888992
1025	736	854	1339	0	0	0	0	1774537889999
1030	746	859	1351	0	0	0	0	1774537891002
1037	735	860	1335	0	0	0	0	1774537891994
1045	724	861	1387	0	0	0	0	1774537893002
1057	726	865	1348	0	0	0	0	1774537894015
1045	745	855	1343	0	0	0	0	1774537895016
1061	755	852	1347	0	0	0	0	1774537896022
1036	729	839	1349	0	0	0	0	1774537897013
1029	744	850	1336	0	0	0	0	1774537898008
1020	731	842	1329	0	0	0	0	1774537899018
1035	743	861	1350	0	0	0	0	1774537900013
1034	727	858	1387	0	0	0	0	1774537901017
1023	741	865	1326	0	0	0	0	1774537902023
1031	740	848	1326	0	0	0	0	1774537903023
1032	735	843	1376	0	0	0	0	1774537904039
1032	739	856	1341	0	0	0	0	1774537905049
1050	732	865	1359	0	0	0	0	1774537906039
1035	730	854	1374	0	0	0	0	1774537907050
1032	737	846	1335	0	0	0	0	1774537908040
1051	737	848	1329	0	0	0	0	1774537909055
1024	728	857	1375	0	0	0	0	1774537910057
1016	752	845	1353	0	0	0	0	1774537911071
1049	734	855	1329	0	0	0	0	1774537912095
1041	731	846	1370	0	0	0	0	1774537913087
1027	753	836	1370	0	0	0	0	1774537914094
1052	725	843	1369	0	0	0	0	1774537915103
1061	734	841	1345	0	0	0	0	1774537916106
1051	754	861	1340	0	0	0	0	1774537917103
1015	743	836	1355	0	0	0	0	1774537918106
1017	721	864	1345	0	0	0	0	1774537919102
1039	738	855	1343	0	0	0	0	1774537920121
1036	727	834	1323	0	0	0	0	1774537921119
1057	729	835	1365	0	0	0	0	1774537922118
1025	754	844	1340	0	0	0	0	1774537923135
1030	740	854	1339	0	0	0	0	1774537924134
1045	730	867	1334	0	0	0	0	1774537925148
1023	734	842	1327	0	0	0	0	1774537926137
1029	751	839	1371	0	0	0	0	1774537927151
1044	733	832	1361	0	0	0	0	1774537928154
1035	725	856	1371	0	0	0	0	1774537929167
1016	733	860	1370	0	0	0	0	1774537930186
1039	755	834	1334	0	0	0	0	1774537931199
1044	721	841	1372	0	0	0	0	1774537932199
1022	721	837	1372	0	0	0	0	1774537933215
1022	750	859	1386	0	0	0	0	1774537934218
1038	726	859	1354	0	0	0	0	1774537935232
1049	741	857	1358	0	0	0	0	1774537936306
1019	723	827	1369	0	0	0	0	1774537937245
1045	753	852	1348	0	0	0	0	1774537938242
1039	722	863	1380	0	0	0	0	1774537939242
1019	727	860	1374	0	0	0	0	1774537940242
1035	751	862	1338	0	0	0	0	1774537941262
1032	729	846	1330	0	0	0	0	1774537942264
1014	727	841	1334	0	0	0	0	1774537943258
1033	728	841	1343	0	0	0	0	1774537944258
1043	728	863	1324	0	0	0	0	1774537945258
1025	726	830	1363	0	0	0	0	1774537946264
1047	746	865	1363	0	0	0	0	1774537947258
1017	752	849	1368	0	0	0	0	1774537948261
1032	725	853	1362	0	0	0	0	1774537949258
1016	721	840	1357	0	0	0	0	1774537950263
1019	744	863	1366	0	0	0	0	1774537951259
1040	721	830	1359	0	0	0	0	1774537952260
1043	735	861	1328	0	0	0	0	1774537953257
1035	738	856	1348	0	0	0	0	1774537954274
1047	730	838	1346	0	0	0	0	1774537955274
1043	723	846	1350	0	0	0	0	1774537956276
1051	737	832	1327	0	0	0	0	1774537957273
1049	736	830	1364	0	0	0	0	1774537958281
1026	750	840	1328	0	0	0	0	1774537959274
1021	736	831	1353	0	0	0	0	1774537960275
1035	738	828	1354	0	0	0	0	1774537961279
1061	755	850	1369	0	0	0	0	1774537962282
1036	752	863	1382	0	0	0	0	1774537963274
1015	756	828	1348	0	0	0	0	1774537964281
1015	756	831	1336	0	0	0	0	1774537965273
1035	744	854	1386	0	0	0	0	1774537966275
1035	722	864	1377	0	0	0	0	1774537967295
1024	748	840	1337	0	0	0	0	1774537968297
1026	748	841	1362	0	0	0	0	1774537969304
1057	747	854	1325	0	0	0	0	1774537970297
1022	739	836	1338	0	0	0	0	1774537971290
1059	727	848	1359	0	0	0	0	1774537972295
1053	727	831	1370	0	0	0	0	1774537973290
1039	747	862	1325	0	0	0	0	1774537974297
1044	754	842	1359	0	0	0	0	1774537975290
1044	739	853	1324	0	0	0	0	1774537976298
1019	733	837	1331	0	0	0	0	1774537977289
1052	724	836	1351	0	0	0	0	1774537978289
1023	751	845	1367	0	0	0	0	1774537979290
1051	751	849	1382	0	0	0	0	1774537980298
1057	724	837	1370	0	0	0	0	1774537981289
1020	751	852	1379	0	0	0	0	1774537982291
1046	728	844	1335	0	0	0	0	1774537983295
1048	756	847	1328	0	0	0	0	1774537984297
1031	741	844	1323	0	0	0	0	1774537985295
1051	749	843	1350	0	0	0	0	1774537986298
1051	736	842	1373	0	0	0	0	1774537987295
1024	734	846	1347	0	0	0	0	1774537988290
1050	729	860	1322	0	0	0	0	1774537989290
1048	751	854	1355	0	0	0	0	1774537990293
1040	738	857	1382	0	0	0	0	1774537991290
1054	727	857	1335	0	0	0	0	1774537992289
1053	740	829	1349	0	0	0	0	1774537993295
1057	750	834	1327	0	0	0	0	1774537994298
1017	726	854	1377	0	0	0	0	1774537995295
1059	740	864	1387	0	0	0	0	1774537996298
1047	744	863	1328	0	0	0	0	1774537997305
1057	743	846	1355	0	0	0	0	1774537998314
1042	738	831	1334	0	0	0	0	1774537999311
1055	736	833	1324	0	0	0	0	1774538000306
1057	726	864	1340	0	0	0	0	1774538001312
1016	734	854	1383	0	0	0	0	1774538002314
1055	734	831	1352	0	0	0	0	1774538003306
1030	731	828	1370	0	0	0	0	1774538004305
1040	727	860	1347	0	0	0	0	1774538005305
1024	730	841	1352	0	0	0	0	1774538006308
1027	743	837	1336	0	0	0	0	1774538007320
1024	747	842	1382	0	0	0	0	1774538008330
1059	756	862	1345	0	0	0	0	1774538009321
1053	751	852	1327	0	0	0	0	1774538010329
1016	746	865	1353	0	0	0	0	1774538011337
1040	748	863	1331	0	0	0	0	1774538012338
1034	753	855	1385	0	0	0	0	1774538013338
1020	730	837	1351	0	0	0	0	1774538014336
1033	740	846	1386	0	0	0	0	1774538015357
1059	737	832	1329	0	0	0	0	1774538016357
1052	736	856	1329	0	0	0	0	1774538017354
1036	736	854	1365	0	0	0	0	1774538018357
1039	739	862	1357	0	0	0	0	1774538019354
1018	739	845	1340	0	0	0	0	1774538020352
1047	750	862	1335	0	0	0	0	1774538021359
1014	746	848	1327	0	0	0	0	1774538022367
1025	739	866	1371	0	0	0	0	1774538023369
1022	724	842	1381	0	0	0	0	1774538024381
1043	751	833	1344	0	0	0	0	1774538025369
1016	737	862	1370	0	0	0	0	1774538026367
1049	729	847	1387	0	0	0	0	1774538027369
1058	732	850	1366	0	0	0	0	1774538028367
1056	722	865	1370	0	0	0	0	1774538029383
1033	722	861	1387	0	0	0	0	1774538030383
1028	727	839	1357	0	0	0	0	1774538031386
1037	721	859	1363	0	0	0	0	1774538032399
1016	738	856	1355	0	0	0	0	1774538033402
1016	755	829	1353	0	0	0	0	1774538034415
1058	729	838	1356	0	0	0	0	1774538035418
1029	732	863	1382	0	0	0	0	1774538036414
1034	752	850	1385	0	0	0	0	1774538037418
1033	755	829	1375	0	0	0	0	1774538038414
1016	732	836	1363	0	0	0	0	1774538039418
1036	741	832	1363	0	0	0	0	1774538040431
1014	751	851	1350	0	0	0	0	1774538041434
1056	756	830	1387	0	0	0	0	1774538042431
1030	753	858	1355	0	0	0	0	1774538043435
1029	749	852	1328	0	0	0	0	1774538044442
1049	730	840	1359	0	0	0	0	1774538045430
1016	723	854	1334	0	0	0	0	1774538046431
1036	742	838	1358	0	0	0	0	1774538047455
1052	750	851	1336	0	0	0	0	1774538048463
1062	756	850	1366	0	0	0	0	1774538049462
1053	741	862	1387	0	0	0	0	1774538050479
1017	727	858	1365	0	0	0	0	1774538051504
1053	725	843	1341	0	0	0	0	1774538052511
1028	756	863	1354	0	0	0	0	1774538053514
1045	743	828	1340	0	0	0	0	1774538054527
1035	721	849	1363	0	0	0	0	1774538055551
1054	742	845	1373	0	0	0	0	1774538056554
1044	727	864	1323	0	0	0	0	1774538057545
1017	722	835	1328	0	0	0	0	1774538058540
1021	730	859	1382	0	0	0	0	1774538059546
1054	734	866	1331	0	0	0	0	1774538060539
1030	744	831	1381	0	0	0	0	1774538061541
1059	731	842	1343	0	0	0	0	1774538062543
1015	749	857	1351	0	0	0	0	1774538063546
1047	739	845	1367	0	0	0	0	1774538064556
1039	738	841	1361	0	0	0	0	1774538065562
1051	748	867	1359	0	0	0	0	1774538066574
1052	729	865	1353	0	0	0	0	1774538067578
1032	746	864	1341	0	0	0	0	1774538068591
1023	751	834	1340	0	0	0	0	1774538069601
1062	732	853	1386	0	0	0	0	1774538070604
1031	746	846	1378	0	0	0	0	1774538071604
1060	747	830	1343	0	0	0	0	1774538072602
1040	748	857	1334	0	0	0	0	1774538073601
1024	749	850	1325	0	0	0	0	1774538074623
1019	734	856	1377	0	0	0	0	1774538075624
1048	736	847	1347	0	0	0	0	1774538076618
1037	721	866	1378	0	0	0	0	1774538077617
1051	724	827	1385	0	0	0	0	1774538078639
1058	729	859	1351	0	0	0	0	1774538079640
1053	741	852	1362	0	0	0	0	1774538080633
1063	728	840	1353	0	0	0	0	1774538081634
1062	754	843	1375	0	0	0	0	1774538082634
1037	724	836	1369	0	0	0	0	1774538083637
1025	727	864	1326	0	0	0	0	1774538084639
1030	738	844	1331	0	0	0	0	1774538085642
1017	753	842	1356	0	0	0	0	1774538086650
1056	744	830	1328	0	0	0	0	1774538087651
1044	752	838	1385	0	0	0	0	1774538088649
1041	740	832	1374	0	0	0	0	1774538089654
1038	752	841	1361	0	0	0	0	1774538090650
1053	751	838	1332	0	0	0	0	1774538091654
1061	725	832	1325	0	0	0	0	1774538092668
1039	747	865	1380	0	0	0	0	1774538093669
1030	745	861	1383	0	0	0	0	1774538094666
1040	736	850	1352	0	0	0	0	1774538095678
1015	734	855	1344	0	0	0	0	1774538096666
1049	747	835	1341	0	0	0	0	1774538097674
1019	726	829	1330	0	0	0	0	1774538098666
1041	731	847	1348	0	0	0	0	1774538099674
1036	725	839	1323	0	0	0	0	1774538100665
1060	730	827	1362	0	0	0	0	1774538101671
1039	746	845	1381	0	0	0	0	1774538102666
1042	746	865	1351	0	0	0	0	1774538103669
1041	726	828	1334	0	0	0	0	1774538104666
1039	737	843	1381	0	0	0	0	1774538105674
1051	743	856	1335	0	0	0	0	1774538106665
1020	748	845	1322	0	0	0	0	1774538107674
1059	723	848	1367	0	0	0	0	1774538108666
1037	753	867	1362	0	0	0	0	1774538109668
1019	755	863	1370	0	0	0	0	1774538110666
1053	724	867	1368	0	0	0	0	1774538111674
1045	752	846	1351	0	0	0	0	1774538112666
1043	738	859	1374	0	0	0	0	1774538113667
1059	737	846	1361	0	0	0	0	1774538114665
