4531	607	2381	10543	0	0	0	0	1776013932711
4541	603	2385	10493	0	0	0	0	1776013933945
4521	599	2359	10445	0	0	0	0	1776013935378
4577	622	2375	0	0	0	0	0	1776013937123
4721	605	2371	10845	0	0	0	0	1776013938137
4604	616	2448	10571	0	0	0	0	1776013939139
4539	606	2375	10924	0	0	0	0	1776013940134
4593	622	2389	10936	0	0	0	0	1776013941138
4609	616	2400	10661	0	0	0	0	1776013942155
4602	627	2464	10598	0	0	0	0	1776013943150
4592	600	2424	10891	0	0	0	0	1776013944169
4617	624	2473	10769	0	0	0	0	1776013945171
4665	624	2429	10521	0	0	0	0	1776013946180
4537	601	2442	10943	0	0	0	0	1776013947169
4581	623	2407	10502	0	0	0	0	1776013948185
4539	623	2400	10848	0	0	0	0	1776013949187
4654	615	2389	10945	0	0	0	0	1776013950186
4671	625	2393	10776	0	0	0	0	1776013951187
4648	618	2436	10701	0	0	0	0	1776013952201
4598	603	2390	10721	0	0	0	0	1776013953213
4590	627	2427	10513	0	0	0	0	1776013954212
4606	600	2393	10760	0	0	0	0	1776013955220
4626	612	2416	10657	0	0	0	0	1776013956212
4729	607	2458	10861	0	0	0	0	1776013957220
4760	607	2411	10563	0	0	0	0	1776013958212
4681	604	2455	10513	0	0	0	0	1776013959219
4754	612	2397	10520	0	0	0	0	1776013960231
4608	622	2473	10581	0	0	0	0	1776013961236
4623	626	2435	10804	0	0	0	0	1776013962244
4640	611	2413	10871	0	0	0	0	1776013963251
4569	626	2466	10663	0	0	0	0	1776013964243
4566	618	2428	10480	0	0	0	0	1776013965270
4645	599	2425	10532	0	0	0	0	1776013966260
4566	607	2394	10775	0	0	0	0	1776013968404
4743	600	2380	10811	0	0	0	0	1776013969416
4725	616	2448	10881	0	0	0	0	1776013970420
4753	602	2402	10551	0	0	0	0	1776013971417
4681	601	2465	10743	0	0	0	0	1776013972419
4625	619	2383	10820	0	0	0	0	1776013973417
4565	605	2393	10910	0	0	0	0	1776013974432
4575	627	2463	10807	0	0	0	0	1776013975449
4696	608	2392	10857	0	0	0	0	1776013976446
4758	623	2401	10903	0	0	0	0	1776013977465
4544	607	2371	10534	0	0	0	0	1776013978467
4614	615	2459	10624	0	0	0	0	1776013979481
4748	618	2471	10832	0	0	0	0	1776013980481
4644	599	2392	10483	0	0	0	0	1776013981481
4538	627	2371	10454	0	0	0	0	1776013982483
4681	606	2412	10917	0	0	0	0	1776013983497
4738	610	2473	10878	0	0	0	0	1776013984493
4583	602	2460	10579	0	0	0	0	1776013985513
4550	607	2382	10722	0	0	0	0	1776013986515
4608	604	2474	10778	0	0	0	0	1776013987529
4607	617	2457	10563	0	0	0	0	1776013988543
4570	599	2381	10670	0	0	0	0	1776013989545
4734	626	2382	10681	0	0	0	0	1776013990547
4730	612	2372	10491	0	0	0	0	1776013991545
4567	610	2410	10783	0	0	0	0	1776013992556
4549	620	2423	10694	0	0	0	0	1776013993577
4752	627	2362	10552	0	0	0	0	1776013994580
4550	617	2415	10799	0	0	0	0	1776013995571
4689	604	2405	10588	0	0	0	0	1776013996579
4668	615	2411	10458	0	0	0	0	1776013997590
4698	621	2414	10731	0	0	0	0	1776013998595
4584	613	2401	10870	0	0	0	0	1776013999587
4708	626	2415	10887	0	0	0	0	1776014000596
4626	615	2446	10469	0	0	0	0	1776014001591
4682	613	2397	10645	0	0	0	0	1776014002591
4573	615	2452	10690	0	0	0	0	1776014003593
4721	610	2385	10817	0	0	0	0	1776014004592
4613	614	2406	10826	0	0	0	0	1776014005587
4630	599	2403	10733	0	0	0	0	1776014006588
4650	615	2419	10717	0	0	0	0	1776014007588
4543	613	2422	10692	0	0	0	0	1776014008594
4649	608	2447	10838	0	0	0	0	1776014009598
4536	618	2420	10590	0	0	0	0	1776014010590
4677	605	2363	10551	0	0	0	0	1776014011587
4637	607	2457	10579	0	0	0	0	1776014012589
4624	608	2387	10930	0	0	0	0	1776014013587
4717	627	2400	10949	0	0	0	0	1776014014590
4745	599	2435	10812	0	0	0	0	1776014015587
4558	611	2469	10757	0	0	0	0	1776014016595
4543	611	2432	10862	0	0	0	0	1776014017587
4711	607	2452	10446	0	0	0	0	1776014018595
4729	623	2380	10866	0	0	0	0	1776014019587
4572	609	2394	10503	0	0	0	0	1776014020587
4561	610	2455	10545	0	0	0	0	1776014021587
4664	622	2412	10662	0	0	0	0	1776014023360
4555	623	2422	10702	0	0	0	0	1776014023587
4544	619	2436	10662	0	0	0	0	1776014024595
4555	602	2366	10510	0	0	0	0	1776014025588
4678	625	2372	10689	0	0	0	0	1776014026597
4680	608	2468	10935	0	0	0	0	1776014027587
4647	604	2417	10518	0	0	0	0	1776014028595
4602	624	2443	10471	0	0	0	0	1776014029604
4613	613	2422	10784	0	0	0	0	1776014030604
4761	600	2441	10723	0	0	0	0	1776014031603
4716	607	2421	10928	0	0	0	0	1776014032611
4565	615	2416	10891	0	0	0	0	1776014033604
4568	599	2394	10528	0	0	0	0	1776014034606
4584	613	2443	10683	0	0	0	0	1776014035609
4726	603	2375	10741	0	0	0	0	1776014036604
4565	621	2389	10849	0	0	0	0	1776014037603
4681	621	2367	10792	0	0	0	0	1776014038603
4552	606	2419	10503	0	0	0	0	1776014039603
4595	599	2364	10573	0	0	0	0	1776014040611
4553	614	2381	10890	0	0	0	0	1776014041604
4711	614	2433	10803	0	0	0	0	1776014042604
4577	626	2431	10532	0	0	0	0	1776014043603
4661	609	2427	10894	0	0	0	0	1776014044612
4582	623	2436	10587	0	0	0	0	1776014045603
4739	607	2425	10515	0	0	0	0	1776014046611
4568	624	2360	10621	0	0	0	0	1776014047603
4585	607	2418	10480	0	0	0	0	1776014048612
4589	621	2382	10936	0	0	0	0	1776014049603
4745	618	2415	10567	0	0	0	0	1776014050611
4670	601	2436	10482	0	0	0	0	1776014051604
4731	619	2474	10647	0	0	0	0	1776014054005
4657	621	2441	10592	0	0	0	0	1776014054612
4637	609	2468	10721	0	0	0	0	1776014055603
4634	611	2360	10784	0	0	0	0	1776014056612
4614	614	2458	10504	0	0	0	0	1776014057603
4601	621	2386	10918	0	0	0	0	1776014058603
4734	604	2440	10856	0	0	0	0	1776014059603
4733	602	2410	10800	0	0	0	0	1776014060604
4741	627	2393	10494	0	0	0	0	1776014061621
4658	626	2365	10777	0	0	0	0	1776014062620
4657	607	2375	10507	0	0	0	0	1776014063622
4670	623	2360	10606	0	0	0	0	1776014064628
4594	625	2471	10731	0	0	0	0	1776014065619
4619	626	2452	10940	0	0	0	0	1776014066628
4720	617	2361	10563	0	0	0	0	1776014067620
4730	599	2418	10806	0	0	0	0	1776014068628
4700	622	2363	10702	0	0	0	0	1776014069619
4539	614	2370	10797	0	0	0	0	1776014070629
4604	600	2439	10601	0	0	0	0	1776014071620
4683	603	2401	10677	0	0	0	0	1776014072620
4631	609	2387	10855	0	0	0	0	1776014073619
4758	610	2365	10849	0	0	0	0	1776014074628
4731	614	2465	10685	0	0	0	0	1776014075620
4715	620	2464	10961	0	0	0	0	1776014076621
4601	613	2440	10563	0	0	0	0	1776014077642
4580	618	2461	10693	0	0	0	0	1776014078644
4719	612	2360	10752	0	0	0	0	1776014079635
4550	600	2375	10574	0	0	0	0	1776014080643
4597	619	2361	10639	0	0	0	0	1776014081635
4551	600	2369	10474	0	0	0	0	1776014082643
4541	599	2425	10834	0	0	0	0	1776014083635
4611	625	2433	10546	0	0	0	0	1776014084647
4636	606	2405	10947	0	0	0	0	1776014085636
4694	604	2392	10720	0	0	0	0	1776014086643
4543	605	2364	10840	0	0	0	0	1776014087636
4691	603	2359	10847	0	0	0	0	1776014088643
4560	614	2402	10663	0	0	0	0	1776014089634
4751	618	2421	10784	0	0	0	0	1776014090637
4580	604	2471	10567	0	0	0	0	1776014091636
4656	626	2408	10908	0	0	0	0	1776014092637
4751	602	2475	10700	0	0	0	0	1776014093645
4668	620	2473	10879	0	0	0	0	1776014094643
4718	620	2445	10572	0	0	0	0	1776014095635
4711	623	2441	10745	0	0	0	0	1776014096643
4570	606	2475	10766	0	0	0	0	1776014097634
4620	623	2473	10524	0	0	0	0	1776014098643
4582	599	2454	10618	0	0	0	0	1776014099650
4733	603	2424	10884	0	0	0	0	1776014100652
4649	625	2391	10533	0	0	0	0	1776014101652
4597	621	2392	10864	0	0	0	0	1776014102659
4745	607	2434	10833	0	0	0	0	1776014103651
4536	606	2407	10946	0	0	0	0	1776014104659
4655	601	2407	10445	0	0	0	0	1776014105651
4645	600	2436	10741	0	0	0	0	1776014106659
4714	600	2431	10742	0	0	0	0	1776014107651
4581	617	2401	10620	0	0	0	0	1776014108651
4683	604	2414	10700	0	0	0	0	1776014109657
4675	618	2397	10752	0	0	0	0	1776014110659
4551	599	2368	10887	0	0	0	0	1776014111651
4637	611	2382	10780	0	0	0	0	1776014112659
4596	603	2468	10947	0	0	0	0	1776014113652
4720	608	2423	10544	0	0	0	0	1776014114659
4667	622	2413	10875	0	0	0	0	1776014115651
4721	608	2437	10881	0	0	0	0	1776014116660
4739	613	2449	10948	0	0	0	0	1776014117652
4732	614	2470	10720	0	0	0	0	1776014118659
4722	621	2373	10937	0	0	0	0	1776014119673
4669	604	2470	10478	0	0	0	0	1776014120676
4608	603	2420	10803	0	0	0	0	1776014121666
4613	624	2397	10940	0	0	0	0	1776014122666
4560	617	2405	10730	0	0	0	0	1776014123667
4623	625	2376	10561	0	0	0	0	1776014124675
4680	601	2373	10447	0	0	0	0	1776014125667
4693	606	2451	10569	0	0	0	0	1776014126681
4689	608	2438	10729	0	0	0	0	1776014127683
4604	600	2366	10897	0	0	0	0	1776014128695
4650	624	2367	10580	0	0	0	0	1776014129702
4630	608	2425	10476	0	0	0	0	1776014130709
4721	617	2376	10844	0	0	0	0	1776014131699
4539	625	2387	10792	0	0	0	0	1776014132697
4571	599	2377	10586	0	0	0	0	1776014133699
4571	614	2377	10554	0	0	0	0	1776014134697
4542	602	2382	10950	0	0	0	0	1776014135705
4739	617	2361	10663	0	0	0	0	1776014136713
4670	622	2469	10453	0	0	0	0	1776014137713
4722	612	2405	10760	0	0	0	0	1776014138725
4552	618	2376	10890	0	0	0	0	1776014139714
4579	619	2384	10829	0	0	0	0	1776014140730
4686	600	2392	10496	0	0	0	0	1776014141748
4701	599	2389	10672	0	0	0	0	1776014142745
4576	613	2381	10784	0	0	0	0	1776014143747
4551	599	2444	10590	0	0	0	0	1776014144745
4588	602	2422	10545	0	0	0	0	1776014145747
4701	619	2472	10819	0	0	0	0	1776014146761
4562	615	2427	10843	0	0	0	0	1776014147774
4719	610	2471	10957	0	0	0	0	1776014148778
4596	599	2429	10886	0	0	0	0	1776014149779
4603	627	2470	10784	0	0	0	0	1776014150788
4614	619	2425	10876	0	0	0	0	1776014151779
4742	610	2366	10833	0	0	0	0	1776014152776
4759	599	2454	10756	0	0	0	0	1776014153778
4697	609	2470	10538	0	0	0	0	1776014154793
4564	625	2405	10455	0	0	0	0	1776014155790
4581	599	2364	10677	0	0	0	0	1776014156793
4758	611	2362	10847	0	0	0	0	1776014157795
4567	616	2454	10679	0	0	0	0	1776014158808
4684	616	2391	10607	0	0	0	0	1776014159811
4751	615	2426	10482	0	0	0	0	1776014160809
4610	608	2424	10645	0	0	0	0	1776014161812
4709	609	2445	10588	0	0	0	0	1776014162809
4573	625	2402	10467	0	0	0	0	1776014163812
4549	607	2471	10874	0	0	0	0	1776014164823
4700	615	2379	10526	0	0	0	0	1776014165833
4751	625	2376	10582	0	0	0	0	1776014166840
4560	627	2462	10868	0	0	0	0	1776014167843
4559	607	2421	10694	0	0	0	0	1776014168856
4677	624	2388	10831	0	0	0	0	1776014169860
4602	621	2442	10814	0	0	0	0	1776014170852
4583	627	2465	10591	0	0	0	0	1776014171858
4653	625	2470	10488	0	0	0	0	1776014172870
4613	613	2417	10658	0	0	0	0	1776014173888
4721	618	2383	10529	0	0	0	0	1776014174885
4683	613	2437	10478	0	0	0	0	1776014175891
4690	626	2361	10874	0	0	0	0	1776014176902
4575	603	2390	10833	0	0	0	0	1776014177902
4554	602	2453	10685	0	0	0	0	1776014178900
4571	625	2387	10722	0	0	0	0	1776014179900
4557	604	2468	10765	0	0	0	0	1776014180900
4660	607	2381	10829	0	0	0	0	1776014181902
4595	613	2444	10535	0	0	0	0	1776014182899
4564	611	2450	10928	0	0	0	0	1776014183902
4635	599	2454	10859	0	0	0	0	1776014184899
4569	614	2421	10472	0	0	0	0	1776014185907
4612	602	2441	10646	0	0	0	0	1776014186899
4710	616	2392	10936	0	0	0	0	1776014187905
4702	606	2413	10962	0	0	0	0	1776014188899
4761	619	2362	10688	0	0	0	0	1776014189907
4577	623	2410	10479	0	0	0	0	1776014190899
4594	601	2360	10475	0	0	0	0	1776014191907
4645	611	2412	10822	0	0	0	0	1776014192899
4681	603	2455	10911	0	0	0	0	1776014193908
4691	627	2360	10767	0	0	0	0	1776014194900
4710	615	2461	10564	0	0	0	0	1776014195900
4709	609	2368	10887	0	0	0	0	1776014196905
4588	604	2442	10707	0	0	0	0	1776014197907
4739	625	2435	10740	0	0	0	0	1776014198905
4694	612	2465	10453	0	0	0	0	1776014199907
4622	606	2403	10511	0	0	0	0	1776014200905
4686	627	2442	10887	0	0	0	0	1776014202124
4569	623	2459	10693	0	0	0	0	1776014202903
4703	611	2394	10805	0	0	0	0	1776014203908
4751	607	2473	10917	0	0	0	0	1776014204906
4694	603	2431	10616	0	0	0	0	1776014205907
4567	617	2414	10871	0	0	0	0	1776014206921
4540	610	2466	10761	0	0	0	0	1776014207931
4552	605	2409	10461	0	0	0	0	1776014208932
4561	622	2409	10716	0	0	0	0	1776014209939
4566	618	2401	10454	0	0	0	0	1776014210931
4582	605	2459	10951	0	0	0	0	1776014211939
4632	617	2360	10535	0	0	0	0	1776014212952
4710	625	2465	10844	0	0	0	0	1776014213947
4540	602	2447	10572	0	0	0	0	1776014214966
4684	614	2362	10724	0	0	0	0	1776014215981
4742	625	2426	10666	0	0	0	0	1776014217001
4716	608	2366	10945	0	0	0	0	1776014217996
4645	608	2373	10534	0	0	0	0	1776014218996
4662	603	2415	10879	0	0	0	0	1776014219994
4706	622	2456	10769	0	0	0	0	1776014220995
4695	609	2414	10964	0	0	0	0	1776014221994
4557	624	2372	10920	0	0	0	0	1776014223001
4537	609	2377	10487	0	0	0	0	1776014223993
4685	615	2389	10697	0	0	0	0	1776014224997
4640	622	2395	10688	0	0	0	0	1776014226009
4635	605	2440	10684	0	0	0	0	1776014227010
4567	601	2467	10599	0	0	0	0	1776014228020
4740	604	2360	10773	0	0	0	0	1776014229012
4687	610	2475	10558	0	0	0	0	1776014230025
4601	612	2475	10531	0	0	0	0	1776014231031
4606	601	2452	10497	0	0	0	0	1776014232026
4648	615	2463	10744	0	0	0	0	1776014233027
4694	616	2441	10809	0	0	0	0	1776014234041
4683	623	2400	10709	0	0	0	0	1776014235042
4575	614	2428	10472	0	0	0	0	1776014236042
4593	625	2420	10898	0	0	0	0	1776014237041
4706	613	2453	10722	0	0	0	0	1776014238040
4752	601	2404	10966	0	0	0	0	1776014239058
4711	623	2398	10859	0	0	0	0	1776014240073
4757	623	2409	10622	0	0	0	0	1776014241075
4548	617	2419	10665	0	0	0	0	1776014242072
4570	610	2362	10557	0	0	0	0	1776014243075
4710	603	2446	10872	0	0	0	0	1776014244072
4663	621	2414	10780	0	0	0	0	1776014245075
4748	608	2373	10765	0	0	0	0	1776014246073
4728	624	2390	10919	0	0	0	0	1776014247075
4643	615	2458	10936	0	0	0	0	1776014248073
4558	603	2439	10886	0	0	0	0	1776014249073
4757	625	2448	10677	0	0	0	0	1776014250073
4630	624	2410	10916	0	0	0	0	1776014251074
4536	606	2395	10670	0	0	0	0	1776014252090
4543	614	2415	10964	0	0	0	0	1776014253106
4561	600	2454	10699	0	0	0	0	1776014254105
4566	623	2377	10629	0	0	0	0	1776014255107
4627	624	2378	10911	0	0	0	0	1776014256105
4593	603	2390	10621	0	0	0	0	1776014257107
4713	626	2394	10567	0	0	0	0	1776014258121
4603	601	2381	10771	0	0	0	0	1776014259144
4716	622	2366	10605	0	0	0	0	1776014260134
4590	621	2471	10811	0	0	0	0	1776014261141
4551	618	2419	10667	0	0	0	0	1776014262137
4619	618	2422	10671	0	0	0	0	1776014263139
4640	610	2456	10512	0	0	0	0	1776014264153
4582	607	2409	10864	0	0	0	0	1776014265152
4707	606	2418	10831	0	0	0	0	1776014266153
4552	621	2411	10770	0	0	0	0	1776014267156
4537	626	2396	10670	0	0	0	0	1776014268153
4578	622	2375	10943	0	0	0	0	1776014269156
4654	603	2433	10928	0	0	0	0	1776014270153
4655	624	2405	10604	0	0	0	0	1776014271178
4638	609	2388	10924	0	0	0	0	1776014272169
4577	621	2388	10829	0	0	0	0	1776014273173
4542	605	2449	10750	0	0	0	0	1776014274185
4628	606	2373	10782	0	0	0	0	1776014275186
4623	606	2404	10638	0	0	0	0	1776014276197
4600	618	2461	10684	0	0	0	0	1776014277202
4552	603	2391	10541	0	0	0	0	1776014278217
4537	624	2435	10609	0	0	0	0	1776014279218
4555	599	2410	10909	0	0	0	0	1776014280213
4714	622	2424	10703	0	0	0	0	1776014281219
4688	622	2367	10544	0	0	0	0	1776014282212
4626	624	2373	10776	0	0	0	0	1776014283212
4674	608	2386	10749	0	0	0	0	1776014284212
4609	614	2457	10496	0	0	0	0	1776014285216
4589	604	2406	10887	0	0	0	0	1776014286212
4664	622	2470	10678	0	0	0	0	1776014287212
4758	605	2395	10453	0	0	0	0	1776014288217
4539	601	2456	10705	0	0	0	0	1776014289216
4684	627	2379	10614	0	0	0	0	1776014290212
4652	619	2461	10935	0	0	0	0	1776014291225
4592	614	2415	10852	0	0	0	0	1776014292229
4657	602	2417	10823	0	0	0	0	1776014293248
4636	616	2436	10867	0	0	0	0	1776014294249
4629	615	2431	10950	0	0	0	0	1776014295253
4686	623	2405	10885	0	0	0	0	1776014296265
4602	609	2415	10460	0	0	0	0	1776014297267
4728	613	2433	10501	0	0	0	0	1776014298259
4688	615	2420	10666	0	0	0	0	1776014299260
4712	601	2439	10625	0	0	0	0	1776014300259
4657	627	2363	10524	0	0	0	0	1776014301269
4538	612	2398	10896	0	0	0	0	1776014302259
4568	602	2453	10619	0	0	0	0	1776014303267
4662	612	2368	10704	0	0	0	0	1776014304259
4638	605	2409	10787	0	0	0	0	1776014305267
4545	625	2432	10802	0	0	0	0	1776014306265
4574	607	2379	10802	0	0	0	0	1776014307269
4664	627	2365	10923	0	0	0	0	1776014308259
4614	611	2401	10642	0	0	0	0	1776014309267
4578	623	2443	10762	0	0	0	0	1776014310260
4705	599	2401	10831	0	0	0	0	1776014311267
4538	610	2398	10678	0	0	0	0	1776014312277
4698	624	2424	10513	0	0	0	0	1776014313276
4744	613	2400	10496	0	0	0	0	1776014314275
4692	608	2422	10946	0	0	0	0	1776014315283
4744	626	2413	10576	0	0	0	0	1776014316275
4628	624	2382	10923	0	0	0	0	1776014317276
4558	610	2431	10956	0	0	0	0	1776014318275
4685	616	2462	10855	0	0	0	0	1776014319281
4592	627	2366	10830	0	0	0	0	1776014320275
4699	613	2410	10535	0	0	0	0	1776014321284
4551	613	2401	10544	0	0	0	0	1776014322275
4620	627	2366	10965	0	0	0	0	1776014323283
4541	618	2443	10447	0	0	0	0	1776014324275
4661	607	2463	10684	0	0	0	0	1776014325284
4717	618	2443	10587	0	0	0	0	1776014326283
4691	606	2447	10872	0	0	0	0	1776014327283
4633	602	2465	10726	0	0	0	0	1776014328276
4653	627	2389	10802	0	0	0	0	1776014329283
4537	623	2397	10929	0	0	0	0	1776014330275
4699	610	2363	10709	0	0	0	0	1776014331284
4760	614	2384	10607	0	0	0	0	1776014332281
4546	610	2441	10911	0	0	0	0	1776014333283
4591	602	2407	10864	0	0	0	0	1776014334297
4546	624	2369	10919	0	0	0	0	1776014335300
4674	618	2376	10873	0	0	0	0	1776014336292
4658	601	2382	10487	0	0	0	0	1776014337296
4563	609	2418	10888	0	0	0	0	1776014338291
4690	616	2407	10643	0	0	0	0	1776014339290
4721	624	2382	10550	0	0	0	0	1776014340291
4652	600	2416	10884	0	0	0	0	1776014341304
4602	626	2456	10738	0	0	0	0	1776014342291
4618	610	2450	10733	0	0	0	0	1776014343296
4706	608	2453	10629	0	0	0	0	1776014344291
4687	611	2362	10544	0	0	0	0	1776014345299
4699	616	2465	10719	0	0	0	0	1776014346291
4664	606	2362	10695	0	0	0	0	1776014347299
4630	617	2421	10591	0	0	0	0	1776014348291
4544	616	2362	10907	0	0	0	0	1776014349300
4696	603	2456	10738	0	0	0	0	1776014350291
4690	613	2399	10952	0	0	0	0	1776014351299
4700	615	2456	10627	0	0	0	0	1776014352291
4567	607	2394	10626	0	0	0	0	1776014353299
4548	599	2386	10947	0	0	0	0	1776014354292
4563	599	2382	10653	0	0	0	0	1776014355291
4678	620	2364	10824	0	0	0	0	1776014356291
4553	607	2426	10623	0	0	0	0	1776014357299
4574	612	2374	10937	0	0	0	0	1776014358291
4637	617	2388	10630	0	0	0	0	1776014359299
4602	616	2447	10708	0	0	0	0	1776014360292
4681	627	2388	10722	0	0	0	0	1776014361299
4587	623	2367	10786	0	0	0	0	1776014362291
4647	606	2394	10807	0	0	0	0	1776014363298
4573	623	2380	10886	0	0	0	0	1776014364291
4647	606	2416	10650	0	0	0	0	1776014365291
4590	616	2370	10898	0	0	0	0	1776014366291
4649	602	2423	10891	0	0	0	0	1776014367299
4566	613	2459	10776	0	0	0	0	1776014368297
4587	611	2362	10563	0	0	0	0	1776014369296
4594	600	2444	10960	0	0	0	0	1776014370291
4587	603	2394	10617	0	0	0	0	1776014371290
4683	612	2371	10713	0	0	0	0	1776014372292
4664	612	2430	10475	0	0	0	0	1776014373301
4630	600	2465	10536	0	0	0	0	1776014374292
4558	600	2377	10746	0	0	0	0	1776014375299
4727	607	2396	10797	0	0	0	0	1776014376292
4628	612	2403	10788	0	0	0	0	1776014377297
4561	616	2379	10926	0	0	0	0	1776014378291
4602	620	2470	10858	0	0	0	0	1776014379300
4682	623	2448	10776	0	0	0	0	1776014380291
4759	617	2431	10962	0	0	0	0	1776014381290
4557	599	2405	10823	0	0	0	0	1776014382292
4739	611	2433	10757	0	0	0	0	1776014383304
4742	614	2460	10756	0	0	0	0	1776014384292
4543	619	2465	10684	0	0	0	0	1776014385298
4675	601	2377	10847	0	0	0	0	1776014386314
4545	623	2439	10832	0	0	0	0	1776014387306
4667	605	2467	10450	0	0	0	0	1776014388313
4727	602	2462	10748	0	0	0	0	1776014389314
4662	614	2388	10824	0	0	0	0	1776014390307
4755	622	2410	10656	0	0	0	0	1776014391307
4703	624	2384	10697	0	0	0	0	1776014392307
4632	614	2462	10564	0	0	0	0	1776014393306
4653	627	2387	10781	0	0	0	0	1776014394308
4591	601	2449	10750	0	0	0	0	1776014395320
4719	612	2474	10452	0	0	0	0	1776014396306
4678	614	2445	10658	0	0	0	0	1776014397315
4539	612	2463	10950	0	0	0	0	1776014398307
4714	625	2425	10727	0	0	0	0	1776014399315
4679	614	2429	10445	0	0	0	0	1776014400307
4598	608	2392	10483	0	0	0	0	1776014401315
4648	616	2434	10849	0	0	0	0	1776014402311
4554	627	2377	10515	0	0	0	0	1776014403307
4670	606	2385	10639	0	0	0	0	1776014404307
4593	622	2359	10451	0	0	0	0	1776014405315
4665	617	2405	10630	0	0	0	0	1776014406306
4587	599	2360	10543	0	0	0	0	1776014407315
4715	622	2375	10527	0	0	0	0	1776014408306
4691	627	2364	10833	0	0	0	0	1776014409315
4557	599	2418	10665	0	0	0	0	1776014410308
4564	620	2442	10819	0	0	0	0	1776014411315
4558	607	2418	10763	0	0	0	0	1776014412306
4541	599	2397	10676	0	0	0	0	1776014413322
4593	612	2448	10639	0	0	0	0	1776014414322
4665	609	2384	10702	0	0	0	0	1776014415331
4613	612	2434	10846	0	0	0	0	1776014416323
4573	614	2430	10701	0	0	0	0	1776014417333
4710	605	2417	10599	0	0	0	0	1776014418322
4622	613	2448	10888	0	0	0	0	1776014419331
4625	621	2432	10639	0	0	0	0	1776014420323
4680	627	2388	10530	0	0	0	0	1776014421322
4757	606	2421	10721	0	0	0	0	1776014422324
4653	622	2447	10621	0	0	0	0	1776014423323
4605	611	2446	10727	0	0	0	0	1776014424326
4681	617	2400	10725	0	0	0	0	1776014425322
4745	622	2376	10744	0	0	0	0	1776014426322
4589	600	2440	10445	0	0	0	0	1776014427329
4638	627	2362	10619	0	0	0	0	1776014428324
4591	603	2454	10758	0	0	0	0	1776014429331
4663	606	2370	10447	0	0	0	0	1776014430323
4573	607	2422	10858	0	0	0	0	1776014431339
4676	607	2444	10673	0	0	0	0	1776014432339
4635	619	2394	10477	0	0	0	0	1776014433352
4723	611	2441	10741	0	0	0	0	1776014434341
4645	604	2410	10647	0	0	0	0	1776014435353
4573	626	2464	10884	0	0	0	0	1776014436356
4614	601	2369	10922	0	0	0	0	1776014437353
4708	605	2442	10851	0	0	0	0	1776014438353
4539	608	2428	10670	0	0	0	0	1776014439353
4562	609	2437	10491	0	0	0	0	1776014440354
4599	603	2386	10788	0	0	0	0	1776014441353
4687	611	2393	10811	0	0	0	0	1776014442356
4613	609	2438	10892	0	0	0	0	1776014443362
4606	607	2385	10584	0	0	0	0	1776014444378
4738	624	2432	10681	0	0	0	0	1776014445369
4583	602	2376	10658	0	0	0	0	1776014446368
4754	609	2414	10576	0	0	0	0	1776014447369
4653	624	2417	10526	0	0	0	0	1776014448373
4605	626	2455	10787	0	0	0	0	1776014449385
4659	626	2424	10673	0	0	0	0	1776014450387
4630	626	2470	10610	0	0	0	0	1776014451386
4668	624	2431	10734	0	0	0	0	1776014452387
4586	618	2470	10601	0	0	0	0	1776014453401
4637	608	2382	10458	0	0	0	0	1776014454403
4617	618	2420	10551	0	0	0	0	1776014455401
4651	625	2440	10664	0	0	0	0	1776014456403
4550	605	2377	10794	0	0	0	0	1776014457401
4638	626	2375	10745	0	0	0	0	1776014458403
4702	601	2420	10610	0	0	0	0	1776014459401
4672	625	2434	10613	0	0	0	0	1776014460403
4554	605	2382	10944	0	0	0	0	1776014461418
4747	610	2376	10904	0	0	0	0	1776014462420
4739	607	2457	10552	0	0	0	0	1776014463428
4675	605	2433	10686	0	0	0	0	1776014464419
4649	619	2418	10654	0	0	0	0	1776014465417
4601	603	2390	10871	0	0	0	0	1776014466419
4697	620	2403	10922	0	0	0	0	1776014467433
4730	623	2422	10793	0	0	0	0	1776014468435
4675	607	2392	10549	0	0	0	0	1776014469447
4541	611	2370	10745	0	0	0	0	1776014470451
4698	626	2399	10800	0	0	0	0	1776014471461
4607	615	2403	10961	0	0	0	0	1776014473014
4752	621	2417	10883	0	0	0	0	1776014473465
4734	608	2463	10506	0	0	0	0	1776014474477
4580	615	2388	10865	0	0	0	0	1776014475465
4713	615	2379	10747	0	0	0	0	1776014476467
4624	605	2461	10565	0	0	0	0	1776014477465
4757	612	2375	10948	0	0	0	0	1776014478466
4617	614	2435	10690	0	0	0	0	1776014479464
4754	607	2449	10590	0	0	0	0	1776014480464
4586	627	2455	10934	0	0	0	0	1776014481478
4750	622	2457	10616	0	0	0	0	1776014482483
4630	608	2424	10834	0	0	0	0	1776014483481
4687	599	2385	10653	0	0	0	0	1776014484483
4617	610	2413	10668	0	0	0	0	1776014485494
4760	606	2438	10626	0	0	0	0	1776014486511
4706	609	2375	10758	0	0	0	0	1776014487528
4729	620	2411	10660	0	0	0	0	1776014488530
4636	613	2434	10475	0	0	0	0	1776014489543
4557	622	2436	10614	0	0	0	0	1776014490547
4540	606	2434	10630	0	0	0	0	1776014491545
4711	623	2394	10704	0	0	0	0	1776014492541
4742	622	2371	10684	0	0	0	0	1776014493554
4563	613	2399	10707	0	0	0	0	1776014494547
4594	623	2452	10643	0	0	0	0	1776014495561
4569	627	2435	10636	0	0	0	0	1776014496563
4582	605	2381	10483	0	0	0	0	1776014497577
4736	607	2432	10787	0	0	0	0	1776014498579
4547	617	2410	10726	0	0	0	0	1776014499572
4584	615	2413	10516	0	0	0	0	1776014500576
4721	611	2461	10774	0	0	0	0	1776014501586
4614	619	2365	10784	0	0	0	0	1776014502579
4674	599	2437	10842	0	0	0	0	1776014503572
4746	626	2421	10521	0	0	0	0	1776014504579
4645	601	2372	10469	0	0	0	0	1776014505578
4700	605	2437	10508	0	0	0	0	1776014506579
4755	613	2444	10648	0	0	0	0	1776014507578
4542	613	2449	10762	0	0	0	0	1776014508585
4594	599	2401	10960	0	0	0	0	1776014509572
4668	627	2462	10701	0	0	0	0	1776014510575
4536	624	2391	10954	0	0	0	0	1776014511572
4580	605	2466	10784	0	0	0	0	1776014512579
4687	617	2364	10445	0	0	0	0	1776014513572
4757	607	2434	10782	0	0	0	0	1776014514579
4680	615	2474	10541	0	0	0	0	1776014515572
4574	621	2460	10901	0	0	0	0	1776014516578
4722	601	2369	10603	0	0	0	0	1776014517572
4674	614	2408	10771	0	0	0	0	1776014518578
4755	600	2472	10510	0	0	0	0	1776014519593
4731	613	2400	10866	0	0	0	0	1776014520595
4661	609	2386	10806	0	0	0	0	1776014521587
4738	626	2369	10825	0	0	0	0	1776014522595
4611	616	2410	10817	0	0	0	0	1776014523594
4645	605	2383	10522	0	0	0	0	1776014524596
4652	624	2369	10730	0	0	0	0	1776014525587
4566	602	2365	10848	0	0	0	0	1776014526596
4647	602	2459	10517	0	0	0	0	1776014527587
4695	600	2388	10793	0	0	0	0	1776014528596
4612	612	2447	10598	0	0	0	0	1776014529587
4678	610	2386	10960	0	0	0	0	1776014530596
4701	627	2367	10658	0	0	0	0	1776014531588
4701	619	2369	10846	0	0	0	0	1776014532595
4699	617	2399	10898	0	0	0	0	1776014533587
4711	614	2470	10514	0	0	0	0	1776014534595
4755	613	2461	10584	0	0	0	0	1776014535587
4640	627	2421	10890	0	0	0	0	1776014536595
4676	601	2411	10818	0	0	0	0	1776014537606
4587	621	2366	10481	0	0	0	0	1776014538604
4740	600	2427	10551	0	0	0	0	1776014539603
4667	619	2407	10783	0	0	0	0	1776014540604
4598	610	2424	10814	0	0	0	0	1776014541603
4542	607	2472	10625	0	0	0	0	1776014542612
4572	609	2428	10634	0	0	0	0	1776014543603
4699	606	2383	10740	0	0	0	0	1776014544612
4632	627	2456	10758	0	0	0	0	1776014545603
4689	599	2406	10717	0	0	0	0	1776014546607
4615	621	2422	10850	0	0	0	0	1776014547603
4670	617	2460	10468	0	0	0	0	1776014548604
4621	622	2377	10635	0	0	0	0	1776014549603
4611	616	2443	10608	0	0	0	0	1776014550612
4596	615	2406	10522	0	0	0	0	1776014551607
4545	621	2452	10510	0	0	0	0	1776014552612
4571	625	2384	10851	0	0	0	0	1776014553604
4730	624	2449	10922	0	0	0	0	1776014554609
4753	602	2385	10557	0	0	0	0	1776014555603
4592	617	2462	10859	0	0	0	0	1776014556611
4680	612	2400	10550	0	0	0	0	1776014557603
4539	620	2442	10875	0	0	0	0	1776014558612
4738	602	2397	10604	0	0	0	0	1776014559603
4723	626	2439	10905	0	0	0	0	1776014560611
4683	610	2433	10586	0	0	0	0	1776014561623
4657	625	2410	10935	0	0	0	0	1776014562622
4544	621	2413	10860	0	0	0	0	1776014563620
4748	619	2452	10487	0	0	0	0	1776014564619
4559	625	2473	10677	0	0	0	0	1776014565619
4603	615	2370	10692	0	0	0	0	1776014566620
4545	612	2407	10861	0	0	0	0	1776014567619
4631	605	2458	10891	0	0	0	0	1776014568625
4566	619	2473	10878	0	0	0	0	1776014569619
4628	608	2402	10779	0	0	0	0	1776014570628
4601	607	2380	10888	0	0	0	0	1776014571619
4748	620	2408	10792	0	0	0	0	1776014572629
4581	606	2455	10877	0	0	0	0	1776014573620
4611	624	2430	10552	0	0	0	0	1776014574618
4561	600	2366	10566	0	0	0	0	1776014575619
4552	626	2381	10727	0	0	0	0	1776014576632
4589	626	2429	10940	0	0	0	0	1776014577624
4549	613	2409	10893	0	0	0	0	1776014578622
4723	627	2438	10745	0	0	0	0	1776014579631
4639	603	2424	10785	0	0	0	0	1776014580619
4709	615	2379	10756	0	0	0	0	1776014581620
4573	605	2360	10725	0	0	0	0	1776014582628
4745	603	2449	10940	0	0	0	0	1776014583634
4742	626	2382	10905	0	0	0	0	1776014584635
4539	603	2366	10721	0	0	0	0	1776014585636
4761	605	2369	10856	0	0	0	0	1776014586634
4574	624	2404	10802	0	0	0	0	1776014587635
4668	616	2437	10823	0	0	0	0	1776014588636
4548	619	2398	10896	0	0	0	0	1776014589650
4706	625	2447	10618	0	0	0	0	1776014590660
4696	622	2438	10576	0	0	0	0	1776014591651
4542	603	2403	10484	0	0	0	0	1776014592660
4743	626	2378	10556	0	0	0	0	1776014593650
4679	610	2432	10950	0	0	0	0	1776014594652
4591	602	2381	10887	0	0	0	0	1776014595652
4613	604	2461	10518	0	0	0	0	1776014596659
4698	606	2381	10574	0	0	0	0	1776014597652
4749	607	2457	10462	0	0	0	0	1776014598659
4558	624	2421	10538	0	0	0	0	1776014599664
4613	606	2438	10674	0	0	0	0	1776014600659
4714	599	2465	10759	0	0	0	0	1776014601651
4595	615	2361	10830	0	0	0	0	1776014602659
4621	608	2451	10521	0	0	0	0	1776014603652
4679	627	2392	10707	0	0	0	0	1776014604659
4717	620	2411	10501	0	0	0	0	1776014605666
4653	607	2389	10550	0	0	0	0	1776014606681
4562	599	2365	10657	0	0	0	0	1776014607698
4705	617	2364	10896	0	0	0	0	1776014608697
4738	617	2449	10579	0	0	0	0	1776014609699
4563	602	2375	10621	0	0	0	0	1776014610697
4608	601	2449	10941	0	0	0	0	1776014611705
4599	625	2407	10844	0	0	0	0	1776014612709
4714	613	2414	10673	0	0	0	0	1776014613717
4566	619	2435	10669	0	0	0	0	1776014614729
4580	620	2426	10913	0	0	0	0	1776014615731
4537	617	2470	10637	0	0	0	0	1776014616729
4741	601	2475	10931	0	0	0	0	1776014617731
4610	611	2407	10578	0	0	0	0	1776014618728
4582	625	2395	10584	0	0	0	0	1776014619731
4537	617	2464	10684	0	0	0	0	1776014620730
4656	613	2419	10714	0	0	0	0	1776014621731
4620	604	2407	10669	0	0	0	0	1776014622729
4585	607	2376	10745	0	0	0	0	1776014623729
4717	608	2443	10558	0	0	0	0	1776014624740
4740	606	2450	10502	0	0	0	0	1776014625731
4743	610	2377	10668	0	0	0	0	1776014626728
4670	625	2410	10765	0	0	0	0	1776014627731
4639	616	2457	10803	0	0	0	0	1776014628745
4609	620	2407	10869	0	0	0	0	1776014629761
4701	605	2432	10581	0	0	0	0	1776014630777
4626	621	2447	10565	0	0	0	0	1776014631778
4700	613	2424	10510	0	0	0	0	1776014632793
4616	601	2446	10571	0	0	0	0	1776014633792
4721	625	2405	10584	0	0	0	0	1776014634803
4635	600	2465	10808	0	0	0	0	1776014635790
4572	603	2389	10914	0	0	0	0	1776014636807
4726	624	2464	10554	0	0	0	0	1776014637830
4667	599	2390	10452	0	0	0	0	1776014638841
4633	605	2471	10696	0	0	0	0	1776014639844
4595	600	2380	10475	0	0	0	0	1776014640854
4569	601	2432	10947	0	0	0	0	1776014641859
4737	617	2457	10607	0	0	0	0	1776014642873
4560	607	2377	10942	0	0	0	0	1776014643870
4665	610	2456	10914	0	0	0	0	1776014644889
4578	612	2408	10898	0	0	0	0	1776014645891
4590	618	2471	10795	0	0	0	0	1776014646888
4617	606	2368	10635	0	0	0	0	1776014647886
4720	609	2395	10498	0	0	0	0	1776014648905
4668	621	2425	10663	0	0	0	0	1776014649907
4733	600	2370	10962	0	0	0	0	1776014650905
4615	605	2411	10451	0	0	0	0	1776014651959
4543	606	2473	10594	0	0	0	0	1776014652899
4724	625	2371	10520	0	0	0	0	1776014653906
4740	600	2373	10858	0	0	0	0	1776014654918
4686	613	2388	10615	0	0	0	0	1776014655924
4690	623	2372	10522	0	0	0	0	1776014656921
4618	610	2446	10651	0	0	0	0	1776014657923
4631	612	2404	10560	0	0	0	0	1776014658915
4621	606	2444	10806	0	0	0	0	1776014659923
4717	613	2472	10451	0	0	0	0	1776014660916
4694	607	2465	10863	0	0	0	0	1776014661923
4687	625	2455	10831	0	0	0	0	1776014662915
4587	608	2405	10615	0	0	0	0	1776014663923
4556	616	2447	10956	0	0	0	0	1776014664915
4669	625	2464	10946	0	0	0	0	1776014665934
4558	626	2451	10631	0	0	0	0	1776014666931
4703	617	2453	10493	0	0	0	0	1776014667939
4549	619	2445	10523	0	0	0	0	1776014668953
4558	616	2422	10910	0	0	0	0	1776014669962
4663	618	2369	10846	0	0	0	0	1776014670947
4611	620	2362	10475	0	0	0	0	1776014671949
4568	617	2375	10659	0	0	0	0	1776014672947
4710	609	2419	10874	0	0	0	0	1776014673955
4623	611	2363	10566	0	0	0	0	1776014674948
4635	616	2383	10941	0	0	0	0	1776014675955
4727	602	2360	10861	0	0	0	0	1776014676948
4701	618	2401	10498	0	0	0	0	1776014677955
4651	617	2409	10529	0	0	0	0	1776014678948
4686	626	2435	10772	0	0	0	0	1776014679956
4731	618	2440	10758	0	0	0	0	1776014680947
4722	606	2366	10955	0	0	0	0	1776014681961
4681	617	2427	10630	0	0	0	0	1776014682947
4734	622	2364	10715	0	0	0	0	1776014683946
4574	600	2394	10941	0	0	0	0	1776014684946
4700	627	2428	10540	0	0	0	0	1776014685953
4612	600	2388	10733	0	0	0	0	1776014686947
4611	616	2388	10498	0	0	0	0	1776014687949
4577	609	2462	10762	0	0	0	0	1776014688947
4553	607	2416	10472	0	0	0	0	1776014689956
4570	603	2449	10864	0	0	0	0	1776014690947
4724	604	2404	10683	0	0	0	0	1776014691952
4739	612	2437	10776	0	0	0	0	1776014692947
4674	600	2371	10952	0	0	0	0	1776014693947
4711	622	2453	10808	0	0	0	0	1776014694948
4723	609	2449	10479	0	0	0	0	1776014695952
4751	600	2445	10950	0	0	0	0	1776014696947
4596	615	2426	10950	0	0	0	0	1776014697955
4562	606	2433	10921	0	0	0	0	1776014698947
4657	601	2474	10530	0	0	0	0	1776014699956
4720	603	2383	10846	0	0	0	0	1776014700947
4607	601	2435	10753	0	0	0	0	1776014701955
4640	618	2468	10521	0	0	0	0	1776014702947
4554	616	2450	10826	0	0	0	0	1776014703956
4738	627	2373	10791	0	0	0	0	1776014704948
4653	609	2467	10589	0	0	0	0	1776014705955
4675	601	2471	10566	0	0	0	0	1776014706947
4670	625	2395	10730	0	0	0	0	1776014707961
4680	617	2424	10600	0	0	0	0	1776014708948
4580	600	2433	10510	0	0	0	0	1776014709955
4752	605	2393	10462	0	0	0	0	1776014710948
4623	619	2439	10878	0	0	0	0	1776014712019
4686	603	2424	10929	0	0	0	0	1776014712947
4623	615	2457	10467	0	0	0	0	1776014713955
4683	620	2380	10860	0	0	0	0	1776014714947
4541	621	2424	10762	0	0	0	0	1776014715956
4748	614	2376	10715	0	0	0	0	1776014716948
4755	621	2389	10886	0	0	0	0	1776014717956
4695	620	2386	10647	0	0	0	0	1776014718947
4645	614	2427	10589	0	0	0	0	1776014719951
4722	610	2411	10505	0	0	0	0	1776014720963
4719	625	2402	10599	0	0	0	0	1776014721971
4566	624	2436	10839	0	0	0	0	1776014722964
4592	618	2450	10942	0	0	0	0	1776014723972
4592	626	2397	10769	0	0	0	0	1776014724963
4721	599	2408	10960	0	0	0	0	1776014725972
4549	616	2475	10697	0	0	0	0	1776014726964
4646	600	2397	10703	0	0	0	0	1776014727964
4723	609	2449	10932	0	0	0	0	1776014728970
4569	600	2391	10693	0	0	0	0	1776014729972
4734	606	2394	10764	0	0	0	0	1776014730963
4561	609	2442	10589	0	0	0	0	1776014731972
4757	626	2467	10589	0	0	0	0	1776014732979
4599	604	2444	10715	0	0	0	0	1776014733978
4604	617	2397	10707	0	0	0	0	1776014734985
4749	624	2421	10733	0	0	0	0	1776014735987
4545	614	2419	10907	0	0	0	0	1776014736979
4574	606	2383	10604	0	0	0	0	1776014737984
4669	603	2364	10557	0	0	0	0	1776014738979
4725	610	2457	10856	0	0	0	0	1776014739985
4634	612	2437	10639	0	0	0	0	1776014740979
4611	616	2446	10756	0	0	0	0	1776014742022
4671	622	2473	10949	0	0	0	0	1776014742979
4714	615	2434	10456	0	0	0	0	1776014743988
4704	604	2380	10877	0	0	0	0	1776014744980
4542	619	2402	10640	0	0	0	0	1776014745984
4743	623	2395	10796	0	0	0	0	1776014746979
4553	604	2402	10786	0	0	0	0	1776014747987
4731	603	2363	10708	0	0	0	0	1776014748980
4614	608	2427	10504	0	0	0	0	1776014749988
4540	618	2402	10785	0	0	0	0	1776014750978
4622	608	2435	10794	0	0	0	0	1776014751984
4562	610	2374	10829	0	0	0	0	1776014752980
4606	614	2451	10619	0	0	0	0	1776014753987
4619	609	2402	10720	0	0	0	0	1776014754978
4736	624	2394	10852	0	0	0	0	1776014755987
4622	613	2393	10934	0	0	0	0	1776014756998
4554	606	2375	10760	0	0	0	0	1776014758009
4661	618	2432	10450	0	0	0	0	1776014759017
4638	609	2413	10960	0	0	0	0	1776014760021
4587	601	2397	10766	0	0	0	0	1776014761011
4761	610	2407	10570	0	0	0	0	1776014762015
4626	615	2385	10632	0	0	0	0	1776014763010
4698	614	2408	10697	0	0	0	0	1776014764013
4544	622	2392	10828	0	0	0	0	1776014765011
4704	603	2371	10670	0	0	0	0	1776014766009
4559	602	2431	10596	0	0	0	0	1776014767011
4578	614	2437	10911	0	0	0	0	1776014768017
4557	624	2452	10871	0	0	0	0	1776014769028
4643	627	2434	10626	0	0	0	0	1776014770026
4613	601	2436	10608	0	0	0	0	1776014771029
4633	599	2374	10468	0	0	0	0	1776014772067
4710	605	2454	10607	0	0	0	0	1776014773029
4743	612	2471	10471	0	0	0	0	1776014774041
4637	599	2468	10490	0	0	0	0	1776014775043
4567	615	2447	10746	0	0	0	0	1776014776057
4674	610	2361	10753	0	0	0	0	1776014777063
4655	621	2461	10659	0	0	0	0	1776014778063
4638	613	2391	10672	0	0	0	0	1776014779059
4604	625	2452	10695	0	0	0	0	1776014780058
4637	615	2387	10668	0	0	0	0	1776014781059
4671	617	2460	10668	0	0	0	0	1776014782058
4603	606	2370	10863	0	0	0	0	1776014783059
4601	601	2440	10500	0	0	0	0	1776014784057
4662	626	2390	10556	0	0	0	0	1776014785065
4618	627	2372	10641	0	0	0	0	1776014786058
4735	626	2389	10459	0	0	0	0	1776014787059
4536	619	2390	10725	0	0	0	0	1776014788073
4718	619	2462	10784	0	0	0	0	1776014789075
4577	619	2438	10464	0	0	0	0	1776014790089
4596	617	2375	10942	0	0	0	0	1776014791091
4537	610	2408	10637	0	0	0	0	1776014792103
4689	619	2453	10723	0	0	0	0	1776014793107
4668	618	2389	10929	0	0	0	0	1776014794119
4695	618	2432	10593	0	0	0	0	1776014795137
4675	617	2411	10645	0	0	0	0	1776014796137
4653	602	2433	10909	0	0	0	0	1776014797139
4646	621	2375	10964	0	0	0	0	1776014798138
4731	614	2365	10778	0	0	0	0	1776014799140
4554	617	2426	10627	0	0	0	0	1776014800151
