1023	1177	1151	2291	0	0	0	0	1773871575829
940	1155	1113	2301	0	0	0	0	1773871577261
965	1199	1088	2307	0	0	0	0	1773871578603
971	1129	0	2278	0	0	0	0	1773871579907
978	1167	1094	2303	0	0	0	0	1773871581260
987	0	1127	2274	0	0	0	0	1773871582701
937	1162	1096	2288	0	0	0	0	1773871584186
961	1190	1063	0	0	0	0	0	1773871585455
949	0	0	2257	0	0	0	0	1773871586694
965	1190	1039	2282	0	0	0	0	1773871588010
958	1166	1089	2293	0	0	0	0	1773871589434
984	1202	1080	0	0	0	0	0	1773871590946
940	0	1104	2288	0	0	0	0	1773871592315
979	1210	1059	2301	0	0	0	0	1773871593442
945	1127	1059	2333	0	0	0	0	1773871594467
955	1145	1099	2337	0	0	0	0	1773871595553
966	1137	1135	2324	0	0	0	0	1773871596704
933	1191	1074	2277	0	0	0	0	1773871597931
964	1211	1039	2290	0	0	0	0	1773871599386
969	1114	1055	2265	0	0	0	0	1773871600722
956	1151	1090	2344	0	0	0	0	1773871602153
941	0	1104	2224	0	0	0	0	1773871603373
960	1145	1095	0	0	0	0	0	1773871604897
973	1194	0	2287	0	0	0	0	1773871606225
942	1190	991	2338	0	0	0	0	1773871607534
972	0	1057	0	0	0	0	0	1773871608970
929	1144	1079	2306	0	0	0	0	1773871610403
965	1203	0	2180	0	0	0	0	1773871611845
975	0	1084	2290	0	0	0	0	1773871613084
948	1172	1056	2294	0	0	0	0	1773871614417
978	1175	1056	0	0	0	0	0	1773871615544
923	1133	1096	2352	0	0	0	0	1773871616650
946	1133	1101	2172	0	0	0	0	1773871617815
950	1186	1022	2221	0	0	0	0	1773871618949
974	1179	1035	2303	0	0	0	0	1773871620048
976	1201	1065	2278	0	0	0	0	1773871621396
947	1169	1101	2161	0	0	0	0	1773871622833
975	1142	1109	2216	0	0	0	0	1773871624128
948	1180	1025	2268	0	0	0	0	1773871625558
970	1197	0	2341	0	0	0	0	1773871626826
972	1193	1052	2291	0	0	0	0	1773871628155
955	1099	1123	0	0	0	0	0	1773871629610
980	1140	1092	2159	0	0	0	0	1773871630986
958	1165	0	2215	0	0	0	0	1773871632256
969	1172	1027	2262	0	0	0	0	1773871633648
973	0	1032	2337	0	0	0	0	1773871635000
949	1175	1118	0	0	0	0	0	1773871636329
967	1183	1031	2161	0	0	0	0	1773871637705
943	1155	0	2223	0	0	0	0	1773871639015
976	1133	1041	2307	0	0	0	0	1773871640133
940	1164	1076	2170	0	0	0	0	1773871641262
954	1199	1118	2212	0	0	0	0	1773871642390
943	1107	1101	2244	0	0	0	0	1773871643521
953	1117	1097	2258	0	0	0	0	1773871644744
965	1162	1021	2273	0	0	0	0	1773871646075
936	1203	1064	2260	0	0	0	0	1773871647405
963	1202	1114	2272	0	0	0	0	1773871648738
966	1179	1054	2281	0	0	0	0	1773871650172
956	1179	1064	0	0	0	0	0	1773871651605
975	1157	1045	2261	0	0	0	0	1773871652934
937	1174	1072	2267	0	0	0	0	1773871654274
955	1190	1103	2276	0	0	0	0	1773871655480
942	0	1044	2274	0	0	0	0	1773871656893
956	1175	1074	2288	0	0	0	0	1773871658220
933	1162	1066	2331	0	0	0	0	1773871659680
962	1213	0	2151	0	0	0	0	1773871661009
966	1220	1082	2209	0	0	0	0	1773871662355
961	0	1083	2228	0	0	0	0	1773871663549
953	1143	1085	2262	0	0	0	0	1773871664696
961	1155	1076	2309	0	0	0	0	1773871665733
966	1194	1079	2140	0	0	0	0	1773871666899
939	1160	1099	2200	0	0	0	0	1773871667983
959	1196	1110	2227	0	0	0	0	1773871669294
966	1107	1013	2290	0	0	0	0	1773871670754
939	1148	1028	2298	0	0	0	0	1773871672292
946	0	1060	2132	0	0	0	0	1773871673518
932	1194	1095	0	0	0	0	0	1773871674764
972	0	996	2282	0	0	0	0	1773871676079
940	1117	1066	2285	0	0	0	0	1773871677426
954	1127	1048	2306	0	0	0	0	1773871678921
919	1201	0	0	0	0	0	0	1773871680381
958	1137	1070	2316	0	0	0	0	1773871681609
963	0	1104	2254	0	0	0	0	1773871682941
934	1169	1016	2273	0	0	0	0	1773871684270
939	1162	1063	0	0	0	0	0	1773871685691
943	1184	1056	2279	0	0	0	0	1773871686830
965	1190	1069	2291	0	0	0	0	1773871687958
970	1216	1073	2293	0	0	0	0	1773871689061
945	1100	1068	2255	0	0	0	0	1773871690168
974	1140	1108	2272	0	0	0	0	1773871691365
940	1153	1043	2287	0	0	0	0	1773871692875
951	1208	1072	2270	0	0	0	0	1773871694204
964	1170	1077	2285	0	0	0	0	1773871695515
937	1155	0	2266	0	0	0	0	1773871696867
958	1169	1090	0	0	0	0	0	1773871698296
964	1151	1101	2266	0	0	0	0	1773871699714
961	1207	1103	2282	0	0	0	0	1773871701048
969	1124	1089	2194	0	0	0	0	1773871702306
966	1166	0	2216	0	0	0	0	1773871703712
938	0	1112	2303	0	0	0	0	1773871705045
952	1166	1114	2281	0	0	0	0	1773871706372
964	1193	0	2186	0	0	0	0	1773871707823
946	0	1020	2212	0	0	0	0	1773871709164
975	1198	1027	2287	0	0	0	0	1773871710267
943	1175	1071	2291	0	0	0	0	1773871711415
950	1178	1113	2271	0	0	0	0	1773871712516
966	1179	1075	2183	0	0	0	0	1773871713659
936	1160	1003	2238	0	0	0	0	1773871714773
950	1185	1022	2282	0	0	0	0	1773871716122
962	1192	1063	2290	0	0	0	0	1773871717550
930	1155	1126	2168	0	0	0	0	1773871719036
926	0	1007	2213	0	0	0	0	1773871720329
954	1134	1014	2250	0	0	0	0	1773871721631
959	1176	1035	2297	0	0	0	0	1773871722859
928	1128	1073	2282	0	0	0	0	1773871724211
948	1158	1097	2117	0	0	0	0	1773871725655
912	1157	1029	0	0	0	0	0	1773871727000
943	1165	1048	2182	0	0	0	0	1773871728293
951	1200	1087	2259	0	0	0	0	1773871729592
948	1149	1120	2235	0	0	0	0	1773871730871
963	1169	1056	2257	0	0	0	0	1773871732177
967	1112	1002	2183	0	0	0	0	1773871733625
939	1186	0	2260	0	0	0	0	1773871734942
955	1104	1018	2275	0	0	0	0	1773871735968
923	1145	1071	2269	0	0	0	0	1773871737219
944	1174	1102	2263	0	0	0	0	1773871738222
935	1144	1032	2250	0	0	0	0	1773871739537
958	1164	1049	2231	0	0	0	0	1773871740978
936	1193	1059	2270	0	0	0	0	1773871742313
934	1220	1091	2253	0	0	0	0	1773871743587
917	0	1098	2268	0	0	0	0	1773871744890
935	1148	1056	2277	0	0	0	0	1773871746411
952	1120	1079	2261	0	0	0	0	1773871747843
891	1174	1076	2280	0	0	0	0	1773871749094
940	1190	1100	0	0	0	0	0	1773871750418
930	1182	1058	2257	0	0	0	0	1773871751545
963	1189	1054	2266	0	0	0	0	1773871752698
924	1177	1071	2149	0	0	0	0	1773871754118
939	1151	1072	2247	0	0	0	0	1773871755563
947	1197	1093	2269	0	0	0	0	1773871756774
944	1208	0	2278	0	0	0	0	1773871758200
951	1136	1077	2142	0	0	0	0	1773871759330
905	1143	1091	2198	0	0	0	0	1773871760437
942	1171	1053	2273	0	0	0	0	1773871761565
948	1187	1072	2151	0	0	0	0	1773871762997
922	1222	1034	2200	0	0	0	0	1773871764329
941	1151	1040	2222	0	0	0	0	1773871765692
901	1114	1077	0	0	0	0	0	1773871767108
926	1141	1097	2248	0	0	0	0	1773871768313
931	1167	1090	2301	0	0	0	0	1773871769690
957	1189	983	2170	0	0	0	0	1773871770898
958	1114	1041	2205	0	0	0	0	1773871772335
920	1158	1075	2226	0	0	0	0	1773871773772
943	0	1076	2246	0	0	0	0	1773871774876
933	1158	972	2271	0	0	0	0	1773871776028
951	1186	1025	2246	0	0	0	0	1773871777351
955	1193	1065	2246	0	0	0	0	1773871778679
932	1162	1101	2233	0	0	0	0	1773871779896
951	1174	1069	2247	0	0	0	0	1773871781329
933	1127	0	2260	0	0	0	0	1773871782694
967	1178	975	2255	0	0	0	0	1773871783786
913	1176	1000	2259	0	0	0	0	1773871785118
938	1128	1062	2268	0	0	0	0	1773871786324
944	1150	1079	2312	0	0	0	0	1773871787721
905	1149	1034	2148	0	0	0	0	1773871789141
943	1208	1035	0	0	0	0	0	1773871790458
925	1146	1062	2191	0	0	0	0	1773871791600
938	1187	1109	2217	0	0	0	0	1773871792920
949	1148	1098	2247	0	0	0	0	1773871794436
888	1185	996	2295	0	0	0	0	1773871795769
924	1149	1014	2154	0	0	0	0	1773871796994
939	0	1047	2203	0	0	0	0	1773871798251
947	1185	1094	2217	0	0	0	0	1773871799451
928	1198	1089	2280	0	0	0	0	1773871800587
950	1124	1082	2292	0	0	0	0	1773871802030
921	1147	1001	2181	0	0	0	0	1773871803463
923	1187	1041	2220	0	0	0	0	1773871804792
910	1180	0	2131	0	0	0	0	1773871806123
913	1185	1081	2242	0	0	0	0	1773871807270
932	1140	1068	2257	0	0	0	0	1773871808387
938	1207	1048	2138	0	0	0	0	1773871809842
932	1115	1028	2181	0	0	0	0	1773871811244
967	1170	1069	2253	0	0	0	0	1773871812465
909	1199	1092	2269	0	0	0	0	1773871813819
928	1101	1048	0	0	0	0	0	1773871815064
940	1136	1056	2249	0	0	0	0	1773871816161
948	1169	1053	2255	0	0	0	0	1773871817498
933	1193	1090	2284	0	0	0	0	1773871818809
947	1135	1067	2212	0	0	0	0	1773871820245
952	1140	1058	2214	0	0	0	0	1773871821690
947	0	1070	2244	0	0	0	0	1773871822811
916	1194	1054	2247	0	0	0	0	1773871823946
918	1211	1125	2264	0	0	0	0	1773871825185
958	1195	978	2213	0	0	0	0	1773871826490
922	1093	1040	2233	0	0	0	0	1773871827844
941	1144	1059	2262	0	0	0	0	1773871829267
952	1160	1085	2255	0	0	0	0	1773871830589
925	1175	0	2264	0	0	0	0	1773871831745
960	1198	1019	2237	0	0	0	0	1773871832850
895	1104	1044	2221	0	0	0	0	1773871834182
921	1175	1066	2239	0	0	0	0	1773871835704
946	1183	1070	2277	0	0	0	0	1773871837151
929	1169	1054	0	0	0	0	0	1773871838485
960	1173	1059	2274	0	0	0	0	1773871839699
907	1177	1041	2281	0	0	0	0	1773871841145
915	1127	1083	2096	0	0	0	0	1773871842562
941	1138	1089	2160	0	0	0	0	1773871843816
940	0	993	2171	0	0	0	0	1773871845225
919	1174	1028	2203	0	0	0	0	1773871846263
939	1193	1056	2215	0	0	0	0	1773871847376
939	1144	1099	2217	0	0	0	0	1773871848507
902	1145	1103	2231	0	0	0	0	1773871849629
936	1161	976	2242	0	0	0	0	1773871851078
948	1186	998	2242	0	0	0	0	1773871852320
918	1173	1052	2240	0	0	0	0	1773871853739
934	1110	1082	2249	0	0	0	0	1773871854957
876	1130	1028	0	0	0	0	0	1773871856325
914	1162	0	2246	0	0	0	0	1773871857738
937	1180	1016	2249	0	0	0	0	1773871858983
923	1162	1045	2247	0	0	0	0	1773871860394
958	1176	1072	2251	0	0	0	0	1773871861813
908	0	1072	2287	0	0	0	0	1773871863057
935	1151	1074	2272	0	0	0	0	1773871864475
925	1147	1021	2246	0	0	0	0	1773871865823
940	1184	1055	0	0	0	0	0	1773871867073
904	0	1091	2109	0	0	0	0	1773871868498
917	1131	1065	2173	0	0	0	0	1773871869697
898	1144	1046	2237	0	0	0	0	1773871870762
930	1169	1032	2128	0	0	0	0	1773871871864
941	1193	1054	2172	0	0	0	0	1773871872974
919	1132	1075	2192	0	0	0	0	1773871874121
