4729	3963	3362	6089	0	0	0	0	1780927481234
4687	3956	3187	6006	0	0	0	0	1780927482764
4646	3884	3250	5992	0	0	0	0	1780927484165
4624	0	3267	6017	0	0	0	0	1780927485393
4529	3758	0	5965	0	0	0	0	1780927486829
4595	3814	3228	5923	0	0	0	0	1780927488187
4574	0	3278	5990	0	0	0	0	1780927489488
4568	3842	3309	5896	0	0	0	0	1780927490923
4570	3900	3312	0	0	0	0	0	1780927492258
4571	3675	0	5826	0	0	0	0	1780927493689
4599	0	3137	5918	0	0	0	0	1780927494915
4517	3746	3252	5937	0	0	0	0	1780927496280
4562	3837	3281	0	0	0	0	0	1780927497782
4547	3848	3209	5832	0	0	0	0	1780927498870
4501	3858	3182	5825	0	0	0	0	1780927499976
4540	3669	3227	5856	0	0	0	0	1780927501060
4542	3742	3236	5787	0	0	0	0	1780927502219
4532	3754	3252	5915	0	0	0	0	1780927503415
4513	3770	3097	5875	0	0	0	0	1780927504848
4521	3798	3159	5860	0	0	0	0	1780927506283
4539	3814	3160	5900	0	0	0	0	1780927507698
4507	3665	0	5857	0	0	0	0	1780927508873
4511	3759	3206	5824	0	0	0	0	1780927510287
4451	3789	3218	5733	0	0	0	0	1780927511782
4483	3700	3166	5776	0	0	0	0	1780927513000
4502	3750	3198	5846	0	0	0	0	1780927514373
4528	0	3105	5806	0	0	0	0	1780927515529
4487	3764	3171	5778	0	0	0	0	1780927516962
4467	3782	3190	5695	0	0	0	0	1780927518377
4491	3784	3201	5783	0	0	0	0	1780927519886
4459	3827	3129	0	0	0	0	0	1780927521094
4506	3789	3161	5858	0	0	0	0	1780927522189
4475	3768	3213	5796	0	0	0	0	1780927523344
4442	3780	3147	5778	0	0	0	0	1780927524438
4481	3780	3172	5650	0	0	0	0	1780927525598
4440	3830	3085	5726	0	0	0	0	1780927527032
4479	3757	3130	5808	0	0	0	0	1780927528361
4442	3785	3162	5766	0	0	0	0	1780927529663
4489	3758	3184	5767	0	0	0	0	1780927531094
4418	0	3187	5595	0	0	0	0	1780927532468
4453	3716	0	5693	0	0	0	0	1780927533893
4473	3756	3120	5782	0	0	0	0	1780927535161
4412	3809	3196	5729	0	0	0	0	1780927536595
4483	0	3210	5771	0	0	0	0	1780927537822
4393	3770	3233	5781	0	0	0	0	1780927539186
4431	3666	3058	5855	0	0	0	0	1780927540622
4478	3696	3099	5609	0	0	0	0	1780927542050
4454	3753	3142	5668	0	0	0	0	1780927543350
4485	3755	3175	0	0	0	0	0	1780927544545
4370	3763	3067	5693	0	0	0	0	1780927545664
4425	3769	3106	5701	0	0	0	0	1780927546809
4430	3604	3137	5750	0	0	0	0	1780927547885
4438	3690	3141	5797	0	0	0	0	1780927549049
4476	3762	3150	5811	0	0	0	0	1780927550481
4476	3784	3058	5604	0	0	0	0	1780927551986
4413	3608	3096	5659	0	0	0	0	1780927553190
4419	3682	3140	0	0	0	0	0	1780927554579
4439	0	3140	5734	0	0	0	0	1780927555803
4444	3713	3163	5727	0	0	0	0	1780927557137
4446	3785	3073	5711	0	0	0	0	1780927558445
4457	3616	3118	5752	0	0	0	0	1780927559871
4415	3650	3124	0	0	0	0	0	1780927561229
4432	3706	0	5670	0	0	0	0	1780927562502
4425	3720	3082	0	0	0	0	0	1780927563891
4436	3800	3134	5702	0	0	0	0	1780927565235
4463	3562	3146	5705	0	0	0	0	1780927566736
4406	3638	0	5707	0	0	0	0	1780927567965
4428	3708	3218	5691	0	0	0	0	1780927569044
4429	3683	2995	5729	0	0	0	0	1780927570140
4410	3700	3088	5707	0	0	0	0	1780927571306
4414	3607	3040	5716	0	0	0	0	1780927572435
4422	3702	3095	5789	0	0	0	0	1780927573806
4435	3736	3138	5656	0	0	0	0	1780927575156
4379	3706	3140	5688	0	0	0	0	1780927576469
4437	3571	3054	5698	0	0	0	0	1780927577891
4392	0	3079	5709	0	0	0	0	1780927579156
4409	3656	3135	5766	0	0	0	0	1780927580479
4403	3682	3060	5567	0	0	0	0	1780927581916
4405	3689	3094	5632	0	0	0	0	1780927583321
4443	3708	3028	5652	0	0	0	0	1780927584545
4370	3723	0	5652	0	0	0	0	1780927585918
4408	3634	3072	5724	0	0	0	0	1780927587343
4346	3709	3105	5503	0	0	0	0	1780927588714
4374	3737	3142	5594	0	0	0	0	1780927590045
4409	3743	3101	0	0	0	0	0	1780927591278
4394	3629	3120	5633	0	0	0	0	1780927592460
4387	3673	2987	5634	0	0	0	0	1780927593528
4379	3774	3106	5687	0	0	0	0	1780927594620
4414	3773	3141	5657	0	0	0	0	1780927595845
4392	3610	3030	5612	0	0	0	0	1780927597113
4400	3657	3099	5643	0	0	0	0	1780927598502
4413	3695	2988	5734	0	0	0	0	1780927599978
4359	3711	0	5661	0	0	0	0	1780927601373
4395	3716	3107	5658	0	0	0	0	1780927602641
4367	3708	3018	5669	0	0	0	0	1780927604033
4422	0	3089	5743	0	0	0	0	1780927605303
4376	3616	3114	5720	0	0	0	0	1780927606638
4390	3672	0	5688	0	0	0	0	1780927608132
4347	3763	3112	5693	0	0	0	0	1780927609501
4367	3712	3072	0	0	0	0	0	1780927610793
4404	3726	3117	5537	0	0	0	0	1780927612165
4385	3602	3137	5614	0	0	0	0	1780927613498
4383	3659	0	5631	0	0	0	0	1780927614726
4338	3751	3137	5657	0	0	0	0	1780927615892
4374	3742	3015	5599	0	0	0	0	1780927617046
4336	3754	3054	5620	0	0	0	0	1780927618142
4380	3578	3105	5626	0	0	0	0	1780927619442
4386	3647	3155	5622	0	0	0	0	1780927620971
4336	3751	3108	5644	0	0	0	0	1780927622370
4374	0	2991	5610	0	0	0	0	1780927623642
4327	3700	3052	5612	0	0	0	0	1780927624866
4383	3729	3099	5669	0	0	0	0	1780927626020
4383	3572	3107	5632	0	0	0	0	1780927627382
4342	3664	3114	5501	0	0	0	0	1780927628817
4368	3683	3035	5530	0	0	0	0	1780927630245
4356	3706	0	5597	0	0	0	0	1780927631415
4351	3584	3085	5605	0	0	0	0	1780927632682
4339	3651	3100	5597	0	0	0	0	1780927634182
4324	3691	3105	5509	0	0	0	0	1780927635618
4366	3742	3117	5538	0	0	0	0	1780927636918
4344	3590	3007	0	0	0	0	0	1780927638136
4362	3634	3038	5528	0	0	0	0	1780927639233
4373	3673	3068	5561	0	0	0	0	1780927640436
4320	3749	3104	5589	0	0	0	0	1780927641532
4354	3705	3048	5595	0	0	0	0	1780927642820
4334	3624	3079	5629	0	0	0	0	1780927644115
4354	3676	3110	5507	0	0	0	0	1780927645405
4357	3743	3063	5611	0	0	0	0	1780927646840
4353	0	2998	5620	0	0	0	0	1780927648271
4320	3674	3055	5625	0	0	0	0	1780927649337
4347	3572	3083	5559	0	0	0	0	1780927650836
4351	3610	3096	5546	0	0	0	0	1780927652207
4346	3662	3122	5614	0	0	0	0	1780927653499
4348	3752	3012	5444	0	0	0	0	1780927654865
4304	3680	3015	0	0	0	0	0	1780927656298
4349	3693	0	5575	0	0	0	0	1780927657529
4359	3526	3052	5568	0	0	0	0	1780927658868
4369	3651	3059	5584	0	0	0	0	1780927660155
4352	3679	3092	0	0	0	0	0	1780927661591
4323	3686	3098	5566	0	0	0	0	1780927662710
4345	3620	3122	5599	0	0	0	0	1780927663840
4339	3643	3141	5589	0	0	0	0	1780927665002
4380	3674	2978	5517	0	0	0	0	1780927666210
4333	3647	3007	5519	0	0	0	0	1780927667564
4310	3671	2954	5548	0	0	0	0	1780927669008
4327	3678	3017	5562	0	0	0	0	1780927670363
4315	0	3045	5615	0	0	0	0	1780927671584
4344	3655	3058	5471	0	0	0	0	1780927672751
4317	3687	3102	5502	0	0	0	0	1780927674178
4322	3626	2945	5527	0	0	0	0	1780927675695
4325	3486	3002	0	0	0	0	0	1780927677086
4306	0	3017	5564	0	0	0	0	1780927678315
4324	3585	3062	5593	0	0	0	0	1780927679649
4335	3671	3063	5562	0	0	0	0	1780927680835
4335	3673	3009	5567	0	0	0	0	1780927682273
4330	3549	3110	5494	0	0	0	0	1780927683703
4345	3595	0	5541	0	0	0	0	1780927685038
4329	3628	2974	5587	0	0	0	0	1780927686155
4324	3630	3031	5535	0	0	0	0	1780927687284
4336	3656	3074	5537	0	0	0	0	1780927688415
4298	3682	2965	5529	0	0	0	0	1780927689681
4286	3653	3053	5531	0	0	0	0	1780927691032
4323	3673	2935	5440	0	0	0	0	1780927692272
4289	3682	3009	5544	0	0	0	0	1780927693675
4288	3659	3043	0	0	0	0	0	1780927695069
4290	3597	3078	5484	0	0	0	0	1780927696501
4310	3642	3072	5511	0	0	0	0	1780927697771
4270	3669	2998	5549	0	0	0	0	1780927699163
4279	3727	3023	5558	0	0	0	0	1780927700563
4288	0	3066	5574	0	0	0	0	1780927701772
4259	3535	3072	5405	0	0	0	0	1780927702894
4300	3590	3064	5446	0	0	0	0	1780927704223
4266	3632	2973	5521	0	0	0	0	1780927705517
4289	3652	3023	5544	0	0	0	0	1780927706884
4310	3657	3056	5568	0	0	0	0	1780927708278
4278	3592	3049	5407	0	0	0	0	1780927709546
4242	3628	0	5464	0	0	0	0	1780927710711
4276	3673	2974	5526	0	0	0	0	1780927711770
4285	3620	3027	5461	0	0	0	0	1780927713087
4286	3670	3038	5494	0	0	0	0	1780927714362
4295	3666	3057	5473	0	0	0	0	1780927715793
4313	3663	2960	5559	0	0	0	0	1780927717211
4260	3606	2996	0	0	0	0	0	1780927718518
4280	3661	2969	5565	0	0	0	0	1780927719795
4290	3643	3021	5567	0	0	0	0	1780927721043
4304	3651	3043	5529	0	0	0	0	1780927722515
4313	3654	3042	5440	0	0	0	0	1780927723950
4279	0	2908	5491	0	0	0	0	1780927725245
4286	3625	2987	5497	0	0	0	0	1780927726340
4282	3646	3034	5510	0	0	0	0	1780927727570
4286	3478	3029	5425	0	0	0	0	1780927728928
4270	3551	2926	5481	0	0	0	0	1780927730201
4282	3656	2939	5439	0	0	0	0	1780927731769
4260	3607	0	5452	0	0	0	0	1780927733057
4303	3552	3016	5451	0	0	0	0	1780927734182
4244	3598	3044	5488	0	0	0	0	1780927735250
4243	3620	3035	5436	0	0	0	0	1780927736333
4264	3690	2922	5492	0	0	0	0	1780927737770
4237	3606	2959	5344	0	0	0	0	1780927739200
4263	3554	2955	5423	0	0	0	0	1780927740472
4268	3571	2985	0	0	0	0	0	1780927741907
4268	3616	3019	5431	0	0	0	0	1780927743135
4273	3626	3021	5436	0	0	0	0	1780927744628
4222	3644	2913	5384	0	0	0	0	1780927746001
4248	3598	2986	5463	0	0	0	0	1780927747198
4260	0	3012	5451	0	0	0	0	1780927748563
4261	3558	3039	5327	0	0	0	0	1780927749746
4228	3653	3035	5400	0	0	0	0	1780927750873
4228	3600	3036	5430	0	0	0	0	1780927752409
4239	3569	3049	5470	0	0	0	0	1780927753743
4222	3620	2960	5462	0	0	0	0	1780927755174
4245	3545	0	5362	0	0	0	0	1780927756404
4228	3621	2981	5425	0	0	0	0	1780927757473
4250	3637	2936	5469	0	0	0	0	1780927758660
4222	3457	2991	5475	0	0	0	0	1780927760059
4236	3549	3063	5489	0	0	0	0	1780927761422
4273	3633	3067	5372	0	0	0	0	1780927762853
4229	3593	2952	5478	0	0	0	0	1780927764083
4254	3619	2986	0	0	0	0	0	1780927765311
4239	3453	2995	5435	0	0	0	0	1780927766540
4241	3531	2989	5388	0	0	0	0	1780927767813
4281	3634	2996	5405	0	0	0	0	1780927769231
4266	3644	2930	5378	0	0	0	0	1780927770739
4232	0	2964	5455	0	0	0	0	1780927772070
4217	3546	2999	5300	0	0	0	0	1780927773174
4245	3552	3003	5322	0	0	0	0	1780927774470
4251	3626	3008	5335	0	0	0	0	1780927775859
4234	3620	2840	5364	0	0	0	0	1780927777198
4238	3619	2912	5456	0	0	0	0	1780927778568
4219	3599	0	5255	0	0	0	0	1780927779858
