3229	1516	3951	3441	0	0	0	0	1776192923793
3218	1522	3955	3462	0	0	0	0	1776192925097
3204	1524	3938	3775	0	0	0	0	1776192926397
3341	1599	4000	0	0	0	0	0	1776192928402
3329	1592	4048	3955	0	0	0	0	1776192929400
3367	1592	3959	3805	0	0	0	0	1776192930391
3316	1555	4099	3908	0	0	0	0	1776192931390
3325	1534	4061	3890	0	0	0	0	1776192932392
3351	1536	4116	3947	0	0	0	0	1776192933390
3427	1594	4111	3928	0	0	0	0	1776192934392
3383	1583	4093	3879	0	0	0	0	1776192935398
3386	1586	4043	3881	0	0	0	0	1776192936390
3392	1527	4117	3947	0	0	0	0	1776192937394
3458	1547	4096	3893	0	0	0	0	1776192938392
3318	1552	3987	3840	0	0	0	0	1776192939405
3338	1552	4005	3778	0	0	0	0	1776192940424
3457	1525	3983	3783	0	0	0	0	1776192941452
3443	1537	4027	3850	0	0	0	0	1776192942434
3406	1595	3980	3801	0	0	0	0	1776192943426
3423	1534	3962	3925	0	0	0	0	1776192944462
3424	1524	3944	3881	0	0	0	0	1776192945442
3350	1565	4004	3892	0	0	0	0	1776192946453
3456	1541	4027	3897	0	0	0	0	1776192947458
3459	1531	4110	3939	0	0	0	0	1776192948455
3411	1584	4004	3801	0	0	0	0	1776192949455
3371	1536	4026	3819	0	0	0	0	1776192950472
3341	1599	3987	3878	0	0	0	0	1776192951474
3413	1554	4131	3881	0	0	0	0	1776192952485
3348	1555	4069	3960	0	0	0	0	1776192953490
3399	1574	3999	3917	0	0	0	0	1776192954504
3458	1566	4059	3825	0	0	0	0	1776192955506
3329	1596	4132	3944	0	0	0	0	1776192956515
3347	1593	3939	3776	0	0	0	0	1776192957522
3361	1590	4083	3931	0	0	0	0	1776192959550
3380	1591	4073	3799	0	0	0	0	1776192960548
3371	1568	4044	3933	0	0	0	0	1776192961552
3411	1588	3988	3797	0	0	0	0	1776192962545
3387	1543	4109	3821	0	0	0	0	1776192963554
3412	1575	4055	3832	0	0	0	0	1776192964561
3395	1541	4003	3818	0	0	0	0	1776192965561
3431	1568	4088	3945	0	0	0	0	1776192966584
3416	1558	4083	3905	0	0	0	0	1776192967586
3375	1587	4080	3803	0	0	0	0	1776192968600
3385	1575	4122	3926	0	0	0	0	1776192969593
3398	1547	4093	3820	0	0	0	0	1776192970594
3437	1554	4037	3868	0	0	0	0	1776192971593
3434	1524	4026	3779	0	0	0	0	1776192972594
3423	1543	4006	3920	0	0	0	0	1776192973592
3331	1546	3991	3819	0	0	0	0	1776192974593
3318	1570	3978	3894	0	0	0	0	1776192975604
3442	1535	3942	3803	0	0	0	0	1776192976594
3363	1587	4105	3816	0	0	0	0	1776192977602
3420	1529	4015	3940	0	0	0	0	1776192978608
3419	1540	4057	3889	0	0	0	0	1776192979607
3440	1529	3993	3930	0	0	0	0	1776192980610
3328	1579	4086	3935	0	0	0	0	1776192981615
3369	1529	4031	3879	0	0	0	0	1776192982632
3360	1565	4091	3953	0	0	0	0	1776192983623
3463	1591	4048	3830	0	0	0	0	1776192984625
3323	1568	4068	3878	0	0	0	0	1776192985624
3420	1560	4036	3813	0	0	0	0	1776192986626
3419	1574	4115	3828	0	0	0	0	1776192987623
3312	1586	4052	3860	0	0	0	0	1776192988646
3398	1535	4096	3847	0	0	0	0	1776192989639
3338	1559	3957	3916	0	0	0	0	1776192990642
3316	1559	4068	3915	0	0	0	0	1776192991653
3317	1591	4078	3777	0	0	0	0	1776192992642
3427	1546	3997	3861	0	0	0	0	1776192993639
3304	1526	4066	3820	0	0	0	0	1776192994648
3401	1526	4068	3875	0	0	0	0	1776192995640
3421	1599	3967	3814	0	0	0	0	1776192996646
3307	1593	4113	3863	0	0	0	0	1776192997653
3425	1526	3969	3959	0	0	0	0	1776192998648
3341	1544	4011	3948	0	0	0	0	1776192999653
3375	1531	4040	3788	0	0	0	0	1776193000642
3392	1549	3978	3832	0	0	0	0	1776193001651
3372	1569	3970	3805	0	0	0	0	1776193002642
3344	1550	3983	3875	0	0	0	0	1776193003640
3311	1541	3954	3856	0	0	0	0	1776193004642
3440	1591	4040	3891	0	0	0	0	1776193005652
3316	1536	4095	3780	0	0	0	0	1776193006639
3403	1553	4005	3787	0	0	0	0	1776193007653
3409	1528	3965	3790	0	0	0	0	1776193008642
3409	1557	4008	3896	0	0	0	0	1776193009654
3328	1539	4099	3940	0	0	0	0	1776193010640
3371	1593	4122	3887	0	0	0	0	1776193011640
3380	1570	4020	3889	0	0	0	0	1776193012654
3431	1599	4040	3820	0	0	0	0	1776193013666
3323	1559	3959	3818	0	0	0	0	1776193014656
3387	1540	4006	3900	0	0	0	0	1776193015656
3323	1540	4035	3852	0	0	0	0	1776193016670
3351	1538	4027	3781	0	0	0	0	1776193017673
3396	1530	4011	3783	0	0	0	0	1776193018679
3390	1530	3939	3868	0	0	0	0	1776193019672
3464	1599	3966	3901	0	0	0	0	1776193020674
3393	1560	4024	3894	0	0	0	0	1776193021670
3425	1577	3992	3957	0	0	0	0	1776193022671
3319	1578	3950	3816	0	0	0	0	1776193023671
3442	1549	4060	3881	0	0	0	0	1776193024693
3437	1577	3955	3834	0	0	0	0	1776193025687
3374	1584	4068	3865	0	0	0	0	1776193026690
3417	1543	4011	3893	0	0	0	0	1776193027688
3362	1549	4008	3833	0	0	0	0	1776193028686
3418	1570	4133	3868	0	0	0	0	1776193029704
3332	1525	4100	3811	0	0	0	0	1776193030702
3308	1551	4036	3795	0	0	0	0	1776193031720
3302	1565	4109	3926	0	0	0	0	1776193032720
3433	1552	4063	3819	0	0	0	0	1776193033720
3448	1596	3999	3856	0	0	0	0	1776193034722
3420	1559	4002	3920	0	0	0	0	1776193035718
3362	1574	4066	3917	0	0	0	0	1776193036719
3347	1524	4007	3779	0	0	0	0	1776193037735
3380	1586	3977	3917	0	0	0	0	1776193038736
3376	1596	4018	3776	0	0	0	0	1776193039736
3325	1534	4078	3930	0	0	0	0	1776193040752
3355	1564	4125	3933	0	0	0	0	1776193041768
3311	1558	4056	3832	0	0	0	0	1776193042770
3346	1570	4108	3945	0	0	0	0	1776193043779
3391	1548	3976	3808	0	0	0	0	1776193044783
3464	1572	3994	3851	0	0	0	0	1776193045784
3340	1550	4128	3814	0	0	0	0	1776193046785
3460	1547	4106	3832	0	0	0	0	1776193047801
3463	1558	4046	3922	0	0	0	0	1776193048802
3427	1586	4103	3808	0	0	0	0	1776193049816
3342	1558	4015	3878	0	0	0	0	1776193050813
3319	1532	4077	3834	0	0	0	0	1776193051816
3437	1590	4061	3907	0	0	0	0	1776193052818
3407	1561	3941	3931	0	0	0	0	1776193053812
3409	1576	4064	3776	0	0	0	0	1776193054818
3380	1558	3941	3807	0	0	0	0	1776193055816
3441	1535	4119	3902	0	0	0	0	1776193056811
3390	1552	3942	3863	0	0	0	0	1776193057810
3455	1551	3980	3918	0	0	0	0	1776193058816
3345	1529	4080	3880	0	0	0	0	1776193059816
3415	1535	4047	3869	0	0	0	0	1776193060816
3453	1579	4085	3847	0	0	0	0	1776193061832
3352	1568	3947	3939	0	0	0	0	1776193062828
3458	1591	3943	3807	0	0	0	0	1776193063826
3405	1532	3995	3877	0	0	0	0	1776193064827
3400	1528	4081	3899	0	0	0	0	1776193065826
3430	1580	4130	3903	0	0	0	0	1776193066827
3313	1569	4110	3797	0	0	0	0	1776193067826
3441	1533	4036	3867	0	0	0	0	1776193068834
3432	1539	4091	3784	0	0	0	0	1776193069847
3326	1550	3959	3808	0	0	0	0	1776193070850
3312	1524	3959	3923	0	0	0	0	1776193071842
3303	1561	4059	3940	0	0	0	0	1776193072851
3424	1564	4086	3828	0	0	0	0	1776193073842
3308	1538	3994	3926	0	0	0	0	1776193074843
3354	1548	4031	3805	0	0	0	0	1776193075848
3392	1599	3997	3856	0	0	0	0	1776193076856
3386	1531	4009	3814	0	0	0	0	1776193077856
3355	1542	4005	3875	0	0	0	0	1776193078846
3459	1575	3943	3921	0	0	0	0	1776193079842
3309	1565	4023	3834	0	0	0	0	1776193080850
3441	1538	4051	3785	0	0	0	0	1776193081844
3390	1594	4069	3786	0	0	0	0	1776193082847
3448	1566	4007	3916	0	0	0	0	1776193083848
3411	1541	4118	3801	0	0	0	0	1776193084843
3332	1584	3943	3912	0	0	0	0	1776193085842
3358	1597	3997	3887	0	0	0	0	1776193086849
3407	1586	4109	3814	0	0	0	0	1776193087864
3429	1598	4122	3820	0	0	0	0	1776193088865
3381	1581	3982	3794	0	0	0	0	1776193089858
3350	1532	4016	3876	0	0	0	0	1776193090864
3327	1560	4022	3821	0	0	0	0	1776193091858
3434	1567	3986	3826	0	0	0	0	1776193092865
3440	1538	4031	3943	0	0	0	0	1776193093857
3385	1545	4083	3920	0	0	0	0	1776193094866
3306	1588	4030	3913	0	0	0	0	1776193095858
3305	1543	3958	3941	0	0	0	0	1776193096863
3319	1545	4021	3860	0	0	0	0	1776193097858
3315	1536	4026	3844	0	0	0	0	1776193098888
3359	1592	4019	3944	0	0	0	0	1776193099880
3332	1577	3999	3818	0	0	0	0	1776193100874
3393	1590	3959	3807	0	0	0	0	1776193101874
3385	1543	4115	3836	0	0	0	0	1776193102882
3384	1577	4006	3891	0	0	0	0	1776193103874
3330	1580	4133	3930	0	0	0	0	1776193104882
3310	1538	3952	3911	0	0	0	0	1776193105896
3317	1583	4006	3929	0	0	0	0	1776193106893
3401	1539	3960	3902	0	0	0	0	1776193107903
3400	1579	3987	3882	0	0	0	0	1776193108892
3419	1530	4109	3779	0	0	0	0	1776193109890
3301	1540	4004	3820	0	0	0	0	1776193110898
3390	1573	4013	3795	0	0	0	0	1776193111890
3438	1546	4064	3810	0	0	0	0	1776193112898
3354	1568	3969	3930	0	0	0	0	1776193113889
3443	1579	4119	3779	0	0	0	0	1776193114895
3356	1582	3943	3911	0	0	0	0	1776193115889
3404	1525	4003	3809	0	0	0	0	1776193116890
3360	1596	4055	3927	0	0	0	0	1776193117889
3403	1578	4131	3903	0	0	0	0	1776193118898
3312	1524	4042	3898	0	0	0	0	1776193119890
3325	1571	4047	3858	0	0	0	0	1776193120898
3368	1555	3974	3958	0	0	0	0	1776193121909
3455	1541	3966	3860	0	0	0	0	1776193122914
3402	1560	3941	3886	0	0	0	0	1776193123905
3434	1539	4087	3816	0	0	0	0	1776193124914
3403	1542	3958	3944	0	0	0	0	1776193125905
3401	1534	4100	3875	0	0	0	0	1776193126910
3421	1530	4047	3795	0	0	0	0	1776193127906
3445	1532	4098	3834	0	0	0	0	1776193128914
3381	1559	3941	3958	0	0	0	0	1776193129906
3305	1570	3991	3853	0	0	0	0	1776193130921
3304	1540	4065	3836	0	0	0	0	1776193131921
3382	1590	3982	3938	0	0	0	0	1776193132936
3353	1570	4065	3878	0	0	0	0	1776193133938
3360	1593	3947	3932	0	0	0	0	1776193134949
3404	1539	4066	3871	0	0	0	0	1776193135937
3455	1577	4008	3805	0	0	0	0	1776193136936
3303	1592	3980	3951	0	0	0	0	1776193137950
3403	1557	4002	3905	0	0	0	0	1776193138936
3301	1544	4105	3900	0	0	0	0	1776193139938
3365	1524	3974	3788	0	0	0	0	1776193140936
3424	1590	3962	3776	0	0	0	0	1776193141944
3311	1582	4036	3847	0	0	0	0	1776193142946
3360	1591	3940	3814	0	0	0	0	1776193143950
3405	1559	4039	3944	0	0	0	0	1776193144952
3355	1578	4112	3825	0	0	0	0	1776193145953
3303	1541	3990	3789	0	0	0	0	1776193146964
3448	1566	4023	3879	0	0	0	0	1776193147954
3433	1590	3977	3777	0	0	0	0	1776193148968
3448	1552	4103	3931	0	0	0	0	1776193149970
3349	1536	4130	3852	0	0	0	0	1776193150967
3333	1586	4076	3799	0	0	0	0	1776193151970
3311	1588	4081	3866	0	0	0	0	1776193152984
3408	1529	3944	3879	0	0	0	0	1776193153986
3409	1544	4044	3952	0	0	0	0	1776193154983
3449	1540	4048	3892	0	0	0	0	1776193155986
3336	1589	4092	3930	0	0	0	0	1776193156983
3333	1571	3997	3918	0	0	0	0	1776193157985
3300	1577	3982	3886	0	0	0	0	1776193158983
3315	1529	3972	3947	0	0	0	0	1776193159985
3317	1534	3963	3912	0	0	0	0	1776193160984
3411	1526	4098	3793	0	0	0	0	1776193161984
3464	1557	4081	3960	0	0	0	0	1776193162995
3322	1589	3996	3852	0	0	0	0	1776193163998
3411	1568	3963	3811	0	0	0	0	1776193165016
3435	1587	4040	3822	0	0	0	0	1776193166018
3317	1552	3992	3806	0	0	0	0	1776193167016
3380	1562	4118	3849	0	0	0	0	1776193168018
3430	1547	4017	3921	0	0	0	0	1776193169014
3430	1531	3996	3924	0	0	0	0	1776193170014
3438	1552	4003	3917	0	0	0	0	1776193171031
3391	1561	3983	3859	0	0	0	0	1776193172034
3371	1582	4093	3819	0	0	0	0	1776193173032
3328	1552	4020	3894	0	0	0	0	1776193174031
3421	1585	3960	3831	0	0	0	0	1776193175048
3413	1591	4023	3906	0	0	0	0	1776193176051
3458	1525	4010	3782	0	0	0	0	1776193177063
3405	1538	4111	3800	0	0	0	0	1776193178065
3366	1584	4058	3956	0	0	0	0	1776193179075
3402	1532	3961	3804	0	0	0	0	1776193180066
3351	1569	3944	3931	0	0	0	0	1776193181080
3391	1586	3988	3823	0	0	0	0	1776193182085
3426	1576	4102	3910	0	0	0	0	1776193183091
3381	1558	3959	3821	0	0	0	0	1776193184093
3404	1571	4004	3823	0	0	0	0	1776193185095
3429	1525	3951	3944	0	0	0	0	1776193186111
3343	1543	4040	3953	0	0	0	0	1776193187112
3378	1578	4093	3823	0	0	0	0	1776193188114
3351	1548	4102	3830	0	0	0	0	1776193189124
3324	1581	4102	3897	0	0	0	0	1776193190130
3380	1537	3946	3831	0	0	0	0	1776193191128
3364	1561	3946	3787	0	0	0	0	1776193192130
3366	1556	3973	3835	0	0	0	0	1776193193128
3404	1578	3964	3809	0	0	0	0	1776193194127
3365	1588	4119	3775	0	0	0	0	1776193195139
3388	1575	4024	3922	0	0	0	0	1776193196159
3304	1570	4004	3925	0	0	0	0	1776193197160
3337	1557	3944	3915	0	0	0	0	1776193198162
3456	1524	4039	3953	0	0	0	0	1776193199155
3387	1570	4072	3940	0	0	0	0	1776193200178
3438	1538	4026	3938	0	0	0	0	1776193201186
3318	1575	4062	3899	0	0	0	0	1776193202195
3322	1532	4029	3919	0	0	0	0	1776193203186
3317	1591	4126	3838	0	0	0	0	1776193204193
3368	1585	4090	3936	0	0	0	0	1776193205186
3386	1586	4075	3902	0	0	0	0	1776193206192
3463	1525	3958	3780	0	0	0	0	1776193207206
3325	1547	4012	3811	0	0	0	0	1776193208210
3350	1556	3955	3926	0	0	0	0	1776193209201
3363	1566	4028	3945	0	0	0	0	1776193210210
3368	1561	3952	3837	0	0	0	0	1776193211202
3360	1567	4091	3802	0	0	0	0	1776193212207
3405	1532	4040	3874	0	0	0	0	1776193213202
3380	1564	4091	3937	0	0	0	0	1776193214207
3436	1572	3943	3785	0	0	0	0	1776193215201
3300	1527	4064	3948	0	0	0	0	1776193216210
3455	1566	4075	3820	0	0	0	0	1776193217202
3322	1586	3983	3943	0	0	0	0	1776193218210
3324	1568	3973	3891	0	0	0	0	1776193219206
3460	1597	3947	3796	0	0	0	0	1776193220210
3302	1563	3986	3815	0	0	0	0	1776193221202
3333	1540	4011	3781	0	0	0	0	1776193222204
3377	1581	3974	3904	0	0	0	0	1776193223233
3441	1562	4110	3885	0	0	0	0	1776193224210
3444	1572	4104	3827	0	0	0	0	1776193225203
3418	1531	4115	3794	0	0	0	0	1776193226205
3304	1541	4019	3948	0	0	0	0	1776193227202
3346	1586	3985	3840	0	0	0	0	1776193228201
3309	1570	3975	3940	0	0	0	0	1776193229201
3444	1576	4033	3869	0	0	0	0	1776193230210
3379	1537	3946	3948	0	0	0	0	1776193231208
3433	1563	3942	3883	0	0	0	0	1776193232210
3430	1534	3940	3837	0	0	0	0	1776193233202
3355	1592	4004	3906	0	0	0	0	1776193234210
3450	1588	4028	3786	0	0	0	0	1776193235201
3352	1583	4086	3823	0	0	0	0	1776193236201
3342	1593	3992	3873	0	0	0	0	1776193237202
3427	1585	4063	3942	0	0	0	0	1776193238203
3339	1570	4013	3890	0	0	0	0	1776193239202
3306	1548	4046	3777	0	0	0	0	1776193240207
3363	1584	4096	3902	0	0	0	0	1776193241202
3453	1531	4082	3914	0	0	0	0	1776193242203
3344	1586	4046	3890	0	0	0	0	1776193243219
3329	1570	4003	3933	0	0	0	0	1776193244219
3381	1528	4133	3885	0	0	0	0	1776193245218
3307	1556	4114	3795	0	0	0	0	1776193246224
3447	1529	3993	3917	0	0	0	0	1776193247217
3426	1544	4101	3865	0	0	0	0	1776193248226
3318	1570	4004	3839	0	0	0	0	1776193249218
3445	1551	3976	3887	0	0	0	0	1776193250222
3320	1557	3950	3943	0	0	0	0	1776193251224
3342	1533	4017	3869	0	0	0	0	1776193252217
3302	1544	4038	3789	0	0	0	0	1776193253522
3321	1555	4106	3958	0	0	0	0	1776193254226
3356	1587	4051	3794	0	0	0	0	1776193255218
3358	1531	3978	3903	0	0	0	0	1776193256226
3403	1565	3992	3868	0	0	0	0	1776193257218
3343	1557	4095	3948	0	0	0	0	1776193258219
3348	1583	4068	3789	0	0	0	0	1776193259218
3437	1534	4127	3912	0	0	0	0	1776193260226
3375	1575	4011	3892	0	0	0	0	1776193261218
3454	1536	3938	3828	0	0	0	0	1776193262226
3451	1542	4019	3857	0	0	0	0	1776193263224
3330	1542	3994	3928	0	0	0	0	1776193264226
3390	1531	4019	3840	0	0	0	0	1776193265218
3304	1551	4115	3902	0	0	0	0	1776193266222
3462	1598	4092	3846	0	0	0	0	1776193267218
3306	1587	4040	3929	0	0	0	0	1776193268235
3341	1578	4095	3779	0	0	0	0	1776193269234
3343	1530	4132	3859	0	0	0	0	1776193270235
3317	1584	3948	3925	0	0	0	0	1776193271234
3393	1531	4105	3788	0	0	0	0	1776193272233
3348	1581	3983	3824	0	0	0	0	1776193273232
3369	1578	3976	3777	0	0	0	0	1776193274242
3458	1524	3969	3804	0	0	0	0	1776193275233
3319	1579	4031	3937	0	0	0	0	1776193276232
3461	1542	4127	3890	0	0	0	0	1776193277242
3430	1580	4046	3863	0	0	0	0	1776193278232
3358	1576	4040	3939	0	0	0	0	1776193279234
3310	1571	4015	3818	0	0	0	0	1776193280243
3437	1556	4086	3859	0	0	0	0	1776193281234
3359	1582	4078	3864	0	0	0	0	1776193282242
3397	1552	4065	3815	0	0	0	0	1776193283272
3429	1525	4053	3839	0	0	0	0	1776193284242
3370	1537	4127	3788	0	0	0	0	1776193285233
3312	1544	4053	3895	0	0	0	0	1776193286242
3354	1581	4037	3886	0	0	0	0	1776193287232
3354	1558	3959	3903	0	0	0	0	1776193288242
3425	1530	4129	3806	0	0	0	0	1776193289234
3340	1559	4053	3795	0	0	0	0	1776193290233
3368	1590	3982	3928	0	0	0	0	1776193291232
3337	1531	4126	3952	0	0	0	0	1776193292234
3325	1557	3979	3817	0	0	0	0	1776193293234
3325	1557	4113	3880	0	0	0	0	1776193294239
3310	1545	3956	3819	0	0	0	0	1776193295234
3416	1529	4011	3870	0	0	0	0	1776193296242
3435	1589	4044	3852	0	0	0	0	1776193297256
3455	1570	3992	3843	0	0	0	0	1776193298250
3423	1565	4097	3842	0	0	0	0	1776193299250
3354	1552	4126	3840	0	0	0	0	1776193300265
3382	1548	3947	3899	0	0	0	0	1776193301267
3325	1527	4022	3854	0	0	0	0	1776193302278
3327	1595	3945	3817	0	0	0	0	1776193303264
3301	1570	4133	3960	0	0	0	0	1776193304264
3321	1544	4106	3914	0	0	0	0	1776193305272
3304	1573	4056	3884	0	0	0	0	1776193306278
3415	1543	4062	3831	0	0	0	0	1776193307269
3306	1568	4120	3930	0	0	0	0	1776193308276
3332	1580	4122	3923	0	0	0	0	1776193309266
3311	1530	3983	3908	0	0	0	0	1776193310280
3304	1551	3944	3857	0	0	0	0	1776193311281
3386	1595	3982	3848	0	0	0	0	1776193312296
3303	1594	3993	3915	0	0	0	0	1776193313296
3322	1582	4029	3829	0	0	0	0	1776193314296
3456	1555	4068	3816	0	0	0	0	1776193315312
3333	1599	3962	3823	0	0	0	0	1776193316312
3423	1528	4034	3924	0	0	0	0	1776193317313
3364	1590	4110	3926	0	0	0	0	1776193318328
3436	1569	4040	3942	0	0	0	0	1776193319328
3341	1566	4122	3943	0	0	0	0	1776193320341
3362	1593	4063	3865	0	0	0	0	1776193321329
3399	1583	4119	3799	0	0	0	0	1776193322344
3361	1589	4013	3939	0	0	0	0	1776193323346
3354	1553	3998	3814	0	0	0	0	1776193324359
3371	1563	4017	3883	0	0	0	0	1776193325358
3412	1531	3993	3793	0	0	0	0	1776193326371
3450	1585	4063	3897	0	0	0	0	1776193327358
3338	1589	3972	3956	0	0	0	0	1776193328376
3348	1528	4041	3797	0	0	0	0	1776193329378
3435	1542	4121	3950	0	0	0	0	1776193330392
3300	1593	3939	3916	0	0	0	0	1776193331394
3404	1554	4093	3916	0	0	0	0	1776193332407
3451	1551	4040	3947	0	0	0	0	1776193333410
3430	1533	4113	3957	0	0	0	0	1776193334408
3405	1543	3987	3894	0	0	0	0	1776193335409
3301	1591	4038	3921	0	0	0	0	1776193336421
3301	1595	3943	3833	0	0	0	0	1776193337426
3411	1574	4061	3929	0	0	0	0	1776193338440
3379	1596	3987	3923	0	0	0	0	1776193339442
3463	1563	4019	3896	0	0	0	0	1776193340455
3342	1591	4023	3834	0	0	0	0	1776193341452
3307	1537	3986	3885	0	0	0	0	1776193342471
3416	1583	4009	3924	0	0	0	0	1776193343474
3303	1539	3946	3827	0	0	0	0	1776193344472
3459	1594	4056	3857	0	0	0	0	1776193345474
3457	1595	4013	3816	0	0	0	0	1776193346488
3368	1532	3981	3899	0	0	0	0	1776193347489
3426	1590	4116	3879	0	0	0	0	1776193348484
3346	1587	4017	3912	0	0	0	0	1776193349489
3406	1533	3943	3818	0	0	0	0	1776193350482
3338	1526	4116	3896	0	0	0	0	1776193351486
3326	1555	4089	3876	0	0	0	0	1776193352488
3463	1585	4054	3837	0	0	0	0	1776193353483
3381	1584	4086	3860	0	0	0	0	1776193354504
3462	1586	3949	3832	0	0	0	0	1776193355506
3332	1536	4007	3932	0	0	0	0	1776193356498
3365	1527	3992	3883	0	0	0	0	1776193357500
3346	1578	4030	3788	0	0	0	0	1776193358498
3411	1526	4002	3913	0	0	0	0	1776193359506
3300	1582	3983	3928	0	0	0	0	1776193360503
3379	1572	3951	3899	0	0	0	0	1776193361504
3302	1587	4100	3801	0	0	0	0	1776193362498
3393	1570	3994	3887	0	0	0	0	1776193363506
3368	1594	4045	3840	0	0	0	0	1776193364498
3431	1571	4010	3904	0	0	0	0	1776193365505
3421	1529	4109	3805	0	0	0	0	1776193366517
3453	1532	4093	3844	0	0	0	0	1776193367520
3437	1592	3996	3898	0	0	0	0	1776193368520
3370	1567	3984	3806	0	0	0	0	1776193369520
3357	1547	4014	3886	0	0	0	0	1776193370514
3385	1557	4085	3956	0	0	0	0	1776193371529
3437	1550	4062	3895	0	0	0	0	1776193372520
3408	1584	4088	3845	0	0	0	0	1776193373552
3308	1556	4041	3828	0	0	0	0	1776193374514
3432	1589	4095	3904	0	0	0	0	1776193375520
3397	1569	4047	3815	0	0	0	0	1776193376514
3396	1526	3985	3908	0	0	0	0	1776193377523
3328	1588	4126	3836	0	0	0	0	1776193378514
3460	1573	3982	3882	0	0	0	0	1776193379518
3387	1574	4066	3936	0	0	0	0	1776193380514
3453	1548	3946	3922	0	0	0	0	1776193381522
3426	1557	4130	3791	0	0	0	0	1776193382514
3456	1595	4090	3830	0	0	0	0	1776193383518
3316	1537	4001	3895	0	0	0	0	1776193384520
3349	1577	4042	3946	0	0	0	0	1776193385522
3410	1542	4014	3802	0	0	0	0	1776193386514
3405	1532	3969	3914	0	0	0	0	1776193387518
3411	1556	3973	3860	0	0	0	0	1776193388514
3457	1572	4003	3907	0	0	0	0	1776193389522
3415	1578	4087	3875	0	0	0	0	1776193390534
3425	1536	3955	3929	0	0	0	0	1776193391532
3413	1572	3986	3957	0	0	0	0	1776193392529
3448	1553	4034	3819	0	0	0	0	1776193393532
3314	1597	4023	3861	0	0	0	0	1776193394531
3370	1576	4014	3819	0	0	0	0	1776193395538
3320	1594	3963	3918	0	0	0	0	1776193396550
3406	1592	4029	3863	0	0	0	0	1776193397554
3355	1545	3998	3807	0	0	0	0	1776193398546
3370	1590	4089	3863	0	0	0	0	1776193399554
3321	1586	3950	3953	0	0	0	0	1776193400546
3413	1532	3939	3811	0	0	0	0	1776193401554
3460	1590	3941	3901	0	0	0	0	1776193402552
3334	1531	3949	3938	0	0	0	0	1776193403553
3334	1555	4035	3855	0	0	0	0	1776193404556
3316	1541	4062	3938	0	0	0	0	1776193405555
3408	1557	4049	3880	0	0	0	0	1776193406546
3318	1543	3990	3861	0	0	0	0	1776193407554
3348	1532	4033	3797	0	0	0	0	1776193408551
3327	1540	4003	3860	0	0	0	0	1776193409553
3455	1595	3964	3789	0	0	0	0	1776193410552
3371	1532	4093	3830	0	0	0	0	1776193411554
3389	1574	3990	3923	0	0	0	0	1776193412546
3366	1533	3955	3857	0	0	0	0	1776193413546
3353	1553	3981	3857	0	0	0	0	1776193414545
3329	1590	4068	3865	0	0	0	0	1776193415554
3357	1588	3963	3794	0	0	0	0	1776193416552
3365	1543	4055	3795	0	0	0	0	1776193417554
3347	1565	3963	3901	0	0	0	0	1776193418546
3392	1543	4059	3892	0	0	0	0	1776193419553
3301	1537	4000	3901	0	0	0	0	1776193420545
3367	1530	3956	3936	0	0	0	0	1776193421554
3412	1575	3994	3955	0	0	0	0	1776193422546
3391	1579	4100	3899	0	0	0	0	1776193423546
3386	1583	3963	3859	0	0	0	0	1776193424546
3436	1595	4035	3779	0	0	0	0	1776193425550
3431	1593	4111	3954	0	0	0	0	1776193426546
3430	1563	4019	3908	0	0	0	0	1776193427554
3432	1567	4021	3945	0	0	0	0	1776193428546
3393	1598	4125	3934	0	0	0	0	1776193429546
3423	1562	4036	3917	0	0	0	0	1776193430546
3455	1570	4082	3958	0	0	0	0	1776193431548
3454	1574	4042	3881	0	0	0	0	1776193432546
3415	1538	4102	3886	0	0	0	0	1776193433546
3320	1541	4133	3796	0	0	0	0	1776193434560
3390	1598	4025	3877	0	0	0	0	1776193435555
3460	1552	4004	3892	0	0	0	0	1776193436545
3413	1599	4045	3960	0	0	0	0	1776193437549
3334	1570	4034	3808	0	0	0	0	1776193438552
3307	1526	4106	3803	0	0	0	0	1776193439551
3363	1579	4008	3887	0	0	0	0	1776193440546
3336	1542	4086	3936	0	0	0	0	1776193441549
3302	1583	4015	3894	0	0	0	0	1776193442546
3399	1535	4065	3939	0	0	0	0	1776193443546
3342	1580	3955	3822	0	0	0	0	1776193444546
3332	1540	4109	3829	0	0	0	0	1776193445549
3312	1555	4110	3860	0	0	0	0	1776193446546
3355	1537	4107	3822	0	0	0	0	1776193447546
3456	1544	4113	3823	0	0	0	0	1776193448560
3364	1554	4033	3854	0	0	0	0	1776193449554
3316	1545	3957	3869	0	0	0	0	1776193450568
3420	1546	4078	3832	0	0	0	0	1776193451561
3444	1579	4068	3794	0	0	0	0	1776193452562
3343	1537	3949	3818	0	0	0	0	1776193453570
3463	1549	4006	3928	0	0	0	0	1776193454562
3345	1583	4066	3830	0	0	0	0	1776193455562
3428	1527	4053	3861	0	0	0	0	1776193456584
3428	1542	3980	3948	0	0	0	0	1776193457581
3378	1565	4033	3925	0	0	0	0	1776193458578
3311	1559	4029	3917	0	0	0	0	1776193459578
3353	1577	4092	3793	0	0	0	0	1776193460581
3342	1585	4041	3834	0	0	0	0	1776193461586
3351	1537	4123	3849	0	0	0	0	1776193462600
3346	1598	3968	3895	0	0	0	0	1776193463594
3386	1554	4019	3874	0	0	0	0	1776193464593
3325	1581	3987	3877	0	0	0	0	1776193465603
3323	1574	3989	3925	0	0	0	0	1776193466591
3325	1558	4102	3781	0	0	0	0	1776193467607
3330	1567	4023	3878	0	0	0	0	1776193468610
3454	1578	4065	3946	0	0	0	0	1776193469608
3442	1577	4021	3890	0	0	0	0	1776193470610
3366	1567	3998	3794	0	0	0	0	1776193471624
3385	1572	3988	3958	0	0	0	0	1776193472626
3341	1581	4101	3798	0	0	0	0	1776193473637
3389	1595	4106	3845	0	0	0	0	1776193474626
3445	1588	3953	3786	0	0	0	0	1776193475637
3388	1591	3940	3882	0	0	0	0	1776193476626
3302	1551	4117	3874	0	0	0	0	1776193477640
3425	1542	3987	3944	0	0	0	0	1776193478639
3434	1594	3995	3839	0	0	0	0	1776193479639
3388	1581	4040	3776	0	0	0	0	1776193480641
3430	1581	4076	3914	0	0	0	0	1776193481656
3441	1590	4092	3794	0	0	0	0	1776193482659
3458	1571	3938	3796	0	0	0	0	1776193483656
3449	1594	4085	3845	0	0	0	0	1776193484658
3402	1588	4048	3777	0	0	0	0	1776193485671
3330	1596	3951	3938	0	0	0	0	1776193486674
3384	1587	3998	3785	0	0	0	0	1776193487688
3382	1569	3967	3837	0	0	0	0	1776193488711
3344	1529	4006	3930	0	0	0	0	1776193489720
3414	1546	4007	3916	0	0	0	0	1776193490723
3408	1592	3992	3780	0	0	0	0	1776193491720
3352	1573	3996	3954	0	0	0	0	1776193492722
3337	1526	4075	3920	0	0	0	0	1776193493720
3399	1576	4051	3933	0	0	0	0	1776193494722
3440	1591	4086	3793	0	0	0	0	1776193495736
3455	1539	4021	3784	0	0	0	0	1776193496736
3394	1558	4048	3954	0	0	0	0	1776193497736
3427	1591	3963	3922	0	0	0	0	1776193498738
3302	1528	4129	3846	0	0	0	0	1776193499736
3415	1598	4122	3853	0	0	0	0	1776193500760
3387	1551	4098	3878	0	0	0	0	1776193501767
3361	1532	4104	3836	0	0	0	0	1776193502764
3395	1528	4080	3919	0	0	0	0	1776193503779
3420	1585	4077	3806	0	0	0	0	1776193504769
3392	1590	3954	3933	0	0	0	0	1776193505781
3347	1525	4103	3805	0	0	0	0	1776193506781
3313	1565	4099	3865	0	0	0	0	1776193507800
3303	1543	4123	3787	0	0	0	0	1776193508802
3459	1540	4077	3840	0	0	0	0	1776193509796
3323	1546	4030	3876	0	0	0	0	1776193510802
3369	1572	3948	3794	0	0	0	0	1776193511816
3364	1547	4081	3959	0	0	0	0	1776193512818
3446	1546	4088	3823	0	0	0	0	1776193513823
3351	1528	4125	3820	0	0	0	0	1776193514812
3310	1569	4123	3926	0	0	0	0	1776193515810
3325	1582	3995	3792	0	0	0	0	1776193516811
3328	1581	3996	3793	0	0	0	0	1776193517816
3332	1545	4121	3885	0	0	0	0	1776193518818
3445	1597	4110	3962	0	0	0	0	1776193519813
3421	1543	4079	3902	0	0	0	0	1776193520811
3395	1542	4053	3874	0	0	0	0	1776193521813
3431	1568	4095	3828	0	0	0	0	1776193522829
3358	1590	3964	3956	0	0	0	0	1776193523826
3310	1553	4069	3924	0	0	0	0	1776193524834
3462	1555	4094	3850	0	0	0	0	1776193525826
3458	1584	4076	3938	0	0	0	0	1776193526832
3373	1577	4030	3792	0	0	0	0	1776193527826
3339	1594	4028	3803	0	0	0	0	1776193528834
3338	1539	4031	3775	0	0	0	0	1776193529842
3397	1549	4114	3933	0	0	0	0	1776193530847
3456	1574	3964	3948	0	0	0	0	1776193531843
3326	1571	3963	3821	0	0	0	0	1776193532843
3395	1576	3976	3790	0	0	0	0	1776193533842
3380	1557	4076	3792	0	0	0	0	1776193534844
3364	1591	3943	3920	0	0	0	0	1776193535842
3348	1544	4059	3867	0	0	0	0	1776193536851
3407	1527	4100	3924	0	0	0	0	1776193537842
3464	1568	4029	3786	0	0	0	0	1776193538846
3464	1572	4093	3941	0	0	0	0	1776193539842
3394	1599	4019	3954	0	0	0	0	1776193540850
3323	1589	4090	3818	0	0	0	0	1776193541841
3458	1599	4101	3934	0	0	0	0	1776193542842
3391	1550	4111	3881	0	0	0	0	1776193543846
3391	1593	3982	3866	0	0	0	0	1776193544847
3398	1584	4133	3937	0	0	0	0	1776193545842
3402	1543	3990	3847	0	0	0	0	1776193546848
3370	1555	3956	3908	0	0	0	0	1776193547842
3447	1555	3974	3885	0	0	0	0	1776193548850
3439	1575	4052	3846	0	0	0	0	1776193549842
3399	1578	4111	3857	0	0	0	0	1776193550860
3362	1564	4032	3804	0	0	0	0	1776193551858
3455	1550	3939	3927	0	0	0	0	1776193552864
3336	1564	4114	3834	0	0	0	0	1776193553858
3456	1535	3963	3937	0	0	0	0	1776193554859
3461	1581	4089	3869	0	0	0	0	1776193555876
3430	1582	4024	3930	0	0	0	0	1776193556879
3435	1581	4038	3849	0	0	0	0	1776193557884
3322	1530	4098	3897	0	0	0	0	1776193558882
3377	1596	4051	3956	0	0	0	0	1776193559874
3346	1589	3948	3915	0	0	0	0	1776193560891
3310	1585	4034	3942	0	0	0	0	1776193561896
3453	1569	4073	3932	0	0	0	0	1776193562891
3357	1597	3984	3851	0	0	0	0	1776193563896
3370	1560	4004	3954	0	0	0	0	1776193564898
3397	1562	4032	3908	0	0	0	0	1776193565889
3361	1531	4070	3845	0	0	0	0	1776193566898
3435	1554	3999	3806	0	0	0	0	1776193567890
3343	1524	4039	3881	0	0	0	0	1776193568889
3305	1542	4087	3885	0	0	0	0	1776193569913
3369	1527	4104	3819	0	0	0	0	1776193570911
3336	1547	3993	3890	0	0	0	0	1776193571906
3339	1585	4000	3877	0	0	0	0	1776193572913
3310	1584	4025	3866	0	0	0	0	1776193573906
3362	1541	4066	3829	0	0	0	0	1776193574914
3302	1570	3950	3921	0	0	0	0	1776193575921
3312	1569	4080	3802	0	0	0	0	1776193576931
3303	1590	4115	3860	0	0	0	0	1776193577922
3388	1527	4104	3831	0	0	0	0	1776193578923
3376	1547	4047	3884	0	0	0	0	1776193579943
3424	1589	4002	3918	0	0	0	0	1776193580936
3452	1566	3962	3840	0	0	0	0	1776193581936
3324	1524	3983	3866	0	0	0	0	1776193582953
3433	1528	3942	3882	0	0	0	0	1776193583954
3461	1590	4081	3954	0	0	0	0	1776193584964
3417	1567	4003	3959	0	0	0	0	1776193585953
3446	1556	3993	3880	0	0	0	0	1776193586963
3452	1593	3995	3922	0	0	0	0	1776193587954
3425	1596	3999	3790	0	0	0	0	1776193588951
3340	1524	4131	3898	0	0	0	0	1776193589954
3414	1584	4069	3952	0	0	0	0	1776193590968
3354	1588	4060	3917	0	0	0	0	1776193591970
3415	1590	3956	3860	0	0	0	0	1776193592968
3424	1592	4087	3869	0	0	0	0	1776193593970
3458	1553	3938	3801	0	0	0	0	1776193594984
3303	1525	3942	3863	0	0	0	0	1776193595985
3457	1579	4031	3936	0	0	0	0	1776193596984
3344	1570	3972	3835	0	0	0	0	1776193597986
3426	1597	4036	3950	0	0	0	0	1776193598995
3382	1586	4072	3961	0	0	0	0	1776193599983
3411	1548	3995	3833	0	0	0	0	1776193600984
3464	1553	4014	3907	0	0	0	0	1776193601983
3418	1524	4032	3918	0	0	0	0	1776193602983
3428	1584	3977	3853	0	0	0	0	1776193603984
3445	1536	4009	3805	0	0	0	0	1776193604999
3368	1596	4052	3887	0	0	0	0	1776193606002
3392	1543	3984	3893	0	0	0	0	1776193607015
3402	1570	3966	3791	0	0	0	0	1776193608019
3433	1562	4124	3884	0	0	0	0	1776193609027
3374	1562	3938	3928	0	0	0	0	1776193610018
3433	1524	4099	3860	0	0	0	0	1776193611016
3361	1584	4059	3916	0	0	0	0	1776193612018
3332	1532	3951	3953	0	0	0	0	1776193613027
3353	1526	3949	3811	0	0	0	0	1776193614016
3328	1555	3992	3888	0	0	0	0	1776193615027
3461	1569	4058	3886	0	0	0	0	1776193616015
3379	1587	4056	3798	0	0	0	0	1776193617016
3354	1559	4105	3797	0	0	0	0	1776193618014
3361	1597	4119	3875	0	0	0	0	1776193619016
3396	1566	4095	3917	0	0	0	0	1776193620018
3305	1532	3975	3919	0	0	0	0	1776193621030
3457	1596	3957	3787	0	0	0	0	1776193622034
3461	1587	4121	3816	0	0	0	0	1776193623048
3337	1569	4115	3871	0	0	0	0	1776193624049
3359	1531	3998	3942	0	0	0	0	1776193625059
3433	1568	3968	3782	0	0	0	0	1776193626050
3302	1599	4088	3946	0	0	0	0	1776193627048
3360	1539	4088	3880	0	0	0	0	1776193628048
3362	1550	3986	3940	0	0	0	0	1776193629046
3416	1582	4093	3794	0	0	0	0	1776193630050
3303	1549	4035	3821	0	0	0	0	1776193631048
3367	1564	4110	3961	0	0	0	0	1776193632050
3464	1594	4032	3913	0	0	0	0	1776193633064
3375	1597	3947	3914	0	0	0	0	1776193634066
3404	1526	4069	3794	0	0	0	0	1776193635064
3342	1569	4031	3892	0	0	0	0	1776193636072
3323	1592	3956	3911	0	0	0	0	1776193637081
3418	1544	4005	3785	0	0	0	0	1776193638082
3438	1587	4038	3838	0	0	0	0	1776193639096
3359	1580	4055	3817	0	0	0	0	1776193640098
3434	1572	4056	3906	0	0	0	0	1776193641107
3432	1559	4130	3877	0	0	0	0	1776193642095
3398	1578	4035	3890	0	0	0	0	1776193643112
3326	1530	4100	3882	0	0	0	0	1776193644112
3314	1548	3997	3784	0	0	0	0	1776193645127
3354	1526	3988	3871	0	0	0	0	1776193646128
3439	1587	4002	3804	0	0	0	0	1776193647145
3445	1551	4130	3955	0	0	0	0	1776193648142
3353	1541	4003	3950	0	0	0	0	1776193649138
3300	1588	4004	3948	0	0	0	0	1776193650143
3326	1551	3938	3879	0	0	0	0	1776193651155
3428	1540	3943	3937	0	0	0	0	1776193652159
3308	1528	4092	3889	0	0	0	0	1776193653176
3442	1529	3972	3797	0	0	0	0	1776193654170
3422	1559	4046	3878	0	0	0	0	1776193655170
3326	1567	4039	3826	0	0	0	0	1776193656176
3418	1565	3981	3845	0	0	0	0	1776193657170
3454	1549	4099	3903	0	0	0	0	1776193658178
3410	1597	3994	3949	0	0	0	0	1776193659175
3398	1589	4015	3834	0	0	0	0	1776193660178
3461	1551	4047	3836	0	0	0	0	1776193661171
3368	1583	4031	3823	0	0	0	0	1776193662173
3415	1581	4003	3789	0	0	0	0	1776193663176
3360	1566	4097	3926	0	0	0	0	1776193664171
3312	1533	3970	3786	0	0	0	0	1776193665169
3416	1595	3985	3809	0	0	0	0	1776193666171
3386	1577	3971	3855	0	0	0	0	1776193667170
3376	1584	3942	3828	0	0	0	0	1776193668174
3445	1524	4052	3933	0	0	0	0	1776193669170
3408	1542	3982	3804	0	0	0	0	1776193670178
3461	1552	4094	3940	0	0	0	0	1776193671170
3373	1539	3969	3877	0	0	0	0	1776193672170
3389	1599	4053	3874	0	0	0	0	1776193673189
3330	1564	4131	3931	0	0	0	0	1776193674185
3340	1569	3972	3953	0	0	0	0	1776193675208
3304	1552	4030	3920	0	0	0	0	1776193676205
3309	1561	4084	3849	0	0	0	0	1776193677202
3376	1540	4109	3868	0	0	0	0	1776193678204
3351	1564	4036	3832	0	0	0	0	1776193679202
3420	1590	3983	3776	0	0	0	0	1776193680210
3390	1528	4100	3888	0	0	0	0	1776193681222
3301	1562	3961	3941	0	0	0	0	1776193682225
3432	1526	4099	3792	0	0	0	0	1776193683235
3350	1595	3952	3914	0	0	0	0	1776193684235
3444	1533	4099	3796	0	0	0	0	1776193685234
3343	1571	4044	3777	0	0	0	0	1776193686239
3323	1557	3940	3924	0	0	0	0	1776193687255
3455	1598	3939	3790	0	0	0	0	1776193688252
3337	1541	4081	3873	0	0	0	0	1776193689248
3337	1532	4062	3838	0	0	0	0	1776193690257
3440	1529	3950	3896	0	0	0	0	1776193691249
3349	1528	4063	3865	0	0	0	0	1776193692258
3364	1592	4084	3797	0	0	0	0	1776193693249
3315	1557	3958	3956	0	0	0	0	1776193694258
3324	1587	4089	3885	0	0	0	0	1776193695249
3425	1569	4089	3809	0	0	0	0	1776193696249
3393	1580	4073	3888	0	0	0	0	1776193697271
3407	1541	4032	3818	0	0	0	0	1776193698275
3358	1556	4102	3792	0	0	0	0	1776193699265
3334	1579	4085	3914	0	0	0	0	1776193700267
3325	1562	3973	3932	0	0	0	0	1776193701277
3357	1584	4084	3904	0	0	0	0	1776193702275
3320	1546	4050	3835	0	0	0	0	1776193703300
3345	1538	4085	3921	0	0	0	0	1776193704274
3372	1567	4024	3826	0	0	0	0	1776193705267
3444	1563	4077	3882	0	0	0	0	1776193706274
3450	1541	4095	3873	0	0	0	0	1776193707276
3460	1528	3993	3852	0	0	0	0	1776193708279
3460	1571	3996	3943	0	0	0	0	1776193709266
3435	1563	4054	3895	0	0	0	0	1776193710268
3355	1530	3960	3873	0	0	0	0	1776193711280
3354	1561	3994	3923	0	0	0	0	1776193712291
3302	1572	4093	3935	0	0	0	0	1776193713282
3344	1553	4074	3886	0	0	0	0	1776193714295
3340	1578	4072	3815	0	0	0	0	1776193715304
3393	1531	3946	3932	0	0	0	0	1776193716295
3456	1599	3974	3831	0	0	0	0	1776193717298
3311	1530	4112	3837	0	0	0	0	1776193718308
3453	1535	3987	3836	0	0	0	0	1776193719298
3360	1538	4069	3959	0	0	0	0	1776193720295
3388	1545	4046	3822	0	0	0	0	1776193721298
3333	1575	4083	3865	0	0	0	0	1776193722311
3389	1589	3943	3877	0	0	0	0	1776193723314
3315	1560	4093	3793	0	0	0	0	1776193724312
3378	1599	4115	3827	0	0	0	0	1776193725316
3440	1565	3938	3931	0	0	0	0	1776193726311
3386	1533	3959	3935	0	0	0	0	1776193727314
3367	1578	4070	3860	0	0	0	0	1776193728311
3450	1597	4125	3959	0	0	0	0	1776193729314
3300	1561	3991	3864	0	0	0	0	1776193730312
3408	1597	4022	3959	0	0	0	0	1776193731314
3445	1596	4126	3856	0	0	0	0	1776193732311
3433	1577	4090	3893	0	0	0	0	1776193733330
3347	1592	4056	3820	0	0	0	0	1776193734312
3372	1561	4092	3931	0	0	0	0	1776193735313
3340	1543	4065	3882	0	0	0	0	1776193736328
3393	1564	3947	3956	0	0	0	0	1776193737327
3431	1527	4068	3822	0	0	0	0	1776193738342
3424	1550	3946	3926	0	0	0	0	1776193739346
3335	1549	4044	3928	0	0	0	0	1776193740344
3446	1578	4033	3881	0	0	0	0	1776193741346
3383	1579	4121	3930	0	0	0	0	1776193742354
3409	1541	3993	3939	0	0	0	0	1776193743346
3344	1534	3985	3839	0	0	0	0	1776193744344
3360	1574	4088	3942	0	0	0	0	1776193745346
3380	1597	4052	3820	0	0	0	0	1776193746343
3308	1524	4079	3922	0	0	0	0	1776193747346
3457	1592	4069	3922	0	0	0	0	1776193748360
3323	1535	3982	3924	0	0	0	0	1776193749362
3394	1554	4082	3882	0	0	0	0	1776193750373
3440	1538	4087	3832	0	0	0	0	1776193751381
3438	1568	4056	3888	0	0	0	0	1776193752376
3381	1579	4052	3808	0	0	0	0	1776193753379
3391	1587	4100	3909	0	0	0	0	1776193754384
3410	1571	4032	3902	0	0	0	0	1776193755378
3460	1526	4087	3926	0	0	0	0	1776193756374
3413	1558	4082	3778	0	0	0	0	1776193757397
3330	1589	4071	3839	0	0	0	0	1776193758391
3395	1541	4102	3781	0	0	0	0	1776193759392
3415	1543	3988	3844	0	0	0	0	1776193760403
3462	1595	4070	3872	0	0	0	0	1776193761390
3441	1561	4124	3850	0	0	0	0	1776193762408
3365	1567	4023	3935	0	0	0	0	1776193763411
3348	1549	4011	3831	0	0	0	0	1776193764424
3448	1557	3993	3874	0	0	0	0	1776193765424
3330	1536	4120	3834	0	0	0	0	1776193766424
3345	1540	4118	3807	0	0	0	0	1776193767426
3328	1557	4018	3901	0	0	0	0	1776193768434
3361	1590	4123	3926	0	0	0	0	1776193769426
3308	1539	3972	3919	0	0	0	0	1776193770427
3319	1540	4102	3824	0	0	0	0	1776193771426
3421	1567	4133	3914	0	0	0	0	1776193772421
3407	1530	3979	3893	0	0	0	0	1776193773421
3401	1560	3945	3954	0	0	0	0	1776193774440
3404	1553	3963	3874	0	0	0	0	1776193775453
3327	1560	3942	3907	0	0	0	0	1776193776456
3376	1556	4028	3839	0	0	0	0	1776193777479
3424	1550	3959	3779	0	0	0	0	1776193778472
3394	1534	3946	3938	0	0	0	0	1776193779474
3414	1590	3949	3894	0	0	0	0	1776193780467
3382	1543	4103	3870	0	0	0	0	1776193781471
3413	1539	3981	3893	0	0	0	0	1776193782487
3312	1547	4104	3813	0	0	0	0	1776193783483
3327	1538	4043	3851	0	0	0	0	1776193784483
3392	1565	3970	3891	0	0	0	0	1776193785483
3362	1552	3983	3819	0	0	0	0	1776193786488
3366	1529	4047	3817	0	0	0	0	1776193787494
3324	1552	4030	3784	0	0	0	0	1776193788498
3410	1583	4055	3898	0	0	0	0	1776193789505
3333	1538	4065	3903	0	0	0	0	1776193790498
3378	1566	4115	3813	0	0	0	0	1776193791504
