1426	1145	1989	1691	0	0	0	0	1776865287302
1414	1109	1981	1699	0	0	0	0	1776865288697
1420	1066	1999	1609	0	0	0	0	1776865289941
1465	1056	1905	1591	0	0	0	0	1776865291203
1482	1017	1885	1531	0	0	0	0	1776865292451
1492	1005	1914	0	0	0	0	0	1776865293712
1496	981	1934	1513	0	0	0	0	1776865294796
1491	938	1959	1526	0	0	0	0	1776865296070
1474	828	0	1500	0	0	0	0	1776865297561
1461	913	2052	1414	0	0	0	0	1776865298818
1438	983	2122	0	0	0	0	0	1776865300118
1420	1021	2133	1262	0	0	0	0	1776865301361
1402	1047	2145	1274	0	0	0	0	1776865302624
1393	1076	2018	1241	0	0	0	0	1776865303921
1366	1103	1960	1200	0	0	0	0	1776865305323
1360	1123	1975	1223	0	0	0	0	1776865306930
1341	1158	1930	0	0	0	0	0	1776865307948
1345	1170	1876	1348	0	0	0	0	1776865309133
1349	0	1877	1465	0	0	0	0	1776865310696
1394	1108	1885	0	0	0	0	0	1776865311942
1415	1133	1866	1503	0	0	0	0	1776865312971
1417	1160	1693	1535	0	0	0	0	1776865314176
1422	1170	0	1595	0	0	0	0	1776865315686
1407	1154	1700	1616	0	0	0	0	1776865316965
1399	1112	1873	0	0	0	0	0	1776865318297
1383	1066	1918	1640	0	0	0	0	1776865319559
1431	1056	1898	1585	0	0	0	0	1776865320807
1459	1011	1884	1584	0	0	0	0	1776865322038
1483	1001	0	1531	0	0	0	0	1776865323190
1485	1000	1904	1511	0	0	0	0	1776865324435
1476	956	1925	1519	0	0	0	0	1776865325702
1471	0	1938	1509	0	0	0	0	1776865327153
1426	836	2007	0	0	0	0	0	1776865328281
1428	910	2094	1429	0	0	0	0	1776865329556
1413	976	2121	1279	0	0	0	0	1776865330890
1402	1049	0	1271	0	0	0	0	1776865332178
1380	1082	2122	1243	0	0	0	0	1776865333450
1371	1105	1963	0	0	0	0	0	1776865334847
1348	1130	1970	1215	0	0	0	0	1776865336112
1343	1162	1904	1233	0	0	0	0	1776865337345
1329	0	1877	1336	0	0	0	0	1776865338626
1335	1170	1854	1411	0	0	0	0	1776865339879
1353	1127	1872	1441	0	0	0	0	1776865341113
1377	1128	1848	1470	0	0	0	0	1776865342357
1409	0	1765	1507	0	0	0	0	1776865343670
1409	1156	1651	1541	0	0	0	0	1776865345324
1402	1169	0	1590	0	0	0	0	1776865346609
1400	1107	1772	0	0	0	0	0	1776865347847
1383	1064	1855	1610	0	0	0	0	1776865349087
1411	1062	1894	1563	0	0	0	0	1776865350342
1451	1030	1895	1565	0	0	0	0	1776865351581
1478	0	1879	1529	0	0	0	0	1776865352680
1479	1004	1887	1521	0	0	0	0	1776865353688
1467	992	1911	1518	0	0	0	0	1776865354699
1468	953	1917	1502	0	0	0	0	1776865355683
1437	804	1975	1505	0	0	0	0	1776865356878
1425	891	2062	1431	0	0	0	0	1776865358517
1425	961	2099	1264	0	0	0	0	1776865360175
1393	1009	0	1253	0	0	0	0	1776865361416
1380	1038	2115	1262	0	0	0	0	1776865362841
1367	1099	2005	0	0	0	0	0	1776865364380
1351	1121	1943	1196	0	0	0	0	1776865365654
1337	1161	1955	1205	0	0	0	0	1776865366898
1321	0	1894	1306	0	0	0	0	1776865367918
1329	1168	1880	1384	0	0	0	0	1776865368980
1341	1125	1850	1418	0	0	0	0	1776865370010
1359	1132	1868	1441	0	0	0	0	1776865371698
1400	0	1850	1480	0	0	0	0	1776865372972
1403	1153	1750	1518	0	0	0	0	1776865374231
1396	1170	1629	1554	0	0	0	0	1776865375491
1397	1166	1738	1570	0	0	0	0	1776865376719
1382	1103	1827	1587	0	0	0	0	1776865377973
1392	1069	1867	1569	0	0	0	0	1776865379152
1439	1062	1877	1551	0	0	0	0	1776865380147
1461	1031	1880	1538	0	0	0	0	1776865381400
1467	1007	1886	1524	0	0	0	0	1776865382685
1473	1006	1911	1510	0	0	0	0	1776865383883
1473	948	1895	1500	0	0	0	0	1776865385169
1436	835	0	1500	0	0	0	0	1776865386473
1430	908	1951	1446	0	0	0	0	1776865387775
1416	979	2043	1318	0	0	0	0	1776865389105
1402	1019	2085	1250	0	0	0	0	1776865390694
1388	1039	2109	0	0	0	0	0	1776865392087
1360	1064	1966	1252	0	0	0	0	1776865393350
1352	1096	1912	1217	0	0	0	0	1776865394434
1328	1116	1928	1218	0	0	0	0	1776865395670
1331	1147	1902	1274	0	0	0	0	1776865397093
1315	1163	1879	1364	0	0	0	0	1776865398350
1331	0	1832	1408	0	0	0	0	1776865399599
1346	1111	1851	1421	0	0	0	0	1776865400928
1367	1121	1842	1452	0	0	0	0	1776865402114
1389	1149	1755	1488	0	0	0	0	1776865403352
1396	1163	1627	1530	0	0	0	0	1776865404598
1392	1157	1727	1554	0	0	0	0	1776865405953
1379	1113	1821	1572	0	0	0	0	1776865407212
1379	1062	1856	1562	0	0	0	0	1776865408506
1420	1064	1873	0	0	0	0	0	1776865409700
1450	1043	1876	1554	0	0	0	0	1776865410965
1462	1007	1878	1528	0	0	0	0	1776865412200
1469	997	1900	1526	0	0	0	0	1776865413460
1431	945	0	1506	0	0	0	0	1776865414658
1432	0	1891	1484	0	0	0	0	1776865415995
1431	886	1936	1451	0	0	0	0	1776865417218
1416	967	2032	0	0	0	0	0	1776865418701
1387	1013	2074	1283	0	0	0	0	1776865419956
1388	1036	2100	1229	0	0	0	0	1776865421203
1382	1064	2035	1242	0	0	0	0	1776865422534
1361	1095	1898	1195	0	0	0	0	1776865423773
1325	1116	1908	0	0	0	0	0	1776865425029
1327	1150	1879	1198	0	0	0	0	1776865426279
1312	1166	1879	1283	0	0	0	0	1776865427583
1322	0	1844	1364	0	0	0	0	1776865428945
1337	1126	1844	1396	0	0	0	0	1776865430048
1349	1125	1851	1418	0	0	0	0	1776865431294
1377	1136	1773	1440	0	0	0	0	1776865432582
1391	0	1611	1507	0	0	0	0	1776865434216
1391	1159	0	1526	0	0	0	0	1776865435495
1371	1112	1666	1554	0	0	0	0	1776865436780
1362	1066	1774	0	0	0	0	0	1776865438100
1396	1066	1825	1564	0	0	0	0	1776865439264
1431	1054	1851	1537	0	0	0	0	1776865440509
1451	998	1862	1534	0	0	0	0	1776865441785
1455	999	1868	1523	0	0	0	0	1776865443019
1434	0	1886	1517	0	0	0	0	1776865444206
1426	950	1892	1467	0	0	0	0	1776865445165
1428	877	1928	1472	0	0	0	0	1776865446190
1419	891	2016	1449	0	0	0	0	1776865447350
1387	963	2061	1301	0	0	0	0	1776865448986
1371	1011	2090	1205	0	0	0	0	1776865450650
1375	1053	0	1228	0	0	0	0	1776865452028
1364	1084	2027	1193	0	0	0	0	1776865453309
1327	1108	1892	0	0	0	0	0	1776865454544
1320	1139	1882	1201	0	0	0	0	1776865455814
1314	1162	1863	1258	0	0	0	0	1776865457051
1313	0	1868	1349	0	0	0	0	1776865458430
1324	1120	1839	1389	0	0	0	0	1776865459405
1335	1116	1842	1412	0	0	0	0	1776865460404
1356	1124	1847	1430	0	0	0	0	1776865462062
1380	1154	1778	1465	0	0	0	0	1776865463708
1368	0	1648	1492	0	0	0	0	1776865465030
1352	1160	1675	1515	0	0	0	0	1776865466268
1344	1124	1780	1535	0	0	0	0	1776865467542
1369	1067	1833	1543	0	0	0	0	1776865468671
1413	1065	1851	1536	0	0	0	0	1776865469695
1442	1061	1865	1524	0	0	0	0	1776865470688
1443	1004	1872	1525	0	0	0	0	1776865471686
1445	996	1878	1519	0	0	0	0	1776865472726
1435	954	1882	1470	0	0	0	0	1776865473996
1423	893	1901	1475	0	0	0	0	1776865475254
1420	876	0	1441	0	0	0	0	1776865476688
1386	951	1992	1318	0	0	0	0	1776865477891
1366	1004	2042	1216	0	0	0	0	1776865479529
1369	1033	2082	1232	0	0	0	0	1776865481218
1360	1049	2068	1195	0	0	0	0	1776865482848
1323	1079	1899	0	0	0	0	0	1776865483958
1316	1105	1875	1198	0	0	0	0	1776865484909
1315	1140	1798	1241	0	0	0	0	1776865486059
1309	1154	1822	1332	0	0	0	0	1776865487260
1300	1125	1829	1381	0	0	0	0	1776865488567
1324	0	1825	1406	0	0	0	0	1776865489924
1344	1118	1837	1421	0	0	0	0	1776865490992
1370	1123	1781	1461	0	0	0	0	1776865492227
1377	1154	1642	1490	0	0	0	0	1776865493479
1368	1160	1591	1512	0	0	0	0	1776865494829
1365	1100	1718	1536	0	0	0	0	1776865496067
1367	1067	1795	1552	0	0	0	0	1776865497420
1376	1064	1818	1511	0	0	0	0	1776865498672
1420	1041	1847	1519	0	0	0	0	1776865499906
1446	1018	1858	1523	0	0	0	0	1776865501180
1452	993	1862	0	0	0	0	0	1776865502313
1437	946	1869	1513	0	0	0	0	1776865503565
1426	922	1900	1450	0	0	0	0	1776865504847
1420	0	0	1453	0	0	0	0	1776865506195
1405	871	1981	1380	0	0	0	0	1776865507433
1371	1003	2036	0	0	0	0	0	1776865508823
1367	1032	2070	1205	0	0	0	0	1776865510044
1365	1049	2076	1211	0	0	0	0	1776865511375
1359	1074	1900	1194	0	0	0	0	1776865512647
1345	1102	1881	1203	0	0	0	0	1776865514085
1323	1123	1762	0	0	0	0	0	1776865515424
1308	1135	1792	1239	0	0	0	0	1776865516437
1302	1131	1804	1332	0	0	0	0	1776865517954
1309	0	1804	1403	0	0	0	0	1776865519316
1339	1103	1815	0	0	0	0	0	1776865520425
1364	1114	1781	1419	0	0	0	0	1776865521459
1379	1135	1662	1445	0	0	0	0	1776865522942
1369	1149	0	1503	0	0	0	0	1776865524454
1361	1086	1545	1534	0	0	0	0	1776865525714
1349	1065	1681	1542	0	0	0	0	1776865526979
1334	1065	1770	1500	0	0	0	0	1776865528226
1377	1061	1808	1476	0	0	0	0	1776865529472
1425	1030	1837	0	0	0	0	0	1776865530779
1430	993	1854	1499	0	0	0	0	1776865531955
1431	950	1856	1507	0	0	0	0	1776865533210
1430	0	1859	1428	0	0	0	0	1776865534468
1409	936	1886	0	0	0	0	0	1776865535669
1412	813	1964	1433	0	0	0	0	1776865536751
1371	917	2016	1394	0	0	0	0	1776865538000
1360	986	2064	1247	0	0	0	0	1776865539331
1350	1022	2074	1223	0	0	0	0	1776865541011
1352	1067	0	1193	0	0	0	0	1776865542272
1328	1095	1919	1196	0	0	0	0	1776865543529
1326	1123	1761	0	0	0	0	0	1776865544800
1303	1141	0	1223	0	0	0	0	1776865546026
1297	0	1787	1296	0	0	0	0	1776865547296
1295	1124	1774	1355	0	0	0	0	1776865548551
1308	1118	1785	1392	0	0	0	0	1776865549778
1349	1119	0	1411	0	0	0	0	1776865550946
1368	0	1635	1431	0	0	0	0	1776865552463
1368	1125	0	1492	0	0	0	0	1776865553896
1365	1145	1519	1516	0	0	0	0	1776865555177
1342	1094	1636	1552	0	0	0	0	1776865556537
1328	1067	1744	1511	0	0	0	0	1776865557834
1356	1064	1789	1450	0	0	0	0	1776865559091
1416	1063	1821	0	0	0	0	0	1776865560171
1423	1037	1844	1477	0	0	0	0	1776865561158
1425	996	1845	1491	0	0	0	0	1776865562172
1427	944	1845	1473	0	0	0	0	1776865563169
1409	936	1875	1416	0	0	0	0	1776865564155
1412	847	1950	1428	0	0	0	0	1776865565647
1409	934	2001	1392	0	0	0	0	1776865567312
1363	995	0	1269	0	0	0	0	1776865568660
1347	1026	2053	1193	0	0	0	0	1776865569892
1342	1045	2072	1196	0	0	0	0	1776865571426
1342	1060	1931	1192	0	0	0	0	1776865573074
1307	1123	1851	0	0	0	0	0	1776865574400
1283	0	1761	1194	0	0	0	0	1776865575417
1279	1147	1769	1268	0	0	0	0	1776865576423
1275	1132	1781	1339	0	0	0	0	1776865577418
1291	1118	1762	1382	0	0	0	0	1776865578778
1335	0	1744	1405	0	0	0	0	1776865580417
1354	1097	1733	1429	0	0	0	0	1776865581470
1359	1106	1670	1456	0	0	0	0	1776865582747
1358	1128	1509	1484	0	0	0	0	1776865583957
1342	1102	1611	1511	0	0	0	0	1776865585211
1333	1069	1726	1547	0	0	0	0	1776865586456
1341	1063	1785	1488	0	0	0	0	1776865587658
1382	1063	1807	1425	0	0	0	0	1776865588731
1403	1043	1836	1454	0	0	0	0	1776865589971
1414	1002	1829	1480	0	0	0	0	1776865591226
1415	947	1816	1477	0	0	0	0	1776865592483
1408	947	0	1391	0	0	0	0	1776865593685
1394	0	1920	1409	0	0	0	0	1776865595394
1359	923	0	1411	0	0	0	0	1776865596419
1365	986	1978	1272	0	0	0	0	1776865597744
1336	1023	2027	0	0	0	0	0	1776865599332
1320	1042	2064	1191	0	0	0	0	1776865600572
1311	1052	1912	1160	0	0	0	0	1776865601818
1279	1073	1857	1180	0	0	0	0	1776865602916
1281	1093	1775	1181	0	0	0	0	1776865604362
1265	1120	1768	1237	0	0	0	0	1776865605683
1261	1123	1783	0	0	0	0	0	1776865606893
1272	0	1737	1367	0	0	0	0	1776865608146
1291	1116	1730	1397	0	0	0	0	1776865609401
1316	1110	1700	1418	0	0	0	0	1776865610648
1340	1100	1699	1445	0	0	0	0	1776865611932
1339	1115	1510	1471	0	0	0	0	1776865613259
1342	1091	1571	1509	0	0	0	0	1776865614549
1341	1069	1676	1542	0	0	0	0	1776865615819
1327	1063	1751	1490	0	0	0	0	1776865617050
1370	0	1778	1429	0	0	0	0	1776865618306
1393	1063	1818	1438	0	0	0	0	1776865619547
1405	1058	1822	1463	0	0	0	0	1776865620794
1411	1018	1811	1473	0	0	0	0	1776865622024
1404	955	1837	0	0	0	0	0	1776865623247
1387	948	0	1402	0	0	0	0	1776865624535
1362	837	1898	1408	0	0	0	0	1776865625799
1361	907	1971	1311	0	0	0	0	1776865627234
1356	1019	2010	0	0	0	0	0	1776865628565
1335	1040	2052	1204	0	0	0	0	1776865629847
1324	1053	1970	1126	0	0	0	0	1776865631108
1312	1073	1851	1149	0	0	0	0	1776865632333
1284	1102	1779	0	0	0	0	0	1776865633592
1262	1122	1740	1163	0	0	0	0	1776865634822
1252	1125	1765	1210	0	0	0	0	1776865636225
1265	0	1736	1294	0	0	0	0	1776865637404
1278	1115	1716	1354	0	0	0	0	1776865638564
1306	1097	1692	1391	0	0	0	0	1776865639809
1328	1102	1693	1409	0	0	0	0	1776865641216
1332	0	1548	1465	0	0	0	0	1776865642763
1335	1115	0	1499	0	0	0	0	1776865644061
1320	1088	1676	0	0	0	0	0	1776865645323
1312	1069	1742	1542	0	0	0	0	1776865646571
1339	1065	1769	1493	0	0	0	0	1776865647819
1378	1065	1805	1426	0	0	0	0	1776865649074
1391	1065	1809	1431	0	0	0	0	1776865650330
1401	1036	1796	1459	0	0	0	0	1776865651585
1398	968	0	1465	0	0	0	0	1776865652658
1385	947	1809	1385	0	0	0	0	1776865653665
1369	896	1878	1386	0	0	0	0	1776865654675
1353	920	1962	1405	0	0	0	0	1776865655801
1334	987	2002	1293	0	0	0	0	1776865657471
1327	1024	2043	1203	0	0	0	0	1776865659146
1320	1053	0	1143	0	0	0	0	1776865660619
1306	1067	2009	1150	0	0	0	0	1776865661905
1273	1082	1825	0	0	0	0	0	1776865663176
1253	1108	1788	1156	0	0	0	0	1776865664385
1254	1120	1732	1169	0	0	0	0	1776865665717
1259	0	1760	1269	0	0	0	0	1776865666929
1270	1111	1736	1339	0	0	0	0	1776865667969
1295	1111	1711	1380	0	0	0	0	1776865668980
1312	1112	1681	1403	0	0	0	0	1776865670664
1326	0	1576	1417	0	0	0	0	1776865672241
1316	1107	0	1439	0	0	0	0	1776865673519
1316	1099	1570	1483	0	0	0	0	1776865674830
1316	1072	1667	1523	0	0	0	0	1776865676059
1329	1064	1741	1501	0	0	0	0	1776865677166
1371	1063	1773	1411	0	0	0	0	1776865678151
1386	1065	1792	1413	0	0	0	0	1776865679131
1399	1043	1800	1442	0	0	0	0	1776865680134
1395	971	1801	1453	0	0	0	0	1776865681358
1385	941	1804	1381	0	0	0	0	1776865682613
1373	907	1858	1385	0	0	0	0	1776865683842
1352	889	0	1401	0	0	0	0	1776865685253
1341	972	1944	1334	0	0	0	0	1776865686505
1331	1017	1981	1223	0	0	0	0	1776865688084
1314	1040	2011	1129	0	0	0	0	1776865689754
1291	1051	2023	0	0	0	0	0	1776865691346
1266	1055	1849	1137	0	0	0	0	1776865692374
1252	1063	1788	1148	0	0	0	0	1776865693396
1255	1084	1738	1168	0	0	0	0	1776865694565
1237	1109	1756	1253	0	0	0	0	1776865695793
1246	1110	1743	1327	0	0	0	0	1776865697053
1277	0	1708	1371	0	0	0	0	1776865698400
1294	1108	1665	1397	0	0	0	0	1776865699541
1319	1095	1676	1409	0	0	0	0	1776865700812
1323	1102	1582	1424	0	0	0	0	1776865702050
1312	1059	1536	1472	0	0	0	0	1776865703383
1303	1062	1629	1513	0	0	0	0	1776865704649
1305	1064	1706	1539	0	0	0	0	1776865706039
1309	1064	1742	1428	0	0	0	0	1776865707214
1354	1065	1763	1391	0	0	0	0	1776865708490
1390	1056	1780	0	0	0	0	0	1776865709666
1394	972	1790	1420	0	0	0	0	1776865710907
1390	943	1798	1436	0	0	0	0	1776865712161
1363	910	1850	1379	0	0	0	0	1776865713434
1356	0	0	1391	0	0	0	0	1776865714713
1339	894	1924	1342	0	0	0	0	1776865716080
1316	1020	1976	0	0	0	0	0	1776865717401
1317	1042	2012	1216	0	0	0	0	1776865718636
1311	1051	2020	1135	0	0	0	0	1776865719934
1285	1023	1836	1103	0	0	0	0	1776865721237
1286	1040	1785	1121	0	0	0	0	1776865722651
1252	1074	1735	0	0	0	0	0	1776865723864
1231	1103	1744	1128	0	0	0	0	1776865724978
1238	1108	1753	1231	0	0	0	0	1776865726499
1262	0	1709	1316	0	0	0	0	1776865727856
1276	1108	1680	1364	0	0	0	0	1776865728816
1301	1091	1665	1396	0	0	0	0	1776865729966
1312	1099	1610	1414	0	0	0	0	1776865731478
1313	1086	0	1466	0	0	0	0	1776865732974
1290	1061	1468	1500	0	0	0	0	1776865734221
1286	1062	1689	0	0	0	0	0	1776865735554
1284	1064	1725	1523	0	0	0	0	1776865736765
1327	1065	1743	1430	0	0	0	0	1776865738032
1375	1057	0	1396	0	0	0	0	1776865739212
1375	995	1765	1410	0	0	0	0	1776865740472
1376	943	1781	1420	0	0	0	0	1776865741699
1348	939	1792	1362	0	0	0	0	1776865743013
1354	0	1830	1364	0	0	0	0	1776865744036
1351	825	1913	1382	0	0	0	0	1776865745078
1312	931	1964	1355	0	0	0	0	1776865746324
1301	993	1996	1225	0	0	0	0	1776865747864
1303	1044	0	1123	0	0	0	0	1776865749524
1292	1042	1967	1094	0	0	0	0	1776865750766
1276	1039	1796	0	0	0	0	0	1776865752115
1237	1065	0	1096	0	0	0	0	1776865753288
1239	1099	1734	1116	0	0	0	0	1776865754519
1237	0	1747	1221	0	0	0	0	1776865755846
1241	1109	1702	1297	0	0	0	0	1776865757114
1265	1110	0	1354	0	0	0	0	1776865758308
1284	1092	1676	1389	0	0	0	0	1776865759412
1306	0	1646	1401	0	0	0	0	1776865760948
1311	1098	1488	1402	0	0	0	0	1776865762570
1288	1073	0	1494	0	0	0	0	1776865763834
1288	1056	1587	0	0	0	0	0	1776865765130
1275	1057	1679	1524	0	0	0	0	1776865766375
1334	0	1710	1439	0	0	0	0	1776865767547
1355	1061	1729	1404	0	0	0	0	1776865768546
1362	1063	1748	1412	0	0	0	0	1776865769552
1366	1018	1768	1413	0	0	0	0	1776865770558
1350	962	1783	1357	0	0	0	0	1776865771553
1351	941	1811	1351	0	0	0	0	1776865772697
1353	820	1894	1372	0	0	0	0	1776865774179
1316	927	0	1378	0	0	0	0	1776865775767
1287	991	1957	1241	0	0	0	0	1776865777002
1292	1025	1994	1150	0	0	0	0	1776865778459
1292	1039	1940	1062	0	0	0	0	1776865780116
1279	1016	1822	0	0	0	0	0	1776865781691
1236	0	1790	1072	0	0	0	0	1776865782779
1238	1047	1738	1087	0	0	0	0	1776865783783
1231	1081	1735	1187	0	0	0	0	1776865784810
1234	1099	1745	1272	0	0	0	0	1776865785953
1245	1104	1715	1337	0	0	0	0	1776865787367
1272	0	1678	1375	0	0	0	0	1776865788785
1296	1106	1637	1400	0	0	0	0	1776865789798
1305	1095	1632	1402	0	0	0	0	1776865791037
1298	1072	1505	1445	0	0	0	0	1776865792285
1287	1024	1585	1491	0	0	0	0	1776865793534
1267	1038	1673	1536	0	0	0	0	1776865794817
1269	1048	1709	1463	0	0	0	0	1776865796098
1315	1054	1711	1398	0	0	0	0	1776865797358
1343	1059	1731	1399	0	0	0	0	1776865798609
1353	1017	1755	1406	0	0	0	0	1776865799860
1357	943	1775	0	0	0	0	0	1776865801016
1350	946	1802	1339	0	0	0	0	1776865802265
1336	0	1869	1353	0	0	0	0	1776865803669
1343	927	0	1364	0	0	0	0	1776865805029
1290	993	1943	0	0	0	0	0	1776865806397
1290	1027	1976	1239	0	0	0	0	1776865807645
1279	1040	1923	1098	0	0	0	0	1776865808897
1279	1016	1823	1066	0	0	0	0	1776865810159
1255	1017	1788	1070	0	0	0	0	1776865811405
1241	1041	1736	1076	0	0	0	0	1776865813049
1221	1082	1729	0	0	0	0	0	1776865814271
1226	1098	1739	1179	0	0	0	0	1776865815273
1225	0	1699	1337	0	0	0	0	1776865816833
1238	1105	1675	1377	0	0	0	0	1776865818106
1280	1095	1638	0	0	0	0	0	1776865819264
1298	1101	1641	1397	0	0	0	0	1776865820464
1293	0	1512	1434	0	0	0	0	1776865821832
1278	1068	1574	1487	0	0	0	0	1776865823086
1270	1030	1657	0	0	0	0	0	1776865824408
1257	1042	1703	1528	0	0	0	0	1776865825637
1298	1051	1696	1449	0	0	0	0	1776865826895
1330	1057	1701	1397	0	0	0	0	1776865828144
1345	1027	1740	1393	0	0	0	0	1776865829426
1353	0	1761	1399	0	0	0	0	1776865830600
1340	956	1783	1318	0	0	0	0	1776865831834
1338	952	1852	1318	0	0	0	0	1776865833242
1339	825	0	1344	0	0	0	0	1776865834521
1295	915	1927	0	0	0	0	0	1776865835832
1285	984	1965	1252	0	0	0	0	1776865837089
1266	1022	1915	1125	0	0	0	0	1776865838335
1270	1027	0	1049	0	0	0	0	1776865839697
1268	1012	1788	0	0	0	0	0	1776865840948
1237	1041	1739	1036	0	0	0	0	1776865842179
1227	1084	1731	1045	0	0	0	0	1776865843438
1219	0	1722	1151	0	0	0	0	1776865844769
1207	1096	1684	1244	0	0	0	0	1776865845959
1228	1103	1675	1324	0	0	0	0	1776865847188
1246	1105	1645	1369	0	0	0	0	1776865848443
1291	0	1641	1394	0	0	0	0	1776865849935
1291	1096	1478	1381	0	0	0	0	1776865851349
1281	1092	1552	1417	0	0	0	0	1776865852715
1272	1009	1645	1466	0	0	0	0	1776865853977
1253	1033	1698	1520	0	0	0	0	1776865855234
1278	1040	1683	1463	0	0	0	0	1776865856491
1310	1050	1676	1404	0	0	0	0	1776865857696
1335	1056	1706	1385	0	0	0	0	1776865858971
1347	1032	0	1392	0	0	0	0	1776865860077
1339	969	1730	1309	0	0	0	0	1776865861176
1339	951	1760	1313	0	0	0	0	1776865862039
1324	855	1819	1314	0	0	0	0	1776865863059
1327	925	1907	1306	0	0	0	0	1776865864418
1295	992	1936	1248	0	0	0	0	1776865866089
1267	1027	0	1103	0	0	0	0	1776865867751
1257	1040	1927	1060	0	0	0	0	1776865868998
1257	1013	1770	0	0	0	0	0	1776865870534
1213	995	1738	1031	0	0	0	0	1776865871764
1214	1026	1730	1014	0	0	0	0	1776865873049
1197	1071	0	1113	0	0	0	0	1776865874278
1197	1099	1711	1216	0	0	0	0	1776865875272
1212	1097	1695	1297	0	0	0	0	1776865876269
1232	1101	1670	1352	0	0	0	0	1776865877845
1258	0	1629	1379	0	0	0	0	1776865879305
1278	1104	0	1379	0	0	0	0	1776865880590
1281	1068	1483	1406	0	0	0	0	1776865881838
1273	1012	1536	1457	0	0	0	0	1776865883090
1250	1018	1630	1515	0	0	0	0	1776865884362
1263	1033	1681	1475	0	0	0	0	1776865885543
1300	1046	1682	1407	0	0	0	0	1776865886520
1328	1051	1667	1373	0	0	0	0	1776865887617
1338	1035	1688	1377	0	0	0	0	1776865888866
1335	957	1720	1312	0	0	0	0	1776865890093
1339	947	1753	1296	0	0	0	0	1776865891383
1318	0	1781	1298	0	0	0	0	1776865892610
1314	899	0	1287	0	0	0	0	1776865893987
1290	974	1878	1262	0	0	0	0	1776865895298
1279	1018	1923	1090	0	0	0	0	1776865896909
1250	1031	1916	0	0	0	0	0	1776865898448
1250	1011	1856	1047	0	0	0	0	1776865899683
1208	999	1716	1031	0	0	0	0	1776865900782
1209	1016	1728	1031	0	0	0	0	1776865901851
1189	1062	1729	1100	0	0	0	0	1776865903286
1192	1096	1723	1207	0	0	0	0	1776865904533
1203	1096	1702	0	0	0	0	0	1776865905761
1220	0	1673	1348	0	0	0	0	1776865907051
1246	1102	1650	1372	0	0	0	0	1776865908279
1267	1104	1624	1373	0	0	0	0	1776865909534
1267	1071	1511	1395	0	0	0	0	1776865910787
1271	1020	1513	1448	0	0	0	0	1776865912081
1268	1009	1615	1494	0	0	0	0	1776865913339
1251	1020	1660	1501	0	0	0	0	1776865914678
1244	1031	1666	1403	0	0	0	0	1776865915917
1318	1039	1666	0	0	0	0	0	1776865917085
1330	1035	1676	1384	0	0	0	0	1776865918321
1336	968	1701	1349	0	0	0	0	1776865919584
1336	944	1729	1313	0	0	0	0	1776865920818
1319	0	1759	1293	0	0	0	0	1776865922008
1298	882	0	1289	0	0	0	0	1776865923434
1293	899	1832	1250	0	0	0	0	1776865924816
1282	1015	1892	0	0	0	0	0	1776865926142
1267	1026	1897	1088	0	0	0	0	1776865927406
1247	1017	1868	1030	0	0	0	0	1776865928635
1244	991	1692	1030	0	0	0	0	1776865929889
1206	1011	1706	0	0	0	0	0	1776865931240
1191	1061	1719	1015	0	0	0	0	1776865932392
1186	1094	1710	1071	0	0	0	0	1776865933626
1193	0	1681	1191	0	0	0	0	1776865935254
1209	1100	1670	1270	0	0	0	0	1776865936242
1234	1099	1641	1336	0	0	0	0	1776865937302
1256	1104	1626	1369	0	0	0	0	1776865938612
1262	1090	1517	1369	0	0	0	0	1776865940275
1257	0	1491	1431	0	0	0	0	1776865941640
1262	1005	1603	1486	0	0	0	0	1776865942931
1249	1012	1646	0	0	0	0	0	1776865944216
1243	1021	1660	1508	0	0	0	0	1776865945448
1305	0	1664	1392	0	0	0	0	1776865946611
1323	1026	1669	1367	0	0	0	0	1776865947847
1331	1032	1690	1317	0	0	0	0	1776865949104
1329	988	1712	1323	0	0	0	0	1776865950361
1321	944	0	1300	0	0	0	0	1776865951499
1291	926	1729	1291	0	0	0	0	1776865952512
1285	883	1794	1269	0	0	0	0	1776865953538
1281	963	1865	1224	0	0	0	0	1776865954792
1268	1011	1890	1080	0	0	0	0	1776865956457
1245	1021	1865	1047	0	0	0	0	1776865958100
1241	1012	1688	1031	0	0	0	0	1776865959428
1234	995	1666	0	0	0	0	0	1776865960709
1195	0	1692	1007	0	0	0	0	1776865961878
1174	1038	1702	1059	0	0	0	0	1776865963114
1181	1081	1660	1184	0	0	0	0	1776865964372
1187	1094	1661	1267	0	0	0	0	1776865965624
1223	1102	0	1332	0	0	0	0	1776865966756
1249	0	1621	1363	0	0	0	0	1776865968125
1261	1094	1530	1366	0	0	0	0	1776865969565
1252	1093	1473	1382	0	0	0	0	1776865971175
1255	1025	1568	1429	0	0	0	0	1776865972481
1250	1000	1614	1481	0	0	0	0	1776865973713
1245	1005	1636	1496	0	0	0	0	1776865974964
1296	1017	0	1407	0	0	0	0	1776865975991
1318	1024	1649	1373	0	0	0	0	1776865977012
1328	1026	1654	1334	0	0	0	0	1776865978009
1329	987	1674	1325	0	0	0	0	1776865978999
1324	954	1695	1299	0	0	0	0	1776865980237
1321	922	1718	1297	0	0	0	0	1776865981489
1296	840	1778	1266	0	0	0	0	1776865982937
1283	938	0	1255	0	0	0	0	1776865984158
1274	994	1852	1091	0	0	0	0	1776865985596
1247	1011	1881	1033	0	0	0	0	1776865987293
1237	1006	1886	1037	0	0	0	0	1776865989027
1198	999	1713	0	0	0	0	0	1776865990243
1199	1001	1657	1013	0	0	0	0	1776865991221
1176	1046	1671	1027	0	0	0	0	1776865992242
1178	1082	1696	1151	0	0	0	0	1776865993474
1182	1100	1640	1241	0	0	0	0	1776865994706
1192	1096	1649	1315	0	0	0	0	1776865996163
1234	0	1654	1349	0	0	0	0	1776865997220
1252	1101	1620	1359	0	0	0	0	1776865998442
1253	1091	1554	1378	0	0	0	0	1776865999676
1248	1013	1398	1415	0	0	0	0	1776866001016
1244	1011	1531	1471	0	0	0	0	1776866002277
1244	1004	1591	1501	0	0	0	0	1776866003621
1234	1016	1621	1404	0	0	0	0	1776866004843
1282	1018	1643	1353	0	0	0	0	1776866006075
1309	1028	1652	1314	0	0	0	0	1776866007323
1326	982	1667	0	0	0	0	0	1776866008535
1313	959	1693	1321	0	0	0	0	1776866009781
1316	949	1708	1297	0	0	0	0	1776866011030
1295	0	1751	1279	0	0	0	0	1776866012340
1273	836	0	1225	0	0	0	0	1776866013645
1266	980	1832	0	0	0	0	0	1776866015048
1247	996	1864	1066	0	0	0	0	1776866016317
1244	998	1873	1048	0	0	0	0	1776866017564
1229	992	1771	1027	0	0	0	0	1776866018793
1204	996	1647	1003	0	0	0	0	1776866020283
1181	1031	1659	0	0	0	0	0	1776866021746
1174	1076	1681	1014	0	0	0	0	1776866022713
1177	1093	1633	1131	0	0	0	0	1776866024057
1186	0	1640	1299	0	0	0	0	1776866025633
1220	1101	1650	0	0	0	0	0	1776866026699
1239	1095	1620	1338	0	0	0	0	1776866027702
1249	1095	1568	1350	0	0	0	0	1776866029054
1248	1017	1387	1368	0	0	0	0	1776866030591
1239	1012	1484	1407	0	0	0	0	1776866031853
1236	999	1555	1456	0	0	0	0	1776866033100
1233	1005	1597	1488	0	0	0	0	1776866034358
1262	1011	1625	1403	0	0	0	0	1776866035604
1296	1013	1640	1352	0	0	0	0	1776866036843
1319	0	1656	1309	0	0	0	0	1776866038044
1316	991	1679	1309	0	0	0	0	1776866039297
1298	951	1681	1295	0	0	0	0	1776866040524
1286	946	0	1295	0	0	0	0	1776866041955
1272	797	1737	1279	0	0	0	0	1776866042961
1255	891	1815	1222	0	0	0	0	1776866044205
1249	958	1849	1113	0	0	0	0	1776866045438
1240	985	1867	1032	0	0	0	0	1776866046977
1225	992	1744	1032	0	0	0	0	1776866048360
1212	994	1620	0	0	0	0	0	1776866049700
1190	1025	1638	1028	0	0	0	0	1776866050929
1170	0	1655	1008	0	0	0	0	1776866052192
1164	1073	1606	1120	0	0	0	0	1776866053376
1177	1094	1620	1213	0	0	0	0	1776866054615
1190	1102	1638	1285	0	0	0	0	1776866055864
1209	1091	1617	1329	0	0	0	0	1776866057116
1245	0	1558	1345	0	0	0	0	1776866058445
1247	1093	1358	1369	0	0	0	0	1776866060110
1239	1041	1469	1410	0	0	0	0	1776866061513
1220	989	1550	1446	0	0	0	0	1776866062733
1228	992	1588	1485	0	0	0	0	1776866063971
1239	998	1618	1397	0	0	0	0	1776866065208
1301	1006	0	1332	0	0	0	0	1776866066432
1314	1010	1635	1312	0	0	0	0	1776866067415
1314	1000	1647	1315	0	0	0	0	1776866068404
1299	953	1678	1304	0	0	0	0	1776866069400
1287	939	1684	1291	0	0	0	0	1776866070426
1289	832	1726	1289	0	0	0	0	1776866071836
1276	898	1797	1235	0	0	0	0	1776866073269
1246	959	0	1089	0	0	0	0	1776866074891
1236	982	1849	1051	0	0	0	0	1776866076115
1231	988	1856	1025	0	0	0	0	1776866077720
1213	991	1622	0	0	0	0	0	1776866079337
1193	992	1639	1021	0	0	0	0	1776866080564
1172	1017	0	975	0	0	0	0	1776866081666
1164	1065	1651	1073	0	0	0	0	1776866082709
1171	1091	1559	1178	0	0	0	0	1776866083659
1181	1101	1585	1252	0	0	0	0	1776866084960
1196	1096	1612	1311	0	0	0	0	1776866086601
1235	0	1604	1332	0	0	0	0	1776866087729
1240	1091	1577	1352	0	0	0	0	1776866088955
1238	1025	1335	1394	0	0	0	0	1776866090186
1218	1011	1429	1434	0	0	0	0	1776866091439
1220	998	1527	1482	0	0	0	0	1776866092696
1212	997	1567	1411	0	0	0	0	1776866093934
1265	1001	1608	1341	0	0	0	0	1776866095051
1287	992	1628	1314	0	0	0	0	1776866096265
1297	970	1640	1303	0	0	0	0	1776866097538
1300	919	1658	1296	0	0	0	0	1776866098785
1281	924	1671	0	0	0	0	0	1776866100019
1284	0	1709	1286	0	0	0	0	1776866101310
1278	859	0	1238	0	0	0	0	1776866102764
1277	930	1778	1100	0	0	0	0	1776866104015
1227	964	1827	0	0	0	0	0	1776866105549
1230	978	1850	1042	0	0	0	0	1776866106784
1211	985	1823	1043	0	0	0	0	1776866108062
1202	988	1622	1027	0	0	0	0	1776866109185
1169	1001	1636	961	0	0	0	0	1776866110663
1172	1049	1644	1062	0	0	0	0	1776866112053
1165	1082	1550	0	0	0	0	0	1776866113180
1174	0	1550	1232	0	0	0	0	1776866114536
1189	1094	1574	1283	0	0	0	0	1776866115794
1200	1094	1574	1312	0	0	0	0	1776866117017
1226	1086	1555	1335	0	0	0	0	1776866118344
1237	1029	1299	1381	0	0	0	0	1776866119586
1237	999	1383	1415	0	0	0	0	1776866120858
1206	999	1504	0	0	0	0	0	1776866122124
1199	995	1549	1437	0	0	0	0	1776866123366
1235	998	1596	1408	0	0	0	0	1776866124597
1269	979	1623	1329	0	0	0	0	1776866125827
