3964	2130	2378	6725	0	0	0	0	1775516579358
3963	2145	2320	0	0	0	0	0	1775516580845
3903	2172	2275	6691	0	0	0	0	1775516581817
3873	2246	2244	6889	0	0	0	0	1775516582963
3847	2300	2215	7031	0	0	0	0	1775516584671
3851	0	2182	7064	0	0	0	0	1775516585805
3892	2301	2158	7005	0	0	0	0	1775516586824
3939	2311	2129	6847	0	0	0	0	1775516588014
3948	2289	1949	6674	0	0	0	0	1775516589587
3931	2069	2100	6621	0	0	0	0	1775516590825
3877	2004	2200	6659	0	0	0	0	1775516592076
3837	2012	2284	6944	0	0	0	0	1775516593332
3907	1986	2302	7189	0	0	0	0	1775516594637
3972	1935	2307	7297	0	0	0	0	1775516595836
3998	1935	2307	7328	0	0	0	0	1775516597066
3974	1919	0	7236	0	0	0	0	1775516598336
3943	1891	2314	7104	0	0	0	0	1775516599565
3910	1772	2346	6995	0	0	0	0	1775516600987
3855	0	2428	6878	0	0	0	0	1775516602117
3900	1904	2520	6848	0	0	0	0	1775516603373
3905	1971	2534	6930	0	0	0	0	1775516604638
3888	2046	0	6945	0	0	0	0	1775516606037
3839	2025	2397	0	0	0	0	0	1775516607444
3828	2056	2369	6841	0	0	0	0	1775516608736
3868	2098	2320	6599	0	0	0	0	1775516609965
3877	2128	2277	6637	0	0	0	0	1775516611199
3825	0	2244	6856	0	0	0	0	1775516612467
3801	2196	2215	6955	0	0	0	0	1775516613687
3776	2260	2162	6975	0	0	0	0	1775516614944
3794	2286	2165	6887	0	0	0	0	1775516616211
3885	2287	0	6792	0	0	0	0	1775516617471
3907	0	1981	6688	0	0	0	0	1775516619078
3901	2075	0	6651	0	0	0	0	1775516620371
3863	2003	2084	6541	0	0	0	0	1775516621636
3824	2006	2198	6868	0	0	0	0	1775516622869
3853	1994	2268	7154	0	0	0	0	1775516624121
3935	1922	2298	7254	0	0	0	0	1775516625358
3979	0	2299	7279	0	0	0	0	1775516626612
3951	1925	2286	7230	0	0	0	0	1775516627606
3923	1911	2300	7074	0	0	0	0	1775516628737
3891	1900	2336	6965	0	0	0	0	1775516629997
3853	1687	2391	6856	0	0	0	0	1775516631267
3818	1823	2495	6857	0	0	0	0	1775516632596
3883	1925	2518	0	0	0	0	0	1775516634093
3856	1989	2520	6923	0	0	0	0	1775516635573
3830	2020	0	6877	0	0	0	0	1775516636929
3798	2036	2386	6761	0	0	0	0	1775516638225
3841	2086	2379	6612	0	0	0	0	1775516639453
3856	2121	2271	0	0	0	0	0	1775516640825
3813	0	2235	6612	0	0	0	0	1775516642042
3795	2168	2221	6833	0	0	0	0	1775516643310
3743	2255	2168	6926	0	0	0	0	1775516644538
3754	2278	2153	6946	0	0	0	0	1775516645809
3845	0	2153	6823	0	0	0	0	1775516647068
3876	2281	0	6643	0	0	0	0	1775516648365
3883	2263	1965	6562	0	0	0	0	1775516649603
3844	2044	2026	6543	0	0	0	0	1775516650931
3798	2009	2157	6801	0	0	0	0	1775516652366
3823	2010	2238	7073	0	0	0	0	1775516653590
3914	2005	2285	7199	0	0	0	0	1775516654849
3960	1918	2291	0	0	0	0	0	1775516656078
3944	1914	2272	7220	0	0	0	0	1775516657102
3917	1909	2290	7186	0	0	0	0	1775516658152
3870	1910	2327	7060	0	0	0	0	1775516659076
3850	1728	2354	6949	0	0	0	0	1775516660250
3809	1843	2474	6833	0	0	0	0	1775516661886
3859	1941	0	6849	0	0	0	0	1775516663519
3859	1997	2506	6905	0	0	0	0	1775516664747
3817	2035	2504	6820	0	0	0	0	1775516666002
3768	2024	2382	6745	0	0	0	0	1775516667511
3789	2087	2351	0	0	0	0	0	1775516669083
3818	2119	2321	6599	0	0	0	0	1775516670336
3811	0	2261	6630	0	0	0	0	1775516671338
3779	2158	2221	6832	0	0	0	0	1775516672331
3745	2235	2222	6923	0	0	0	0	1775516673353
3747	2275	2171	6943	0	0	0	0	1775516675014
3820	0	2144	6829	0	0	0	0	1775516676352
3861	2282	2148	6752	0	0	0	0	1775516677581
3870	2250	1986	6652	0	0	0	0	1775516678842
3853	2113	2023	6484	0	0	0	0	1775516680107
3804	2021	2144	6391	0	0	0	0	1775516681363
3762	1978	2226	6742	0	0	0	0	1775516682630
3862	1994	2276	7049	0	0	0	0	1775516683599
3914	1931	2285	7169	0	0	0	0	1775516684818
3937	1913	2255	7181	0	0	0	0	1775516686047
3937	1908	2279	7175	0	0	0	0	1775516687270
3915	1911	2321	7050	0	0	0	0	1775516688533
3841	1733	0	6943	0	0	0	0	1775516689835
3808	1814	2343	6836	0	0	0	0	1775516691201
3822	1924	2456	6801	0	0	0	0	1775516692465
3849	1979	2506	6851	0	0	0	0	1775516693930
3815	2016	2511	0	0	0	0	0	1775516695468
3771	2019	2381	6848	0	0	0	0	1775516696703
3782	2025	2329	6670	0	0	0	0	1775516697832
3813	2074	2328	6559	0	0	0	0	1775516698961
3820	2112	2270	6613	0	0	0	0	1775516700441
3806	2151	2215	6838	0	0	0	0	1775516701726
3733	0	2221	6936	0	0	0	0	1775516702949
3727	2241	2169	6944	0	0	0	0	1775516704174
3746	2272	2133	6837	0	0	0	0	1775516705427
3787	2279	2141	6723	0	0	0	0	1775516706675
3835	2273	1990	6652	0	0	0	0	1775516708013
3852	2110	2007	6480	0	0	0	0	1775516709426
3848	2016	2125	6330	0	0	0	0	1775516710680
3807	1985	2204	6720	0	0	0	0	1775516711953
3832	1996	0	7011	0	0	0	0	1775516713188
3898	1939	2262	7163	0	0	0	0	1775516714409
3927	1911	2273	7181	0	0	0	0	1775516715667
3930	1913	2260	7147	0	0	0	0	1775516716899
3876	0	2277	7015	0	0	0	0	1775516718137
3843	1917	2315	6927	0	0	0	0	1775516719427
3800	1790	2344	6805	0	0	0	0	1775516720657
3800	1813	2453	6819	0	0	0	0	1775516722049
3838	1983	2500	0	0	0	0	0	1775516723481
3840	2019	2501	6837	0	0	0	0	1775516724753
3822	2019	2380	6835	0	0	0	0	1775516726086
3777	2025	2306	6650	0	0	0	0	1775516727316
3786	2073	2311	0	0	0	0	0	1775516728552
3805	2111	2287	6547	0	0	0	0	1775516729803
3804	2136	2198	6563	0	0	0	0	1775516731057
3731	0	2215	6788	0	0	0	0	1775516732389
3711	2227	2161	6884	0	0	0	0	1775516733759
3725	2277	2127	6904	0	0	0	0	1775516734829
3762	2273	2128	6829	0	0	0	0	1775516736075
3814	2273	1962	6711	0	0	0	0	1775516737709
3835	0	0	6450	0	0	0	0	1775516738981
3808	2030	1968	0	0	0	0	0	1775516740368
3765	1992	2107	6491	0	0	0	0	1775516741560
3798	2003	2193	6803	0	0	0	0	1775516742834
3876	1949	2250	7063	0	0	0	0	1775516744057
3910	1909	2267	7176	0	0	0	0	1775516745342
3921	1911	2243	7184	0	0	0	0	1775516746597
3863	0	2264	7034	0	0	0	0	1775516747602
3835	1917	2300	6961	0	0	0	0	1775516748606
3792	1774	2335	6837	0	0	0	0	1775516749588
3769	1793	2441	6759	0	0	0	0	1775516750862
3796	1920	2488	6765	0	0	0	0	1775516752536
3817	1980	2488	6814	0	0	0	0	1775516754239
3780	2018	0	6808	0	0	0	0	1775516755599
3740	2020	2385	0	0	0	0	0	1775516756913
3772	2061	2271	6627	0	0	0	0	1775516758234
3794	2103	2285	6535	0	0	0	0	1775516759381
3795	2133	2274	6549	0	0	0	0	1775516760692
3728	0	2199	6756	0	0	0	0	1775516761818
3714	2219	2215	6851	0	0	0	0	1775516762840
3701	2263	2175	6863	0	0	0	0	1775516764070
3732	2271	2113	6795	0	0	0	0	1775516765660
3823	0	2117	6687	0	0	0	0	1775516767092
3830	2274	1931	6555	0	0	0	0	1775516768369
3793	2113	1966	6502	0	0	0	0	1775516769636
3774	2018	2107	6520	0	0	0	0	1775516770851
3749	1983	2183	6837	0	0	0	0	1775516772096
3846	2001	2244	7067	0	0	0	0	1775516773085
3896	1957	2255	7165	0	0	0	0	1775516774214
3910	1897	2243	7155	0	0	0	0	1775516775444
3890	1904	2263	7030	0	0	0	0	1775516776703
3859	1913	2296	6898	0	0	0	0	1775516777941
3800	1823	2311	0	0	0	0	0	1775516779070
3770	1802	0	6722	0	0	0	0	1775516780462
3784	1923	2413	6734	0	0	0	0	1775516781895
3809	1978	2478	6794	0	0	0	0	1775516783564
3766	2010	2480	0	0	0	0	0	1775516784965
3744	2018	2388	6736	0	0	0	0	1775516786196
3756	2018	2263	6607	0	0	0	0	1775516787373
3783	2051	2269	6477	0	0	0	0	1775516788557
3786	2098	2269	6539	0	0	0	0	1775516790088
3728	2120	2181	0	0	0	0	0	1775516791314
3706	2201	2201	6715	0	0	0	0	1775516792335
3681	2257	2173	6814	0	0	0	0	1775516793568
3707	0	2116	6728	0	0	0	0	1775516795058
3753	2267	2107	6630	0	0	0	0	1775516796333
3798	2274	1960	6479	0	0	0	0	1775516797569
3816	2118	1947	6419	0	0	0	0	1775516798820
3796	2025	2100	6494	0	0	0	0	1775516800221
3731	1978	2171	0	0	0	0	0	1775516801553
3803	1998	2224	6805	0	0	0	0	1775516802639
3867	1976	2245	7014	0	0	0	0	1775516803658
3891	1892	2235	7102	0	0	0	0	1775516804835
3889	1898	2249	7119	0	0	0	0	1775516806078
3859	1906	2285	6952	0	0	0	0	1775516807345
3792	1842	0	6884	0	0	0	0	1775516809135
3769	1745	2313	6754	0	0	0	0	1775516809901
3775	1898	2393	6660	0	0	0	0	1775516811180
3799	1966	2465	6700	0	0	0	0	1775516812411
3804	2007	2475	6751	0	0	0	0	1775516813642
3769	2017	2382	6678	0	0	0	0	1775516815121
3729	2015	2264	6611	0	0	0	0	1775516816811
3771	2045	2264	0	0	0	0	0	1775516817874
3773	2092	2261	6456	0	0	0	0	1775516818892
3752	2113	2192	6511	0	0	0	0	1775516820137
3729	2189	2204	6706	0	0	0	0	1775516821537
3663	0	2162	6795	0	0	0	0	1775516822869
3682	2256	2112	6797	0	0	0	0	1775516823882
3723	2268	2051	6700	0	0	0	0	1775516825113
3777	2273	2007	6569	0	0	0	0	1775516826545
3797	2162	1874	6477	0	0	0	0	1775516828181
3801	2024	2037	6380	0	0	0	0	1775516829464
3749	1970	2138	6443	0	0	0	0	1775516830692
3716	1988	2200	6806	0	0	0	0	1775516832016
3836	1972	0	6989	0	0	0	0	1775516833102
3867	1894	2229	7080	0	0	0	0	1775516834256
3873	1899	2235	7098	0	0	0	0	1775516835492
3858	1909	2242	6961	0	0	0	0	1775516836736
3825	1881	2275	6861	0	0	0	0	1775516838043
3764	0	2306	6739	0	0	0	0	1775516839134
3720	1718	2387	6618	0	0	0	0	1775516840192
3770	1867	2443	6677	0	0	0	0	1775516841732
3783	1990	2467	0	0	0	0	0	1775516843283
3771	2008	2423	6727	0	0	0	0	1775516844769
3722	2013	2271	6630	0	0	0	0	1775516846096
3681	2034	2237	6550	0	0	0	0	1775516847329
3742	2085	0	6435	0	0	0	0	1775516848384
3743	2098	2236	6529	0	0	0	0	1775516849786
3721	0	2158	6703	0	0	0	0	1775516851072
3696	2167	2135	6767	0	0	0	0	1775516852302
3674	2245	0	6752	0	0	0	0	1775516853504
3705	2254	2093	6654	0	0	0	0	1775516854757
3752	2266	2044	6568	0	0	0	0	1775516856089
3782	2164	1979	6470	0	0	0	0	1775516857668
3784	2043	1897	6353	0	0	0	0	1775516858904
3757	1961	2047	6444	0	0	0	0	1775516860182
3711	1984	2140	6792	0	0	0	0	1775516861387
3718	1978	2189	6982	0	0	0	0	1775516862635
3845	0	2207	7050	0	0	0	0	1775516863816
3858	1910	2220	7058	0	0	0	0	1775516865047
3851	1911	2228	6955	0	0	0	0	1775516866316
3821	1915	2261	6837	0	0	0	0	1775516867557
3748	1888	2287	0	0	0	0	0	1775516868670
3724	1736	2363	6703	0	0	0	0	1775516869681
3757	1858	2436	6620	0	0	0	0	1775516871099
3772	1940	2457	6671	0	0	0	0	1775516872760
3762	2004	0	6730	0	0	0	0	1775516874155
3723	2010	2394	6623	0	0	0	0	1775516875386
3681	2029	2299	6534	0	0	0	0	1775516876644
3737	2080	2221	0	0	0	0	0	1775516877979
3737	2111	2212	6397	0	0	0	0	1775516879172
3718	2160	2119	6505	0	0	0	0	1775516880609
3651	0	2131	6682	0	0	0	0	1775516881939
3655	2232	2121	6746	0	0	0	0	1775516882961
3680	2259	2083	6735	0	0	0	0	1775516883939
3722	2272	2037	6636	0	0	0	0	1775516885625
3766	0	2023	6449	0	0	0	0	1775516887159
3773	2187	1882	6352	0	0	0	0	1775516888400
3761	1984	2011	0	0	0	0	0	1775516889767
3716	1994	2116	6489	0	0	0	0	1775516890999
3767	0	2177	6812	0	0	0	0	1775516892180
3821	1985	2190	6989	0	0	0	0	1775516893203
3844	1919	2207	7046	0	0	0	0	1775516894260
3845	1899	2219	7060	0	0	0	0	1775516895252
3813	1904	2242	6938	0	0	0	0	1775516896376
3778	1905	2277	6788	0	0	0	0	1775516897603
3755	1679	2348	6697	0	0	0	0	1775516899039
3743	1821	0	6584	0	0	0	0	1775516900299
3765	1924	2404	6622	0	0	0	0	1775516901560
3754	1969	2431	6658	0	0	0	0	1775516903068
3728	1997	2419	6595	0	0	0	0	1775516904773
3681	2015	2309	0	0	0	0	0	1775516906310
3723	0	2219	6464	0	0	0	0	1775516907448
3727	2067	2200	6360	0	0	0	0	1775516908473
3707	2097	2125	6448	0	0	0	0	1775516909527
3669	2147	2126	6633	0	0	0	0	1775516910879
3646	2228	2128	6700	0	0	0	0	1775516912043
3647	0	2058	6709	0	0	0	0	1775516913478
3691	2258	2012	6635	0	0	0	0	1775516914543
3737	2262	2012	6524	0	0	0	0	1775516915832
3756	2222	1875	6418	0	0	0	0	1775516917208
3745	2029	1985	6265	0	0	0	0	1775516918543
3711	1985	2100	6442	0	0	0	0	1775516919782
3674	1989	2164	6755	0	0	0	0	1775516921156
3743	1992	2169	6938	0	0	0	0	1775516922390
3803	1921	2198	6991	0	0	0	0	1775516923623
3831	1898	2207	0	0	0	0	0	1775516924781
3801	1900	2220	7002	0	0	0	0	1775516926067
3775	1902	2261	6878	0	0	0	0	1775516927300
3736	1761	0	6674	0	0	0	0	1775516928630
3697	1842	2319	0	0	0	0	0	1775516929792
3730	1943	2382	6538	0	0	0	0	1775516931043
3735	1980	2421	6636	0	0	0	0	1775516932318
3708	2003	2408	6641	0	0	0	0	1775516933681
3683	2012	2321	6575	0	0	0	0	1775516935083
3683	2015	2220	6437	0	0	0	0	1775516936470
3721	2060	2187	0	0	0	0	0	1775516937988
3683	2102	2122	6392	0	0	0	0	1775516939006
3653	2140	2115	6516	0	0	0	0	1775516940102
3629	2219	2114	6676	0	0	0	0	1775516941469
3622	0	2050	6717	0	0	0	0	1775516942999
3659	2255	2017	6679	0	0	0	0	1775516943994
3713	2270	1967	6582	0	0	0	0	1775516945168
3736	2230	1853	6497	0	0	0	0	1775516946857
3737	2073	0	6245	0	0	0	0	1775516948230
3693	1985	2090	0	0	0	0	0	1775516949457
3660	1987	2151	6458	0	0	0	0	1775516950750
3697	1992	2149	6763	0	0	0	0	1775516951981
3775	1923	2173	6931	0	0	0	0	1775516953210
3810	1898	0	6987	0	0	0	0	1775516954267
3790	1901	2192	6930	0	0	0	0	1775516955359
3766	1909	2207	6869	0	0	0	0	1775516956597
3723	1735	2249	6723	0	0	0	0	1775516957979
3664	0	2311	6643	0	0	0	0	1775516959281
3707	1801	2370	6597	0	0	0	0	1775516960522
3721	1917	2398	6650	0	0	0	0	1775516961758
3702	1995	0	6638	0	0	0	0	1775516963176
3659	2003	2410	6561	0	0	0	0	1775516964786
3631	2009	2200	0	0	0	0	0	1775516966039
3675	2056	2192	6366	0	0	0	0	1775516967338
3675	2093	0	6270	0	0	0	0	1775516968499
3654	2127	2128	6479	0	0	0	0	1775516969532
3627	0	2112	6635	0	0	0	0	1775516971057
3592	2200	2055	6690	0	0	0	0	1775516972294
3634	2250	0	6636	0	0	0	0	1775516973516
3681	2266	2019	6545	0	0	0	0	1775516974608
3715	2226	1978	6452	0	0	0	0	1775516976148
3722	2038	1900	6283	0	0	0	0	1775516977508
3689	1995	1988	6206	0	0	0	0	1775516978757
3648	1978	2096	6446	0	0	0	0	1775516980037
3652	1990	2161	6745	0	0	0	0	1775516981308
3738	1929	2128	6903	0	0	0	0	1775516982493
3781	1889	2153	6945	0	0	0	0	1775516983756
3781	0	2178	6868	0	0	0	0	1775516984778
3765	1894	2187	6795	0	0	0	0	1775516985875
3724	1908	2220	6723	0	0	0	0	1775516987143
3696	1778	2286	6641	0	0	0	0	1775516988408
3650	1812	2351	6567	0	0	0	0	1775516989796
3703	1915	0	6595	0	0	0	0	1775516991331
3700	1988	2382	0	0	0	0	0	1775516992774
3665	2001	2402	6590	0	0	0	0	1775516993998
3617	2007	2337	6503	0	0	0	0	1775516995292
3637	2046	2222	6344	0	0	0	0	1775516996556
3664	2090	2166	6244	0	0	0	0	1775516997954
3652	2125	2132	0	0	0	0	0	1775516999086
3624	0	2095	6585	0	0	0	0	1775517000519
3586	2200	2100	6646	0	0	0	0	1775517001779
3587	2254	2042	6628	0	0	0	0	1775517002976
3658	2259	2031	0	0	0	0	0	1775517004098
3698	0	2003	6380	0	0	0	0	1775517005486
3704	2247	1850	6283	0	0	0	0	1775517006799
3694	2047	1949	6252	0	0	0	0	1775517008024
3652	1996	2066	6488	0	0	0	0	1775517009459
3625	1968	2146	6761	0	0	0	0	1775517010757
3703	1987	2117	6893	0	0	0	0	1775517012021
3756	1950	2137	6935	0	0	0	0	1775517013266
3778	1896	2159	0	0	0	0	0	1775517014273
3748	1896	2165	6865	0	0	0	0	1775517015292
3715	1907	2193	6775	0	0	0	0	1775517016285
3691	1804	2236	6684	0	0	0	0	1775517017514
3652	1812	2318	6572	0	0	0	0	1775517019184
3686	1921	0	6486	0	0	0	0	1775517020627
3687	1967	2353	6522	0	0	0	0	1775517021917
3664	1985	2389	6555	0	0	0	0	1775517023145
3618	2002	2352	6453	0	0	0	0	1775517024480
3621	2040	2225	0	0	0	0	0	1775517026117
3649	2088	2136	6303	0	0	0	0	1775517027376
3645	0	2137	6211	0	0	0	0	1775517028575
3604	2109	2096	6428	0	0	0	0	1775517029529
3578	2182	2098	6562	0	0	0	0	1775517030550
3562	2242	2045	6604	0	0	0	0	1775517031952
3621	0	2043	6542	0	0	0	0	1775517033524
3667	2260	1990	6432	0	0	0	0	1775517034717
3686	2242	1865	6333	0	0	0	0	1775517035948
3673	2101	1929	6296	0	0	0	0	1775517037210
3647	2000	2054	6237	0	0	0	0	1775517038448
3608	1959	2140	6445	0	0	0	0	1775517039733
3658	1979	2142	6727	0	0	0	0	1775517040860
3727	1954	2131	6855	0	0	0	0	1775517042094
3758	1895	2147	6885	0	0	0	0	1775517043322
3765	1890	2150	6851	0	0	0	0	1775517044579
3709	1902	0	6733	0	0	0	0	1775517045776
3679	1832	2157	6644	0	0	0	0	1775517046843
3648	1717	2213	6473	0	0	0	0	1775517048291
3651	1870	2298	6445	0	0	0	0	1775517049565
3676	1939	2340	6512	0	0	0	0	1775517051075
3643	1971	2386	0	0	0	0	0	1775517052551
3625	1993	2370	6534	0	0	0	0	1775517053819
3582	2003	2246	6384	0	0	0	0	1775517055025
3624	2031	2142	6279	0	0	0	0	1775517056152
3640	2086	2142	6287	0	0	0	0	1775517057654
3638	2108	2099	6498	0	0	0	0	1775517058923
3574	2177	2099	0	0	0	0	0	1775517060020
3547	0	2050	6606	0	0	0	0	1775517061447
3559	2235	2049	6539	0	0	0	0	1775517062681
3591	2255	2002	6428	0	0	0	0	1775517063937
3642	2263	1874	6332	0	0	0	0	1775517065185
3671	2124	0	6257	0	0	0	0	1775517066608
3635	1995	1903	6163	0	0	0	0	1775517067890
3610	1964	2037	6407	0	0	0	0	1775517069121
3641	1982	2124	6698	0	0	0	0	1775517070383
3715	1964	2131	6821	0	0	0	0	1775517071615
3749	1895	2118	6868	0	0	0	0	1775517072918
3758	1888	2140	6806	0	0	0	0	1775517074136
3706	1901	2152	0	0	0	0	0	1775517075261
3674	1839	2152	6697	0	0	0	0	1775517076428
3642	0	2208	6446	0	0	0	0	1775517077861
3618	1721	2279	6421	0	0	0	0	1775517079193
3646	1930	2328	0	0	0	0	0	1775517080450
3661	1958	2359	6478	0	0	0	0	1775517081717
3606	1987	0	6513	0	0	0	0	1775517083206
3592	2000	2375	6383	0	0	0	0	1775517084482
3611	2021	2144	0	0	0	0	0	1775517085813
3628	2075	2149	6237	0	0	0	0	1775517087042
3613	2093	2104	6173	0	0	0	0	1775517088272
3565	2159	0	6425	0	0	0	0	1775517089502
3538	0	2033	6536	0	0	0	0	1775517090783
3538	2235	2041	6576	0	0	0	0	1775517092063
3568	2247	1990	6518	0	0	0	0	1775517093289
3620	2259	1862	6410	0	0	0	0	1775517094770
3661	2146	0	6321	0	0	0	0	1775517096053
3631	2000	1886	6230	0	0	0	0	1775517097284
3599	1955	2018	6135	0	0	0	0	1775517098526
3574	1974	2109	6413	0	0	0	0	1775517099757
3672	1976	2124	6672	0	0	0	0	1775517101002
3721	1900	2111	6804	0	0	0	0	1775517102299
3731	1878	2132	6840	0	0	0	0	1775517103526
3705	0	2142	6780	0	0	0	0	1775517104766
3661	1892	2129	6626	0	0	0	0	1775517105787
3637	1851	2177	6556	0	0	0	0	1775517106806
3599	1734	2268	6442	0	0	0	0	1775517107938
3622	1858	2317	6408	0	0	0	0	1775517109575
3641	1933	2354	6461	0	0	0	0	1775517111256
3642	1991	0	6465	0	0	0	0	1775517112543
3561	2001	2366	0	0	0	0	0	1775517113905
3572	2012	2271	6344	0	0	0	0	1775517115062
3597	2073	2136	6235	0	0	0	0	1775517116290
3599	2091	2135	6192	0	0	0	0	1775517117563
3588	2147	2094	6383	0	0	0	0	1775517118998
3527	0	2093	6506	0	0	0	0	1775517120024
3515	2217	2007	6538	0	0	0	0	1775517121040
3539	2247	2023	6489	0	0	0	0	1775517122370
3579	2261	2003	6387	0	0	0	0	1775517124010
3640	0	1846	6283	0	0	0	0	1775517125475
3625	2153	1856	6218	0	0	0	0	1775517126727
3594	1996	1994	6231	0	0	0	0	1775517128001
3553	1972	2087	6423	0	0	0	0	1775517129235
3624	1980	2112	6674	0	0	0	0	1775517130287
3682	1984	2100	6779	0	0	0	0	1775517131323
3707	1913	2123	6812	0	0	0	0	1775517132609
3710	1892	2139	6731	0	0	0	0	1775517133838
3698	1897	2119	6623	0	0	0	0	1775517135100
3627	1894	2162	0	0	0	0	0	1775517136298
3605	1680	0	6435	0	0	0	0	1775517137562
3598	1811	2251	6374	0	0	0	0	1775517138889
3628	1906	2311	6430	0	0	0	0	1775517140526
3604	1944	2335	0	0	0	0	0	1775517142065
3562	1975	2355	6432	0	0	0	0	1775517143316
3564	1994	2266	6310	0	0	0	0	1775517144492
3593	2003	2124	6225	0	0	0	0	1775517145515
3595	2057	2128	6189	0	0	0	0	1775517147056
3579	2085	2105	6431	0	0	0	0	1775517148317
3516	2124	2104	0	0	0	0	0	1775517149510
3499	2208	2013	6528	0	0	0	0	1775517150530
3511	2239	2026	6543	0	0	0	0	1775517151861
3550	0	2012	6399	0	0	0	0	1775517153326
3600	2254	1893	6274	0	0	0	0	1775517154564
3623	2221	1819	6181	0	0	0	0	1775517155855
3625	2028	1967	6178	0	0	0	0	1775517157100
3587	1984	2061	6423	0	0	0	0	1775517158623
3589	1977	2102	0	0	0	0	0	1775517159779
3658	1983	2104	6658	0	0	0	0	1775517160772
3689	1914	2119	6755	0	0	0	0	1775517162000
3696	1894	2132	6781	0	0	0	0	1775517163259
3685	1897	2115	6739	0	0	0	0	1775517164492
3653	1905	2154	6618	0	0	0	0	1775517165787
3592	1698	0	6519	0	0	0	0	1775517166812
3572	1812	2246	6394	0	0	0	0	1775517168083
3609	1899	2300	6382	0	0	0	0	1775517169280
3614	1938	2328	6424	0	0	0	0	1775517170538
3594	1973	2351	6398	0	0	0	0	1775517172276
3562	1992	2280	6290	0	0	0	0	1775517173709
3566	2001	2117	0	0	0	0	0	1775517175035
3583	2060	2108	6178	0	0	0	0	1775517176086
3574	2091	2101	6074	0	0	0	0	1775517177315
3545	2134	2090	6326	0	0	0	0	1775517178594
3508	2209	1985	6454	0	0	0	0	1775517179855
3498	0	2007	6481	0	0	0	0	1775517181077
3530	2253	2013	6442	0	0	0	0	1775517182311
3574	2260	1903	6373	0	0	0	0	1775517183708
3608	2221	1838	6240	0	0	0	0	1775517185302
3611	2029	1969	6114	0	0	0	0	1775517186625
3589	1966	2054	6148	0	0	0	0	1775517187863
3552	1968	2102	6426	0	0	0	0	1775517189173
3623	1986	0	6656	0	0	0	0	1775517190298
3667	1914	2104	6754	0	0	0	0	1775517191286
3683	1886	2115	6758	0	0	0	0	1775517192415
3683	1892	2134	6730	0	0	0	0	1775517193653
3638	1902	2104	6576	0	0	0	0	1775517194906
3623	1745	2136	6492	0	0	0	0	1775517196306
3567	0	2213	6376	0	0	0	0	1775517197326
3591	1815	2285	6369	0	0	0	0	1775517198671
3606	1950	2327	0	0	0	0	0	1775517200153
3581	1982	2349	6416	0	0	0	0	1775517201734
3557	1996	2303	6357	0	0	0	0	1775517203165
3527	2005	2132	6283	0	0	0	0	1775517204398
3561	2050	0	6082	0	0	0	0	1775517205535
3563	2089	2107	6123	0	0	0	0	1775517206883
3532	2116	2108	6329	0	0	0	0	1775517208137
3511	2190	2094	6438	0	0	0	0	1775517209411
3472	0	2005	6461	0	0	0	0	1775517210639
3498	2247	2014	6425	0	0	0	0	1775517211907
3542	2255	2014	6298	0	0	0	0	1775517213130
3585	2232	1902	6190	0	0	0	0	1775517214427
3596	2026	1776	6095	0	0	0	0	1775517215718
3567	1967	1906	6079	0	0	0	0	1775517217019
3544	1963	2015	6364	0	0	0	0	1775517218362
3516	1983	2077	6602	0	0	0	0	1775517219651
3657	1920	2089	0	0	0	0	0	1775517220791
3675	1895	2097	6697	0	0	0	0	1775517221940
3670	1879	2118	6702	0	0	0	0	1775517223229
3630	1890	2108	6638	0	0	0	0	1775517224467
3618	1804	2134	6552	0	0	0	0	1775517225746
3560	0	2207	6455	0	0	0	0	1775517226851
3567	1809	2279	6375	0	0	0	0	1775517228048
3586	1910	2324	6359	0	0	0	0	1775517229688
3583	1967	0	6378	0	0	0	0	1775517230945
3548	1991	2338	6331	0	0	0	0	1775517232206
3515	2001	2296	6227	0	0	0	0	1775517233476
3553	2037	2126	0	0	0	0	0	1775517235047
3552	2086	2107	6064	0	0	0	0	1775517236036
3516	2110	2100	6104	0	0	0	0	1775517237257
3496	2179	2099	6320	0	0	0	0	1775517238835
3446	0	2005	6406	0	0	0	0	1775517240031
3470	2231	2002	6418	0	0	0	0	1775517241054
3508	2253	2016	6339	0	0	0	0	1775517242181
3557	2253	1940	6230	0	0	0	0	1775517243818
3577	2060	1781	6152	0	0	0	0	1775517245286
3570	1990	1865	6090	0	0	0	0	1775517246580
3533	1954	1990	6092	0	0	0	0	1775517247815
3508	1977	2063	6361	0	0	0	0	1775517249075
3633	0	2082	6586	0	0	0	0	1775517250271
3657	1922	2090	6668	0	0	0	0	1775517251290
3657	1892	2109	6682	0	0	0	0	1775517252294
3642	1864	2106	6609	0	0	0	0	1775517253378
3607	1886	2128	6549	0	0	0	0	1775517254626
3571	1819	2184	6441	0	0	0	0	1775517256001
3518	1754	0	6318	0	0	0	0	1775517257334
3554	1880	2271	6315	0	0	0	0	1775517258566
3562	1929	2319	6328	0	0	0	0	1775517260028
3543	1955	2319	6298	0	0	0	0	1775517261692
3505	1997	2321	0	0	0	0	0	1775517263126
3474	2023	2151	6198	0	0	0	0	1775517264398
3520	0	2111	6103	0	0	0	0	1775517265534
3515	2076	2100	6121	0	0	0	0	1775517266554
3491	2094	2095	6321	0	0	0	0	1775517267780
3474	2167	2006	6412	0	0	0	0	1775517269038
3438	2237	1998	6393	0	0	0	0	1775517270293
3481	0	2012	6298	0	0	0	0	1775517271568
3531	2256	1955	6198	0	0	0	0	1775517272802
3556	2238	1800	6151	0	0	0	0	1775517274060
3563	2109	1861	6000	0	0	0	0	1775517275560
3536	1985	1977	6058	0	0	0	0	1775517276790
3490	1955	2053	6377	0	0	0	0	1775517278056
3514	1974	2080	6559	0	0	0	0	1775517279341
3590	1946	2088	6668	0	0	0	0	1775517280578
3634	1895	2102	0	0	0	0	0	1775517281807
3630	1888	2094	6670	0	0	0	0	1775517283066
3605	1900	2113	6566	0	0	0	0	1775517284296
3564	1829	0	6391	0	0	0	0	1775517285595
3510	1731	2164	0	0	0	0	0	1775517286823
3537	1854	2256	6303	0	0	0	0	1775517287956
3548	1908	2305	6294	0	0	0	0	1775517289218
3540	1937	2317	6318	0	0	0	0	1775517290548
3509	1973	2300	6315	0	0	0	0	1775517292111
3470	1990	2147	6148	0	0	0	0	1775517293383
3496	2011	2105	5996	0	0	0	0	1775517294947
3513	2068	2102	0	0	0	0	0	1775517296001
3490	2086	2093	6079	0	0	0	0	1775517297168
3464	2158	2029	6271	0	0	0	0	1775517298408
3430	2220	1981	6354	0	0	0	0	1775517299833
3459	0	2002	6362	0	0	0	0	1775517301059
3500	2239	1960	6291	0	0	0	0	1775517302141
3540	2248	1797	6209	0	0	0	0	1775517303751
3548	2103	0	6041	0	0	0	0	1775517305259
3533	1972	1948	0	0	0	0	0	1775517306523
3498	1942	2026	6134	0	0	0	0	1775517307777
3488	1960	2063	6427	0	0	0	0	1775517309053
3614	1960	0	6573	0	0	0	0	1775517310235
3628	1893	2074	6648	0	0	0	0	1775517311260
3626	1868	2087	6648	0	0	0	0	1775517312248
3604	1886	2089	6527	0	0	0	0	1775517313452
3564	1863	2111	6402	0	0	0	0	1775517314683
3546	1712	2157	6306	0	0	0	0	1775517316217
3516	0	2244	6236	0	0	0	0	1775517317345
3541	1831	2305	6267	0	0	0	0	1775517318608
3529	1929	0	6302	0	0	0	0	1775517320015
3504	1970	2306	6215	0	0	0	0	1775517321686
3474	1988	2131	0	0	0	0	0	1775517323114
3476	2008	2105	6105	0	0	0	0	1775517324387
3504	2063	0	5981	0	0	0	0	1775517325470
3489	2089	2086	6098	0	0	0	0	1775517326490
3460	2154	2089	6282	0	0	0	0	1775517327733
3424	0	1970	6335	0	0	0	0	1775517329360
3430	2226	0	6343	0	0	0	0	1775517330486
3475	2242	1993	6271	0	0	0	0	1775517331505
3515	2254	1972	6150	0	0	0	0	1775517332735
3532	2133	1808	6079	0	0	0	0	1775517334353
3525	1989	1828	5941	0	0	0	0	1775517335671
3501	1930	1940	6009	0	0	0	0	1775517336901
3456	1958	2015	6338	0	0	0	0	1775517338134
3525	1958	2055	6518	0	0	0	0	1775517339386
3583	1897	2072	6608	0	0	0	0	1775517340624
3614	0	2081	6614	0	0	0	0	1775517341723
3595	1862	2083	6490	0	0	0	0	1775517342899
3558	1884	2105	6396	0	0	0	0	1775517344168
3543	1861	2143	6276	0	0	0	0	1775517345429
3497	1695	2237	6209	0	0	0	0	1775517346658
3524	1827	0	6222	0	0	0	0	1775517348096
3526	1924	2292	0	0	0	0	0	1775517349704
3496	1967	2309	6267	0	0	0	0	1775517350937
3471	1989	2291	6222	0	0	0	0	1775517352192
3458	2004	2098	6040	0	0	0	0	1775517353419
3488	2055	2099	5981	0	0	0	0	1775517354776
3479	2081	2072	0	0	0	0	0	1775517355986
3448	2150	2081	6082	0	0	0	0	1775517357471
3425	0	2019	6330	0	0	0	0	1775517358713
3405	2204	1963	6340	0	0	0	0	1775517359971
3448	2236	1983	0	0	0	0	0	1775517360992
3497	2255	1947	6247	0	0	0	0	1775517362456
3521	0	1815	6059	0	0	0	0	1775517363740
3519	2133	1818	5929	0	0	0	0	1775517364996
3488	1969	1925	6029	0	0	0	0	1775517366394
3464	1925	2007	6342	0	0	0	0	1775517367760
3492	1948	2049	6517	0	0	0	0	1775517369001
3565	1959	2070	6582	0	0	0	0	1775517370221
3602	1894	2072	0	0	0	0	0	1775517371252
3581	1862	2079	6571	0	0	0	0	1775517372258
3553	1881	2102	6490	0	0	0	0	1775517373391
3526	1869	2149	6360	0	0	0	0	1775517374676
3476	1708	0	6254	0	0	0	0	1775517376259
3498	1829	2223	6158	0	0	0	0	1775517377457
3510	1893	2293	6209	0	0	0	0	1775517378714
3494	1923	2305	6245	0	0	0	0	1775517379951
3458	1962	2259	6195	0	0	0	0	1775517381342
3433	1988	2091	6034	0	0	0	0	1775517383090
3463	2055	2092	0	0	0	0	0	1775517385450
3471	0	2068	5956	0	0	0	0	1775517385797
3441	2077	2072	6074	0	0	0	0	1775517386506
3425	2130	2025	6234	0	0	0	0	1775517387486
3400	2202	1964	6297	0	0	0	0	1775517388726
3400	2229	1984	6300	0	0	0	0	1775517390339
3468	0	1955	6213	0	0	0	0	1775517391523
3498	2247	1825	6139	0	0	0	0	1775517392799
3509	2151	1740	5994	0	0	0	0	1775517394359
3480	1979	1890	5911	0	0	0	0	1775517395582
3450	1932	1984	6066	0	0	0	0	1775517396832
3437	1953	2037	6324	0	0	0	0	1775517398131
3530	1963	2063	6498	0	0	0	0	1775517399320
3575	1894	2069	6538	0	0	0	0	1775517400595
3578	1870	0	6554	0	0	0	0	1775517401750
3544	1879	2076	6464	0	0	0	0	1775517402771
3534	1880	2098	6335	0	0	0	0	1775517403903
3490	1694	2140	6263	0	0	0	0	1775517405127
3465	1802	2207	6122	0	0	0	0	1775517406462
3490	1873	2281	6198	0	0	0	0	1775517407963
3491	1914	2308	0	0	0	0	0	1775517409431
3449	1957	2237	6220	0	0	0	0	1775517410864
3413	1982	2087	6137	0	0	0	0	1775517412172
3433	1992	2083	5982	0	0	0	0	1775517413398
3452	2041	2084	5969	0	0	0	0	1775517414661
3453	2068	2064	6075	0	0	0	0	1775517415990
3419	2115	2031	0	0	0	0	0	1775517417182
