2606	1879	3309	2518	0	0	0	0	1780333274140
2621	1920	3202	0	0	0	0	0	1780333275497
2596	1963	3167	2485	0	0	0	0	1780333276535
2606	2017	3117	2608	0	0	0	0	1780333277810
2625	2054	3066	2690	0	0	0	0	1780333279468
2685	0	3019	2703	0	0	0	0	1780333281380
2721	2075	2966	2698	0	0	0	0	1780333281757
2682	2051	2913	2699	0	0	0	0	1780333282769
2640	1935	2920	2575	0	0	0	0	1780333284262
2602	1817	3067	2602	0	0	0	0	1780333285511
2577	1806	3182	2627	0	0	0	0	1780333286769
2522	1750	3217	2759	0	0	0	0	1780333288037
2620	1741	3204	2815	0	0	0	0	1780333289281
2674	1693	3192	2848	0	0	0	0	1780333290520
2693	1692	0	2852	0	0	0	0	1780333291758
2651	1704	3087	2843	0	0	0	0	1780333293019
2625	1679	3106	2789	0	0	0	0	1780333294300
2593	1572	3110	2702	0	0	0	0	1780333295748
2611	0	3246	2720	0	0	0	0	1780333296977
2631	1665	3338	2629	0	0	0	0	1780333298107
2616	1711	3366	2605	0	0	0	0	1780333299365
2579	1757	0	2545	0	0	0	0	1780333300756
2539	1799	3368	2530	0	0	0	0	1780333302096
2539	1827	3290	0	0	0	0	0	1780333303497
2581	1866	3203	2533	0	0	0	0	1780333304649
2592	1906	3146	2536	0	0	0	0	1780333305867
2592	0	3098	2648	0	0	0	0	1780333307153
2607	1974	3066	2717	0	0	0	0	1780333308367
2637	2037	2996	2725	0	0	0	0	1780333309674
2667	2050	2970	2701	0	0	0	0	1780333310869
2712	0	2887	2699	0	0	0	0	1780333312221
2643	2021	2853	2606	0	0	0	0	1780333313863
2597	1813	0	2622	0	0	0	0	1780333315156
2570	1805	3002	2643	0	0	0	0	1780333316406
2520	1738	3133	2754	0	0	0	0	1780333317670
2571	1750	3184	2842	0	0	0	0	1780333318926
2644	1694	3181	2887	0	0	0	0	1780333320195
2684	0	3183	2856	0	0	0	0	1780333321316
2662	1691	3055	2852	0	0	0	0	1780333322337
2622	1698	3077	2821	0	0	0	0	1780333323326
2596	1672	3093	2730	0	0	0	0	1780333324310
2587	1559	3188	2738	0	0	0	0	1780333325532
2597	1642	3311	2641	0	0	0	0	1780333327087
2626	1704	3349	2628	0	0	0	0	1780333328756
2584	1724	0	2565	0	0	0	0	1780333330033
2546	1795	3282	0	0	0	0	0	1780333331622
2515	1823	3292	2564	0	0	0	0	1780333332916
2569	1856	3252	2529	0	0	0	0	1780333334146
2581	1896	3181	2475	0	0	0	0	1780333335383
2583	0	3135	2597	0	0	0	0	1780333336533
2592	1962	3092	2681	0	0	0	0	1780333337531
2618	2026	3055	2708	0	0	0	0	1780333338734
2644	2030	2950	2701	0	0	0	0	1780333340222
2701	0	2955	2700	0	0	0	0	1780333341627
2652	2012	2844	2620	0	0	0	0	1780333342918
2604	2003	2796	2627	0	0	0	0	1780333344162
2566	1831	2975	2649	0	0	0	0	1780333345381
2524	1811	3122	2746	0	0	0	0	1780333346624
2550	1757	3163	2841	0	0	0	0	1780333347798
2634	1759	3176	2892	0	0	0	0	1780333348899
2673	1709	3141	2867	0	0	0	0	1780333351132
2683	1686	3056	2862	0	0	0	0	1780333351563
2660	1688	3069	2819	0	0	0	0	1780333352646
2592	1664	3073	0	0	0	0	0	1780333353802
2576	1528	3150	2738	0	0	0	0	1780333355017
2584	1620	0	2661	0	0	0	0	1780333356404
2607	1692	3278	2621	0	0	0	0	1780333358045
2588	1718	3321	0	0	0	0	0	1780333359475
2549	1734	3254	2583	0	0	0	0	1780333360767
2515	1783	3247	2558	0	0	0	0	1780333361986
2547	1820	3254	2539	0	0	0	0	1780333363058
2569	1848	3169	2502	0	0	0	0	1780333364648
2571	1882	3139	2607	0	0	0	0	1780333365929
2579	1958	3065	0	0	0	0	0	1780333367043
2601	2027	3054	2691	0	0	0	0	1780333368253
2630	0	2939	2724	0	0	0	0	1780333369675
2661	2031	2937	2719	0	0	0	0	1780333370937
2697	2026	2815	2647	0	0	0	0	1780333372218
2665	1990	2778	2642	0	0	0	0	1780333373445
2617	1819	2923	2659	0	0	0	0	1780333374734
2529	1813	3076	0	0	0	0	0	1780333376023
2510	1749	3129	2751	0	0	0	0	1780333377246
2609	1746	3153	2840	0	0	0	0	1780333378367
2655	1707	3108	2901	0	0	0	0	1780333379592
2673	1678	3060	2888	0	0	0	0	1780333380831
2648	1678	3047	2854	0	0	0	0	1780333382082
2587	1662	0	2832	0	0	0	0	1780333383274
2567	1572	3057	2748	0	0	0	0	1780333384617
2578	1624	3125	2744	0	0	0	0	1780333385949
2603	1695	3267	2718	0	0	0	0	1780333387225
2616	1721	3320	2649	0	0	0	0	1780333388486
2597	1740	3259	2597	0	0	0	0	1780333389719
2557	1766	3229	2605	0	0	0	0	1780333391182
2528	1805	3216	0	0	0	0	0	1780333392545
2558	1833	3158	2546	0	0	0	0	1780333393730
2569	1855	3145	2521	0	0	0	0	1780333394955
2560	1928	3052	2611	0	0	0	0	1780333396185
2588	0	3029	2707	0	0	0	0	1780333397541
2617	2002	2908	2756	0	0	0	0	1780333398695
2650	1990	2895	2770	0	0	0	0	1780333399973
2680	1985	2827	2770	0	0	0	0	1780333401226
2678	1995	2768	2668	0	0	0	0	1780333402894
2579	1830	0	2662	0	0	0	0	1780333404223
2539	1815	2889	2655	0	0	0	0	1780333405498
2497	1737	3050	2746	0	0	0	0	1780333406728
2577	1738	3111	2845	0	0	0	0	1780333407982
2642	1689	3145	2910	0	0	0	0	1780333409193
2662	1672	3085	2892	0	0	0	0	1780333410407
2650	1675	3061	2879	0	0	0	0	1780333411648
2599	0	3038	2822	0	0	0	0	1780333412764
2557	1641	3046	2776	0	0	0	0	1780333413793
2559	1573	3101	2731	0	0	0	0	1780333414772
2581	1608	3231	2691	0	0	0	0	1780333416029
2597	1684	3291	2656	0	0	0	0	1780333417709
2591	1713	3255	2598	0	0	0	0	1780333421182
2518	1753	0	0	0	0	0	0	1780333421722
2486	1798	3206	2594	0	0	0	0	1780333422146
2535	1826	3155	2541	0	0	0	0	1780333423271
2552	1850	3085	2477	0	0	0	0	1780333424466
2555	1920	3088	2612	0	0	0	0	1780333425862
2568	0	2972	2701	0	0	0	0	1780333427031
2591	1993	2979	2749	0	0	0	0	1780333428044
2626	1996	2868	2754	0	0	0	0	1780333429246
2655	1970	2852	2747	0	0	0	0	1780333430849
2628	0	2824	2653	0	0	0	0	1780333432538
2585	1976	2793	2653	0	0	0	0	1780333433703
2536	1843	2870	2657	0	0	0	0	1780333435028
2498	1811	3016	2746	0	0	0	0	1780333436165
2531	1738	3084	2833	0	0	0	0	1780333437337
2611	1745	3129	2901	0	0	0	0	1780333438309
2639	1699	3064	2891	0	0	0	0	1780333439413
2644	1672	3051	2873	0	0	0	0	1780333440676
2620	1677	3025	2839	0	0	0	0	1780333441907
2599	1617	3012	2778	0	0	0	0	1780333443173
2548	1609	3071	0	0	0	0	0	1780333444310
2562	1630	0	2711	0	0	0	0	1780333445658
2586	1704	3202	2655	0	0	0	0	1780333447296
2581	1726	3247	2588	0	0	0	0	1780333448971
2506	1736	3248	0	0	0	0	0	1780333450267
2468	1754	3217	2588	0	0	0	0	1780333451535
2521	1792	3140	2555	0	0	0	0	1780333452523
2549	1823	3098	2470	0	0	0	0	1780333455115
2553	1847	3075	2614	0	0	0	0	1780333455526
2539	1901	2964	2712	0	0	0	0	1780333456479
2582	1988	2967	0	0	0	0	0	1780333457528
2613	2022	2857	2760	0	0	0	0	1780333458739
2647	0	2816	2767	0	0	0	0	1780333460290
2671	1970	2817	2699	0	0	0	0	1780333461512
2628	1987	2773	2666	0	0	0	0	1780333462749
2592	1891	2848	2661	0	0	0	0	1780333463991
2551	1820	2988	2759	0	0	0	0	1780333465514
2507	1754	3065	2842	0	0	0	0	1780333466737
2601	1761	3111	0	0	0	0	0	1780333467780
2637	1715	3057	2901	0	0	0	0	1780333468781
2643	1676	3033	2906	0	0	0	0	1780333469921
2630	1677	3019	2865	0	0	0	0	1780333471194
2597	1668	2987	2830	0	0	0	0	1780333472426
2562	1613	3035	2776	0	0	0	0	1780333473678
2546	1615	0	2738	0	0	0	0	1780333475022
2577	1688	3181	2689	0	0	0	0	1780333476283
2580	1716	3219	2643	0	0	0	0	1780333477517
2544	1732	3231	2600	0	0	0	0	1780333478767
2520	1765	3213	2603	0	0	0	0	1780333480367
2477	1807	3180	2557	0	0	0	0	1780333481992
2535	1832	3063	0	0	0	0	0	1780333483117
2541	1842	3046	2519	0	0	0	0	1780333484058
2532	1892	2959	2610	0	0	0	0	1780333485278
2543	1979	2959	2722	0	0	0	0	1780333486758
2602	0	2871	2782	0	0	0	0	1780333488063
2641	2023	2850	2788	0	0	0	0	1780333489116
2674	1972	2818	2775	0	0	0	0	1780333490449
2635	1984	2786	2706	0	0	0	0	1780333491956
2600	1907	2827	2689	0	0	0	0	1780333493693
2562	1817	2976	2677	0	0	0	0	1780333494841
2524	1763	3066	2744	0	0	0	0	1780333495952
2502	1777	3118	2853	0	0	0	0	1780333497377
2634	1684	0	2922	0	0	0	0	1780333498298
2643	1677	3073	2922	0	0	0	0	1780333499505
2638	1677	3042	2903	0	0	0	0	1780333500751
2602	1653	3019	2831	0	0	0	0	1780333501986
2535	0	3007	2810	0	0	0	0	1780333503510
2539	1588	3041	2760	0	0	0	0	1780333504374
2562	1602	3185	2734	0	0	0	0	1780333505395
2579	1674	3226	2659	0	0	0	0	1780333506773
2555	1710	3242	2627	0	0	0	0	1780333508441
2514	1741	3211	0	0	0	0	0	1780333510006
2475	1776	3155	2589	0	0	0	0	1780333511277
2487	1789	3052	2565	0	0	0	0	1780333512565
2537	1818	0	2548	0	0	0	0	1780333513621
2517	1867	3052	2648	0	0	0	0	1780333514858
2526	0	2948	2738	0	0	0	0	1780333516254
2546	1952	2872	2789	0	0	0	0	1780333517584
2602	1963	0	2778	0	0	0	0	1780333518559
2639	1956	2833	2770	0	0	0	0	1780333519885
2632	1916	2809	2725	0	0	0	0	1780333521509
2576	1873	2780	2682	0	0	0	0	1780333523005
2546	1797	2815	2681	0	0	0	0	1780333524205
2513	1728	2950	2732	0	0	0	0	1780333525520
2471	1707	3045	2834	0	0	0	0	1780333526695
2597	0	3087	2903	0	0	0	0	1780333527820
2621	1673	3065	2914	0	0	0	0	1780333528845
2625	1671	3029	2882	0	0	0	0	1780333529806
2590	1660	2994	2840	0	0	0	0	1780333531049
2560	1627	2978	2814	0	0	0	0	1780333532363
2534	1612	3015	2742	0	0	0	0	1780333533559
2511	1559	3154	2697	0	0	0	0	1780333534822
2560	1639	0	2675	0	0	0	0	1780333536320
2557	1687	3196	2622	0	0	0	0	1780333538004
2516	1722	3208	0	0	0	0	0	1780333539531
2478	1744	3213	2606	0	0	0	0	1780333540824
2459	1750	3140	2558	0	0	0	0	1780333542054
2519	0	3057	2508	0	0	0	0	1780333543080
2504	1781	3037	2592	0	0	0	0	1780333544479
2512	1826	2959	2692	0	0	0	0	1780333545643
2525	1922	2928	2752	0	0	0	0	1780333546832
2579	1942	2860	0	0	0	0	0	1780333548198
2615	0	2828	2759	0	0	0	0	1780333549370
2637	1946	2769	2719	0	0	0	0	1780333550605
2582	1892	2776	2661	0	0	0	0	1780333551838
2540	1876	2771	2658	0	0	0	0	1780333553079
2498	1802	2900	2703	0	0	0	0	1780333554498
2460	1730	2995	2811	0	0	0	0	1780333555728
2489	1715	3040	2886	0	0	0	0	1780333556954
2566	1680	3047	2900	0	0	0	0	1780333558231
2613	1667	3024	0	0	0	0	0	1780333559331
2595	1666	2974	2870	0	0	0	0	1780333560334
2550	1596	2976	2839	0	0	0	0	1780333561610
2529	1608	3005	2790	0	0	0	0	1780333562907
2513	1568	0	2760	0	0	0	0	1780333564330
2542	1645	3130	2696	0	0	0	0	1780333565560
2550	1693	3170	2675	0	0	0	0	1780333566778
2520	1715	3178	2628	0	0	0	0	1780333568131
2481	1726	3192	2586	0	0	0	0	1780333569464
2447	1745	3087	2585	0	0	0	0	1780333570983
2502	1752	3070	0	0	0	0	0	1780333572618
2504	1781	2998	2475	0	0	0	0	1780333574006
2497	1816	2954	2552	0	0	0	0	1780333574566
2512	1919	2901	2658	0	0	0	0	1780333575800
2531	1932	2858	2721	0	0	0	0	1780333577434
2588	0	2834	2738	0	0	0	0	1780333578609
2624	1940	2755	2746	0	0	0	0	1780333579586
2590	1919	2756	2692	0	0	0	0	1780333581021
2548	1885	2757	2624	0	0	0	0	1780333582607
2506	1817	2898	2633	0	0	0	0	1780333583825
2462	1733	2997	2658	0	0	0	0	1780333585061
2437	1713	3026	2772	0	0	0	0	1780333586352
2538	1683	3033	2847	0	0	0	0	1780333587571
2600	1675	0	2888	0	0	0	0	1780333588957
2584	1670	3014	2874	0	0	0	0	1780333589818
2563	1613	2947	2839	0	0	0	0	1780333592026
2520	1619	2959	2814	0	0	0	0	1780333592915
2503	0	2964	2742	0	0	0	0	1780333593813
2530	1568	3093	2692	0	0	0	0	1780333594947
2542	1652	3150	2674	0	0	0	0	1780333596173
2526	1696	3165	2629	0	0	0	0	1780333597607
2481	1727	0	2581	0	0	0	0	1780333598887
2446	1724	3099	0	0	0	0	0	1780333600414
2457	1739	3064	2572	0	0	0	0	1780333601704
2489	1778	2987	2484	0	0	0	0	1780333602946
2488	1815	0	2535	0	0	0	0	1780333604052
2496	1894	2977	2640	0	0	0	0	1780333605389
2513	0	2853	2705	0	0	0	0	1780333606669
2542	1922	2829	2710	0	0	0	0	1780333607938
2602	1936	0	2710	0	0	0	0	1780333609073
2603	1910	2743	2690	0	0	0	0	1780333610381
2556	1876	2744	2608	0	0	0	0	1780333611940
2513	1808	2709	2629	0	0	0	0	1780333613123
2468	1741	2879	2666	0	0	0	0	1780333614404
2430	1727	2973	2785	0	0	0	0	1780333615727
2505	1687	3002	2855	0	0	0	0	1780333616901
2567	1667	3011	2886	0	0	0	0	1780333618203
2587	0	3006	2864	0	0	0	0	1780333619287
2566	1668	2928	2839	0	0	0	0	1780333620334
2521	1608	2937	2808	0	0	0	0	1780333621848
2493	1620	2942	2765	0	0	0	0	1780333622588
2494	1518	3049	2693	0	0	0	0	1780333623839
2516	1624	3132	2693	0	0	0	0	1780333625563
2524	1676	0	2618	0	0	0	0	1780333627219
2488	1716	3148	0	0	0	0	0	1780333628642
2456	1724	3120	2591	0	0	0	0	1780333629672
2436	1732	3105	2578	0	0	0	0	1780333630902
2473	1763	3052	2497	0	0	0	0	1780333632167
2485	1810	2985	2542	0	0	0	0	1780333633498
2479	0	2955	2649	0	0	0	0	1780333634596
2497	1883	2905	2730	0	0	0	0	1780333635855
2520	1930	2819	2737	0	0	0	0	1780333637257
2551	1932	2824	2747	0	0	0	0	1780333638316
2593	0	2736	2692	0	0	0	0	1780333639745
2555	1928	2667	2602	0	0	0	0	1780333641025
2510	1882	2671	2623	0	0	0	0	1780333642202
2470	1813	2859	2641	0	0	0	0	1780333643468
2430	1739	2956	2767	0	0	0	0	1780333644754
2465	1718	2979	2834	0	0	0	0	1780333646098
2542	1695	2955	2880	0	0	0	0	1780333647256
2569	1670	2958	2867	0	0	0	0	1780333648551
2576	1672	2876	2841	0	0	0	0	1780333649781
2525	1622	2892	0	0	0	0	0	1780333650904
2476	1625	2895	2796	0	0	0	0	1780333651902
2477	1545	2985	2747	0	0	0	0	1780333653363
2492	1625	0	2675	0	0	0	0	1780333654901
2511	1672	3082	0	0	0	0	0	1780333656291
2474	1704	3118	2646	0	0	0	0	1780333657528
2435	1717	3109	2547	0	0	0	0	1780333658820
2398	1714	3010	2564	0	0	0	0	1780333660021
2450	1736	3028	2493	0	0	0	0	1780333661522
2475	1747	2987	0	0	0	0	0	1780333663031
2468	1787	2944	2506	0	0	0	0	1780333664087
2481	1852	2900	2627	0	0	0	0	1780333665274
2506	1946	2813	2695	0	0	0	0	1780333666131
2537	1979	2828	2712	0	0	0	0	1780333667802
2599	0	2755	2747	0	0	0	0	1780333669097
2554	1938	2648	2732	0	0	0	0	1780333670329
2520	1887	2651	2643	0	0	0	0	1780333671698
2482	1828	2816	2641	0	0	0	0	1780333672819
2440	1787	2919	2645	0	0	0	0	1780333674114
2448	1734	2955	2785	0	0	0	0	1780333675280
2532	1741	2942	2856	0	0	0	0	1780333676572
2568	1672	2926	2900	0	0	0	0	1780333677809
2576	1673	2838	2851	0	0	0	0	1780333679066
2527	1640	0	2851	0	0	0	0	1780333680259
2492	1653	2852	2804	0	0	0	0	1780333681384
2472	1535	2860	2768	0	0	0	0	1780333682546
2476	1621	2958	2718	0	0	0	0	1780333683850
2501	1679	3056	2680	0	0	0	0	1780333685107
2508	1710	3109	2646	0	0	0	0	1780333686402
2477	1726	3068	2596	0	0	0	0	1780333688029
2404	1739	3002	0	0	0	0	0	1780333689441
2429	1759	3004	2587	0	0	0	0	1780333690740
2461	1768	2989	2508	0	0	0	0	1780333691932
2468	1811	2929	2518	0	0	0	0	1780333693170
2460	1869	2902	2636	0	0	0	0	1780333694427
2487	1944	0	2703	0	0	0	0	1780333698009
2510	0	2790	2716	0	0	0	0	1780333698586
2543	1964	2669	2723	0	0	0	0	1780333699272
2576	1945	2631	2679	0	0	0	0	1780333699903
2506	1883	0	2622	0	0	0	0	1780333700982
2482	1853	2637	2619	0	0	0	0	1780333702257
2448	1776	2808	2642	0	0	0	0	1780333703503
2404	1731	2907	2767	0	0	0	0	1780333704802
2479	1735	2935	2821	0	0	0	0	1780333705762
2531	1672	2939	2868	0	0	0	0	1780333707071
2551	1670	2888	2860	0	0	0	0	1780333708429
2557	1649	2847	2851	0	0	0	0	1780333709649
2531	1655	2854	2808	0	0	0	0	1780333710781
2460	0	2862	2759	0	0	0	0	1780333711806
2468	1581	2943	2706	0	0	0	0	1780333713028
2490	1630	3042	2707	0	0	0	0	1780333714293
2505	1682	3109	2632	0	0	0	0	1780333716138
2482	1727	0	2588	0	0	0	0	1780333717572
2405	1728	3082	0	0	0	0	0	1780333718966
2416	1742	3001	2588	0	0	0	0	1780333720027
2451	1749	2965	2493	0	0	0	0	1780333721054
2466	1787	2957	2485	0	0	0	0	1780333722540
2445	1841	2902	2621	0	0	0	0	1780333723777
2469	0	2899	2687	0	0	0	0	1780333725109
2494	1913	2764	2703	0	0	0	0	1780333726236
2524	1940	2779	2721	0	0	0	0	1780333727471
2560	1943	2681	2702	0	0	0	0	1780333728722
2562	1858	2652	2631	0	0	0	0	1780333730257
2507	1837	2612	2612	0	0	0	0	1780333731650
2466	1754	2742	2637	0	0	0	0	1780333732878
2433	1730	2867	2752	0	0	0	0	1780333734120
2446	0	2912	2822	0	0	0	0	1780333735282
2513	1730	2924	2857	0	0	0	0	1780333736460
2540	1666	2883	2859	0	0	0	0	1780333737710
2547	1668	2830	2846	0	0	0	0	1780333738963
2514	1646	2831	2807	0	0	0	0	1780333740197
2460	1618	2837	0	0	0	0	0	1780333741289
2435	1589	2918	2733	0	0	0	0	1780333742443
2451	1616	0	2663	0	0	0	0	1780333743959
2484	1676	3019	2648	0	0	0	0	1780333745595
2484	1722	3073	0	0	0	0	0	1780333746956
2447	1710	3067	2552	0	0	0	0	1780333748153
2408	1719	3004	2563	0	0	0	0	1780333749379
2429	0	2948	2481	0	0	0	0	1780333750606
2445	1784	2909	0	0	0	0	0	1780333751868
2430	1825	2838	2470	0	0	0	0	1780333753403
2449	0	2838	2614	0	0	0	0	1780333754507
2472	1901	2742	2681	0	0	0	0	1780333755528
2505	1945	2781	2706	0	0	0	0	1780333756548
2544	1946	2738	2715	0	0	0	0	1780333758185
2569	0	2648	2636	0	0	0	0	1780333759730
2525	1880	2647	2607	0	0	0	0	1780333761048
2478	1823	2757	2619	0	0	0	0	1780333762219
2393	1763	2885	0	0	0	0	0	1780333763613
2410	1734	2927	2729	0	0	0	0	1780333764776
2492	1708	2942	2796	0	0	0	0	1780333765868
2535	1663	2900	2843	0	0	0	0	1780333766990
2544	1666	2845	2850	0	0	0	0	1780333768219
2520	1628	2837	2843	0	0	0	0	1780333769449
2485	1630	2844	2799	0	0	0	0	1780333770684
2431	1589	0	2735	0	0	0	0	1780333771804
2443	1592	2928	2705	0	0	0	0	1780333772830
2480	1658	3024	2679	0	0	0	0	1780333774266
2484	1692	3091	2638	0	0	0	0	1780333775392
2453	1711	3099	2582	0	0	0	0	1780333777232
2414	1671	2992	2584	0	0	0	0	1780333778665
2405	1673	2953	0	0	0	0	0	1780333780102
2435	1703	2956	2446	0	0	0	0	1780333781024
2436	1753	2892	2477	0	0	0	0	1780333782251
2424	1798	2874	2591	0	0	0	0	1780333783485
2440	1850	2765	2657	0	0	0	0	1780333784747
2487	0	2758	2678	0	0	0	0	1780333786036
2516	1895	2670	2681	0	0	0	0	1780333787267
2551	1902	2649	2646	0	0	0	0	1780333788598
2521	1871	2616	2611	0	0	0	0	1780333790230
2481	1835	2732	2582	0	0	0	0	1780333791640
2448	1698	2876	2598	0	0	0	0	1780333792898
2405	1701	2934	2728	0	0	0	0	1780333794134
2474	1696	0	2802	0	0	0	0	1780333797407
2522	1664	2947	2859	0	0	0	0	1780333798019
2537	1663	2918	2861	0	0	0	0	1780333798531
2532	1605	2847	2855	0	0	0	0	1780333798981
2501	1570	2841	2813	0	0	0	0	1780333799863
2478	1575	2846	2752	0	0	0	0	1780333800986
2436	0	2915	2706	0	0	0	0	1780333802319
2462	1560	3016	2682	0	0	0	0	1780333803445
2479	1664	3089	0	0	0	0	0	1780333805127
2460	1676	3105	2642	0	0	0	0	1780333806724
2422	1665	2997	2591	0	0	0	0	1780333808241
2385	1668	2965	2567	0	0	0	0	1780333809494
2427	1691	0	2475	0	0	0	0	1780333810612
2436	1737	2951	2467	0	0	0	0	1780333811678
2418	1759	2847	2613	0	0	0	0	1780333812907
2431	1796	2855	2669	0	0	0	0	1780333814197
2473	0	2775	2687	0	0	0	0	1780333815529
2500	1850	2732	2678	0	0	0	0	1780333816656
2533	1877	2682	2656	0	0	0	0	1780333817919
2538	1872	2638	2607	0	0	0	0	1780333819150
2485	1817	2587	2574	0	0	0	0	1780333820545
2445	1693	2718	2609	0	0	0	0	1780333821775
2406	1696	2872	2733	0	0	0	0	1780333823115
2377	1700	2920	2807	0	0	0	0	1780333824413
2440	1663	2941	2841	0	0	0	0	1780333825651
2527	1651	2902	0	0	0	0	0	1780333826832
2516	1609	2845	2848	0	0	0	0	1780333828126
2495	1595	2836	2841	0	0	0	0	1780333829286
2459	1588	2817	2806	0	0	0	0	1780333830565
2425	0	2898	2727	0	0	0	0	1780333831812
2439	1536	3011	2717	0	0	0	0	1780333833143
2461	1641	0	2680	0	0	0	0	1780333834575
2462	1665	3079	2635	0	0	0	0	1780333835809
2427	1663	3089	2593	0	0	0	0	1780333837074
2394	1657	3011	2574	0	0	0	0	1780333838449
2374	1672	2943	2471	0	0	0	0	1780333839801
2420	1713	2920	0	0	0	0	0	1780333841129
2418	1756	2830	2475	0	0	0	0	1780333842086
2419	1792	2831	2604	0	0	0	0	1780333843791
2454	0	2757	2656	0	0	0	0	1780333845058
2481	1845	2713	2681	0	0	0	0	1780333846147
2511	1880	2672	2689	0	0	0	0	1780333847048
2525	1857	2646	2651	0	0	0	0	1780333848608
2484	0	2573	2578	0	0	0	0	1780333850243
2446	1674	2658	0	0	0	0	0	1780333851409
2410	1647	2809	2594	0	0	0	0	1780333852681
2366	1620	2868	2704	0	0	0	0	1780333853930
2395	1624	2908	2790	0	0	0	0	1780333855166
2502	0	2863	2810	0	0	0	0	1780333856291
2507	1643	2824	2812	0	0	0	0	1780333857308
2483	1626	2825	2813	0	0	0	0	1780333858720
2454	1559	2759	2801	0	0	0	0	1780333859770
2421	1549	2841	2710	0	0	0	0	1780333861096
2421	1503	0	2704	0	0	0	0	1780333862325
2438	1594	2967	2653	0	0	0	0	1780333863454
2442	1631	3025	2632	0	0	0	0	1780333864721
2421	1652	3045	2563	0	0	0	0	1780333866217
2382	1659	3003	2491	0	0	0	0	1780333867843
2343	1669	2935	0	0	0	0	0	1780333869224
2374	1710	2898	2448	0	0	0	0	1780333870457
2403	0	2836	2441	0	0	0	0	1780333871542
2403	1746	2809	2584	0	0	0	0	1780333872675
2413	1773	2752	2635	0	0	0	0	1780333873896
2434	1823	2709	2670	0	0	0	0	1780333875131
2491	0	2651	2675	0	0	0	0	1780333876558
2522	1867	2652	2623	0	0	0	0	1780333877779
2490	1856	2562	2613	0	0	0	0	1780333879225
2458	1862	2646	2584	0	0	0	0	1780333880757
2419	1681	2799	2606	0	0	0	0	1780333881971
2377	1676	2858	2722	0	0	0	0	1780333883210
2383	1637	2898	2800	0	0	0	0	1780333884486
2466	1627	2860	2818	0	0	0	0	1780333885774
2504	1641	0	2805	0	0	0	0	1780333886798
2483	1631	2807	2799	0	0	0	0	1780333887746
2466	1601	2813	2802	0	0	0	0	1780333888951
2419	1567	2773	2695	0	0	0	0	1780333890169
2404	1504	2834	2703	0	0	0	0	1780333891408
2407	1578	2953	2679	0	0	0	0	1780333892643
2444	1593	3027	0	0	0	0	0	1780333894154
2413	1624	3040	2619	0	0	0	0	1780333897080
2381	1642	2996	2568	0	0	0	0	1780333897866
2334	1648	2941	2511	0	0	0	0	1780333898559
2350	1654	2900	2465	0	0	0	0	1780333899805
2392	1697	0	2426	0	0	0	0	1780333901041
2389	1714	2831	2544	0	0	0	0	1780333902164
2391	1750	2810	2611	0	0	0	0	1780333903390
2415	1802	2751	2654	0	0	0	0	1780333904654
2467	0	2701	2663	0	0	0	0	1780333906050
2502	1835	2654	2623	0	0	0	0	1780333907256
2499	1848	2647	2626	0	0	0	0	1780333908408
2451	1851	2601	2554	0	0	0	0	1780333909642
2427	1689	2640	2585	0	0	0	0	1780333910969
2383	1637	2790	2675	0	0	0	0	1780333912302
2349	1561	2865	2776	0	0	0	0	1780333913636
2423	1553	2902	2793	0	0	0	0	1780333914858
2470	1573	2871	2786	0	0	0	0	1780333916095
2488	1560	2817	0	0	0	0	0	1780333917318
2462	1549	2821	2786	0	0	0	0	1780333918262
2425	1505	2759	2798	0	0	0	0	1780333919604
2393	1409	2816	2690	0	0	0	0	1780333920990
2395	1522	2954	2700	0	0	0	0	1780333922337
2435	1564	0	2669	0	0	0	0	1780333923566
2415	1597	3019	2607	0	0	0	0	1780333924824
2373	1625	3045	2568	0	0	0	0	1780333926126
2342	1637	2997	2474	0	0	0	0	1780333927352
2345	1655	2958	2450	0	0	0	0	1780333928989
2394	1691	2898	0	0	0	0	0	1780333930524
2383	1711	2844	2427	0	0	0	0	1780333931548
2381	1742	2790	2564	0	0	0	0	1780333932500
2399	1790	2780	2618	0	0	0	0	1780333934106
2450	0	2701	2651	0	0	0	0	1780333935525
2481	1810	2656	2666	0	0	0	0	1780333936565
2491	1834	2658	2602	0	0	0	0	1780333937660
2441	1830	2583	2605	0	0	0	0	1780333939050
2398	1713	2596	2553	0	0	0	0	1780333940389
2362	1602	2742	2572	0	0	0	0	1780333941652
2323	1525	2834	2668	0	0	0	0	1780333942915
2370	1541	2875	2771	0	0	0	0	1780333944151
2436	1548	2858	2787	0	0	0	0	1780333945384
2466	1516	2794	2790	0	0	0	0	1780333946627
2447	0	2802	2765	0	0	0	0	1780333947763
2422	1470	2766	2779	0	0	0	0	1780333949058
2397	1425	2788	2690	0	0	0	0	1780333950089
2363	1423	2924	2695	0	0	0	0	1780333951724
2407	1472	0	2631	0	0	0	0	1780333952981
2408	1536	3004	2608	0	0	0	0	1780333954290
2376	1576	3000	2575	0	0	0	0	1780333955511
2338	1630	3002	0	0	0	0	0	1780333956949
2311	1640	2949	2453	0	0	0	0	1780333958207
2361	1678	2872	2436	0	0	0	0	1780333959428
2383	1701	2821	2438	0	0	0	0	1780333960731
2369	0	2805	2563	0	0	0	0	1780333961987
2382	1732	2757	2618	0	0	0	0	1780333962994
2403	1787	2694	2658	0	0	0	0	1780333964219
2431	1793	2633	2660	0	0	0	0	1780333965451
2456	1817	2642	2577	0	0	0	0	1780333967082
2450	0	2579	2591	0	0	0	0	1780333968400
2410	1828	2562	2551	0	0	0	0	1780333969837
2367	1683	2718	2580	0	0	0	0	1780333971071
2327	1605	2818	2681	0	0	0	0	1780333972317
2331	1537	2864	2773	0	0	0	0	1780333973568
2414	1519	2843	2791	0	0	0	0	1780333974798
2454	1540	2793	2792	0	0	0	0	1780333976079
2450	1526	0	2760	0	0	0	0	1780333977309
2415	1473	2794	2772	0	0	0	0	1780333978279
2401	1450	2756	2675	0	0	0	0	1780333979410
2357	1385	2784	2690	0	0	0	0	1780333980668
2367	1430	2913	2651	0	0	0	0	1780333981934
2395	1510	2976	2581	0	0	0	0	1780333983468
2382	1553	2982	0	0	0	0	0	1780333984997
2341	1598	2977	2552	0	0	0	0	1780333986337
2312	1622	2937	2463	0	0	0	0	1780333987651
2338	1630	2846	2401	0	0	0	0	1780333988930
2362	1646	2832	2418	0	0	0	0	1780333990129
2362	1679	2779	2555	0	0	0	0	1780333991390
2361	1718	0	2609	0	0	0	0	1780333992586
2376	1783	2734	2645	0	0	0	0	1780333993843
2406	1787	2698	2659	0	0	0	0	1780333995106
2434	0	2631	2583	0	0	0	0	1780333996409
2449	1815	0	2596	0	0	0	0	1780333997797
2404	1826	2565	2531	0	0	0	0	1780333999034
2368	1666	2555	2536	0	0	0	0	1780334000328
2332	1592	2674	2618	0	0	0	0	1780334001527
2312	1552	2782	2739	0	0	0	0	1780334002786
2392	1519	2829	2752	0	0	0	0	1780334004039
2439	1533	2811	2765	0	0	0	0	1780334005284
2457	1522	2812	2717	0	0	0	0	1780334006546
2413	1469	2744	0	0	0	0	0	1780334007769
2376	1449	2750	2731	0	0	0	0	1780334008795
2354	1399	2771	2675	0	0	0	0	1780334009785
2355	1433	2875	2679	0	0	0	0	1780334011219
2373	1512	2958	2638	0	0	0	0	1780334012753
2385	1552	0	2577	0	0	0	0	1780334014395
2347	1593	2966	2545	0	0	0	0	1780334015613
2307	1618	2921	2452	0	0	0	0	1780334016855
2318	1628	2913	2412	0	0	0	0	1780334018117
2352	1631	2846	2420	0	0	0	0	1780334019752
2342	1663	2811	0	0	0	0	0	1780334021013
2348	1700	2782	2533	0	0	0	0	1780334022004
2361	1760	2715	2590	0	0	0	0	1780334023027
2385	1772	2702	2635	0	0	0	0	1780334024562
2446	0	2626	2646	0	0	0	0	1780334026030
2448	1794	2618	2569	0	0	0	0	1780334027227
2411	1809	2538	2582	0	0	0	0	1780334028450
2372	1701	2524	2544	0	0	0	0	1780334029686
2332	1602	2655	2527	0	0	0	0	1780334030978
2297	1545	2743	2610	0	0	0	0	1780334032192
2352	1518	2797	2719	0	0	0	0	1780334033267
2414	1527	2806	2744	0	0	0	0	1780334034356
2437	1527	2807	2762	0	0	0	0	1780334035595
2436	1461	2720	2710	0	0	0	0	1780334036884
2416	1451	2732	2712	0	0	0	0	1780334038118
2350	0	2757	2642	0	0	0	0	1780334039364
2347	1398	2838	2655	0	0	0	0	1780334040708
2360	1494	0	2627	0	0	0	0	1780334043681
2379	1543	2928	2573	0	0	0	0	1780334044531
2382	1583	2942	2542	0	0	0	0	1780334045212
2349	1613	2900	2459	0	0	0	0	1780334046041
2291	1626	2870	0	0	0	0	0	1780334047537
2324	1620	2838	2375	0	0	0	0	1780334048575
2335	1649	2785	2403	0	0	0	0	1780334049652
2337	1694	2771	2504	0	0	0	0	1780334051160
2345	0	2707	2574	0	0	0	0	1780334052584
2366	1762	2697	2620	0	0	0	0	1780334053544
2394	1778	2624	2637	0	0	0	0	1780334054541
2428	1790	2580	2578	0	0	0	0	1780334055931
2436	1803	2492	2591	0	0	0	0	1780334057604
2398	1710	2460	2542	0	0	0	0	1780334059077
2378	1596	2600	2543	0	0	0	0	1780334060409
2342	1545	2708	2608	0	0	0	0	1780334061563
2325	0	2759	2721	0	0	0	0	1780334062834
2397	1515	2771	2745	0	0	0	0	1780334063857
2424	1524	2787	2759	0	0	0	0	1780334065115
2427	1517	2707	2709	0	0	0	0	1780334066348
2409	1479	2717	2707	0	0	0	0	1780334067604
2345	1451	0	2625	0	0	0	0	1780334068850
2341	1391	2740	2630	0	0	0	0	1780334069828
2342	1406	2824	2619	0	0	0	0	1780334070958
2366	1491	2903	2537	0	0	0	0	1780334072316
2364	1541	2936	2478	0	0	0	0	1780334073986
2349	1611	2892	0	0	0	0	0	1780334075728
2313	1622	2858	2454	0	0	0	0	1780334077573
2301	0	2803	2383	0	0	0	0	1780334078156
2325	1592	2794	2377	0	0	0	0	1780334079213
2325	1627	2771	2460	0	0	0	0	1780334080473
2326	1672	2695	2539	0	0	0	0	1780334081809
2332	1748	2695	2592	0	0	0	0	1780334082997
2375	1765	0	2621	0	0	0	0	1780334084162
2407	0	2545	2574	0	0	0	0	1780334085459
2429	1777	2492	2578	0	0	0	0	1780334086895
2396	1802	2476	2528	0	0	0	0	1780334088486
2364	1677	2605	2531	0	0	0	0	1780334089861
2334	1600	2708	2567	0	0	0	0	1780334091052
2305	1547	2744	2697	0	0	0	0	1780334092322
2385	1521	0	2723	0	0	0	0	1780334093311
2422	1540	2772	2745	0	0	0	0	1780334094348
2431	1530	2792	2734	0	0	0	0	1780334095595
2412	1499	2732	2692	0	0	0	0	1780334096859
2395	1456	2735	2612	0	0	0	0	1780334098090
2339	1422	2747	0	0	0	0	0	1780334099318
2339	1417	2817	2617	0	0	0	0	1780334100309
2356	1504	2901	2601	0	0	0	0	1780334101640
2364	1549	2937	2526	0	0	0	0	1780334103343
2330	1580	2897	2459	0	0	0	0	1780334105052
2308	1611	2878	2451	0	0	0	0	1780334106426
2287	1627	0	2389	0	0	0	0	1780334107576
2317	1618	2819	2353	0	0	0	0	1780334108637
2323	1640	2780	2447	0	0	0	0	1780334110099
2316	1678	2783	2537	0	0	0	0	1780334111366
2335	1743	2683	0	0	0	0	0	1780334112595
