2909	347	3091	5709	0	0	0	0	1775237801192
2896	0	3090	5689	0	0	0	0	1775237802625
2855	357	3080	5664	0	0	0	0	1775237803648
2896	362	3100	5845	0	0	0	0	1775237804815
2996	373	3162	5873	0	0	0	0	1775237805826
2979	358	3087	5792	0	0	0	0	1775237806830
2990	371	3185	5872	0	0	0	0	1775237807844
2868	365	3133	5723	0	0	0	0	1775237808845
2870	358	3132	5817	0	0	0	0	1775237809844
2863	363	3099	5702	0	0	0	0	1775237810847
2977	362	3137	5882	0	0	0	0	1775237811841
2858	369	3101	5766	0	0	0	0	1775237812847
2962	357	3175	5936	0	0	0	0	1775237813844
2874	368	3140	5716	0	0	0	0	1775237814847
2920	363	3129	5734	0	0	0	0	1775237815860
2992	357	3217	5857	0	0	0	0	1775237816857
2857	372	3097	5788	0	0	0	0	1775237817875
2916	357	3197	5876	0	0	0	0	1775237818879
2959	366	3094	5808	0	0	0	0	1775237819876
2859	373	3188	5833	0	0	0	0	1775237820879
2949	361	3114	5697	0	0	0	0	1775237821876
2983	371	3118	5732	0	0	0	0	1775237822872
2951	365	3141	5816	0	0	0	0	1775237823872
2888	366	3140	5808	0	0	0	0	1775237824878
2867	365	3118	5682	0	0	0	0	1775237825873
2870	366	3084	5841	0	0	0	0	1775237826872
2915	358	3227	5694	0	0	0	0	1775237827872
2927	365	3217	5791	0	0	0	0	1775237828885
2860	362	3099	5890	0	0	0	0	1775237829877
2981	359	3197	5706	0	0	0	0	1775237830879
2862	371	3173	5826	0	0	0	0	1775237831887
2941	372	3190	5833	0	0	0	0	1775237832891
2936	358	3095	5762	0	0	0	0	1775237833887
2985	370	3155	5905	0	0	0	0	1775237836088
2916	372	3173	5673	0	0	0	0	1775237837076
2910	373	3172	5682	0	0	0	0	1775237838084
2898	372	3186	5698	0	0	0	0	1775237839088
2864	373	3223	5681	0	0	0	0	1775237840084
2976	370	3113	5859	0	0	0	0	1775237841092
2890	358	3103	5800	0	0	0	0	1775237842095
2936	364	3188	5706	0	0	0	0	1775237843092
2955	365	3169	5683	0	0	0	0	1775237844094
2903	359	3208	5904	0	0	0	0	1775237845105
2941	358	3138	5825	0	0	0	0	1775237846110
2961	363	3109	5743	0	0	0	0	1775237847121
2907	363	3207	5936	0	0	0	0	1775237848110
2857	361	3210	5913	0	0	0	0	1775237849107
2939	368	3190	5810	0	0	0	0	1775237850116
2900	365	3133	5682	0	0	0	0	1775237851121
2861	364	3204	5773	0	0	0	0	1775237852116
2948	365	3112	5841	0	0	0	0	1775237853108
2937	366	3177	5821	0	0	0	0	1775237854124
2965	361	3101	5839	0	0	0	0	1775237855124
2964	357	3227	5852	0	0	0	0	1775237856127
2865	370	3121	5807	0	0	0	0	1775237857140
2933	366	3144	5918	0	0	0	0	1775237858142
2877	360	3131	5821	0	0	0	0	1775237859156
2926	357	3093	5857	0	0	0	0	1775237860160
2990	363	3134	5828	0	0	0	0	1775237861155
2919	363	3140	5773	0	0	0	0	1775237862164
2987	365	3094	5946	0	0	0	0	1775237863170
2990	364	3215	5936	0	0	0	0	1775237864172
2879	366	3138	5787	0	0	0	0	1775237865186
2929	362	3098	5889	0	0	0	0	1775237866205
2861	360	3183	5912	0	0	0	0	1775237867202
2983	359	3112	5751	0	0	0	0	1775237868206
2987	369	3080	5670	0	0	0	0	1775237869205
2947	364	3167	5797	0	0	0	0	1775237870207
2904	371	3208	5665	0	0	0	0	1775237871204
2868	361	3084	5920	0	0	0	0	1775237872207
2936	361	3095	5840	0	0	0	0	1775237873220
2915	368	3227	5905	0	0	0	0	1775237874221
2899	368	3139	5931	0	0	0	0	1775237875215
2966	357	3083	5831	0	0	0	0	1775237876217
2916	358	3154	5778	0	0	0	0	1775237877219
2897	357	3218	5677	0	0	0	0	1775237878221
2930	365	3210	5749	0	0	0	0	1775237879230
2906	369	3083	5873	0	0	0	0	1775237880233
2951	372	3138	5773	0	0	0	0	1775237881230
2980	372	3126	5799	0	0	0	0	1775237882238
2912	366	3195	5895	0	0	0	0	1775237883235
2989	370	3203	5918	0	0	0	0	1775237884244
2946	360	3135	5741	0	0	0	0	1775237885250
2968	369	3080	5878	0	0	0	0	1775237886246
2906	364	3143	5704	0	0	0	0	1775237887246
2883	363	3082	5815	0	0	0	0	1775237888266
2956	370	3176	5762	0	0	0	0	1775237889268
2931	373	3168	5758	0	0	0	0	1775237890270
2908	368	3157	5907	0	0	0	0	1775237891268
2915	370	3218	5667	0	0	0	0	1775237892270
2908	369	3219	5695	0	0	0	0	1775237893262
2929	357	3099	5846	0	0	0	0	1775237894270
2905	366	3125	5844	0	0	0	0	1775237895269
2994	373	3165	5942	0	0	0	0	1775237896271
2971	358	3192	5784	0	0	0	0	1775237897268
2926	372	3208	5742	0	0	0	0	1775237898267
2914	368	3176	5770	0	0	0	0	1775237899268
2927	363	3092	5815	0	0	0	0	1775237900265
2898	368	3174	5697	0	0	0	0	1775237901262
2975	361	3223	5833	0	0	0	0	1775237902266
2939	358	3154	5785	0	0	0	0	1775237903268
2945	371	3209	5717	0	0	0	0	1775237904271
2958	366	3206	5917	0	0	0	0	1775237905262
2878	361	3149	5785	0	0	0	0	1775237906270
2865	368	3102	5937	0	0	0	0	1775237907268
2958	368	3108	5801	0	0	0	0	1775237908265
2994	364	3083	5890	0	0	0	0	1775237909265
2944	358	3205	5695	0	0	0	0	1775237910265
2902	368	3183	5806	0	0	0	0	1775237911262
2860	366	3102	5806	0	0	0	0	1775237912268
2895	363	3208	5923	0	0	0	0	1775237913262
2872	370	3163	5791	0	0	0	0	1775237914270
2925	372	3161	5933	0	0	0	0	1775237915262
2970	362	3188	5803	0	0	0	0	1775237916273
2898	361	3220	5774	0	0	0	0	1775237917268
2994	357	3225	5808	0	0	0	0	1775237918270
2877	359	3100	5930	0	0	0	0	1775237919266
2902	366	3138	5900	0	0	0	0	1775237920269
2992	358	3174	5828	0	0	0	0	1775237921268
2958	372	3108	5922	0	0	0	0	1775237922270
2959	362	3158	5893	0	0	0	0	1775237923269
2933	357	3108	5893	0	0	0	0	1775237924268
2970	369	3160	5679	0	0	0	0	1775237925263
2927	358	3231	5755	0	0	0	0	1775237926271
2896	364	3087	5821	0	0	0	0	1775237927283
2946	359	3093	5884	0	0	0	0	1775237928286
2941	359	3203	5922	0	0	0	0	1775237929282
2900	358	3111	5927	0	0	0	0	1775237930286
2983	372	3122	5856	0	0	0	0	1775237931278
2915	368	3139	5871	0	0	0	0	1775237932286
2876	370	3135	5676	0	0	0	0	1775237933277
2967	372	3084	5919	0	0	0	0	1775237934278
2967	366	3108	5909	0	0	0	0	1775237935278
2941	373	3096	5696	0	0	0	0	1775237936278
2984	359	3161	5732	0	0	0	0	1775237937277
2927	370	3227	5689	0	0	0	0	1775237938287
2900	369	3089	5678	0	0	0	0	1775237939284
2952	369	3169	5874	0	0	0	0	1775237940286
2973	362	3137	5880	0	0	0	0	1775237941277
2948	369	3083	5785	0	0	0	0	1775237942279
2910	362	3146	5865	0	0	0	0	1775237943278
2934	358	3154	5674	0	0	0	0	1775237944286
2919	364	3136	5720	0	0	0	0	1775237945289
2940	372	3233	5876	0	0	0	0	1775237946278
2971	357	3129	5871	0	0	0	0	1775237947279
2934	370	3115	5933	0	0	0	0	1775237948286
2996	363	3131	5701	0	0	0	0	1775237949300
2882	364	3200	5804	0	0	0	0	1775237950295
2980	370	3122	5683	0	0	0	0	1775237951294
2977	363	3131	5883	0	0	0	0	1775237952297
2951	362	3223	5883	0	0	0	0	1775237953296
2914	364	3137	5872	0	0	0	0	1775237954301
2986	358	3147	5732	0	0	0	0	1775237955294
2895	357	3183	5746	0	0	0	0	1775237956293
2872	366	3221	5705	0	0	0	0	1775237957301
2919	365	3193	5751	0	0	0	0	1775237958303
2991	364	3183	5725	0	0	0	0	1775237959312
2978	358	3177	5879	0	0	0	0	1775237960316
2873	361	3092	5899	0	0	0	0	1775237961332
2859	365	3099	5681	0	0	0	0	1775237962339
2926	372	3223	5898	0	0	0	0	1775237963332
2933	361	3125	5694	0	0	0	0	1775237964340
2973	361	3138	5712	0	0	0	0	1775237965342
2893	365	3110	5921	0	0	0	0	1775237966356
2878	369	3116	5708	0	0	0	0	1775237967360
2878	363	3164	5795	0	0	0	0	1775237968368
2960	371	3100	5833	0	0	0	0	1775237969358
2856	373	3173	5706	0	0	0	0	1775237970356
2859	372	3183	5734	0	0	0	0	1775237971368
2904	373	3102	5885	0	0	0	0	1775237972367
2906	361	3184	5911	0	0	0	0	1775237973364
2985	366	3093	5814	0	0	0	0	1775237974356
2916	361	3112	5718	0	0	0	0	1775237975364
2938	367	3231	5878	0	0	0	0	1775237976357
2932	369	3183	5774	0	0	0	0	1775237977358
2978	359	3199	5798	0	0	0	0	1775237978371
2906	370	3131	5884	0	0	0	0	1775237979376
2977	365	3218	5858	0	0	0	0	1775237980384
2969	367	3233	5786	0	0	0	0	1775237981379
2990	358	3178	5730	0	0	0	0	1775237982372
2894	370	3190	5884	0	0	0	0	1775237983381
2918	359	3088	5763	0	0	0	0	1775237984373
2919	360	3157	5792	0	0	0	0	1775237985372
2949	365	3153	5918	0	0	0	0	1775237986372
2920	363	3174	5840	0	0	0	0	1775237987374
2895	368	3127	5788	0	0	0	0	1775237988387
2874	372	3080	5874	0	0	0	0	1775237989391
2949	371	3125	5699	0	0	0	0	1775237990387
2906	365	3219	5793	0	0	0	0	1775237991390
2935	369	3155	5927	0	0	0	0	1775237992388
2996	368	3187	5760	0	0	0	0	1775237993394
2880	367	3225	5702	0	0	0	0	1775237994388
2915	364	3133	5687	0	0	0	0	1775237995390
2971	366	3128	5847	0	0	0	0	1775237996398
2883	370	3105	5787	0	0	0	0	1775237997405
2936	365	3130	5748	0	0	0	0	1775237998404
2954	363	3108	5699	0	0	0	0	1775237999411
2926	371	3097	5849	0	0	0	0	1775238000420
2970	368	3201	5817	0	0	0	0	1775238001428
2881	360	3226	5745	0	0	0	0	1775238002437
2918	364	3158	5893	0	0	0	0	1775238003444
2943	367	3175	5772	0	0	0	0	1775238004436
2985	358	3212	5846	0	0	0	0	1775238005441
2989	366	3097	5911	0	0	0	0	1775238006452
2988	357	3231	5823	0	0	0	0	1775238007454
2861	363	3137	5910	0	0	0	0	1775238008453
2878	371	3096	5903	0	0	0	0	1775238009460
2885	358	3081	5747	0	0	0	0	1775238010450
2904	367	3145	5821	0	0	0	0	1775238011454
2979	369	3180	5800	0	0	0	0	1775238012468
2978	369	3206	5730	0	0	0	0	1775238013468
2935	371	3178	5837	0	0	0	0	1775238014484
2900	357	3144	5860	0	0	0	0	1775238015481
2891	368	3205	5759	0	0	0	0	1775238016484
2948	362	3186	5939	0	0	0	0	1775238017486
2855	367	3174	5807	0	0	0	0	1775238018496
2935	357	3080	5887	0	0	0	0	1775238019497
2996	366	3138	5676	0	0	0	0	1775238020501
2996	362	3223	5888	0	0	0	0	1775238021503
2949	358	3198	5790	0	0	0	0	1775238022513
2956	357	3090	5815	0	0	0	0	1775238023519
2947	360	3137	5741	0	0	0	0	1775238024516
2970	365	3203	5770	0	0	0	0	1775238025518
2861	363	3231	5915	0	0	0	0	1775238026516
2984	364	3174	5802	0	0	0	0	1775238027518
2873	368	3106	5764	0	0	0	0	1775238028532
2976	372	3125	5944	0	0	0	0	1775238029529
2962	372	3198	5829	0	0	0	0	1775238030547
2944	366	3130	5733	0	0	0	0	1775238031544
2857	367	3092	5795	0	0	0	0	1775238032548
2994	363	3108	5830	0	0	0	0	1775238033551
2977	366	3181	5669	0	0	0	0	1775238034543
2932	363	3096	5887	0	0	0	0	1775238035544
2880	357	3156	5876	0	0	0	0	1775238036543
2939	362	3175	5848	0	0	0	0	1775238037544
2934	369	3114	5720	0	0	0	0	1775238038548
2980	373	3209	5746	0	0	0	0	1775238039551
2942	360	3138	5931	0	0	0	0	1775238040548
2910	373	3105	5748	0	0	0	0	1775238041550
2986	369	3084	5873	0	0	0	0	1775238042546
2963	371	3134	5920	0	0	0	0	1775238043551
2894	361	3232	5817	0	0	0	0	1775238044565
2857	371	3159	5696	0	0	0	0	1775238045566
2936	370	3096	5809	0	0	0	0	1775238046564
2924	363	3187	5684	0	0	0	0	1775238047564
2991	367	3167	5767	0	0	0	0	1775238048580
2874	371	3109	5802	0	0	0	0	1775238049591
2883	364	3218	5789	0	0	0	0	1775238050596
2956	372	3186	5886	0	0	0	0	1775238051599
2970	359	3207	5809	0	0	0	0	1775238052600
2931	357	3208	5728	0	0	0	0	1775238053598
2963	371	3155	5829	0	0	0	0	1775238054590
2855	364	3186	5744	0	0	0	0	1775238055598
2968	372	3117	5887	0	0	0	0	1775238056589
2882	364	3128	5688	0	0	0	0	1775238057598
2987	373	3102	5885	0	0	0	0	1775238058605
2988	363	3188	5690	0	0	0	0	1775238059598
2912	357	3171	5785	0	0	0	0	1775238060590
2912	372	3118	5822	0	0	0	0	1775238061593
2939	362	3177	5730	0	0	0	0	1775238062608
2878	365	3112	5763	0	0	0	0	1775238063612
2943	366	3109	5916	0	0	0	0	1775238064606
2906	366	3118	5692	0	0	0	0	1775238065615
2971	357	3160	5731	0	0	0	0	1775238066612
2933	366	3200	5667	0	0	0	0	1775238067614
2915	372	3158	5912	0	0	0	0	1775238068606
2962	367	3129	5780	0	0	0	0	1775238069609
2964	359	3162	5936	0	0	0	0	1775238070612
2892	372	3093	5785	0	0	0	0	1775238071614
2917	362	3124	5776	0	0	0	0	1775238072612
2906	368	3230	5918	0	0	0	0	1775238073614
2933	368	3226	5800	0	0	0	0	1775238074606
2865	372	3181	5910	0	0	0	0	1775238075611
2994	371	3214	5907	0	0	0	0	1775238076607
2977	358	3112	5831	0	0	0	0	1775238077614
2891	365	3106	5736	0	0	0	0	1775238078618
2963	370	3213	5711	0	0	0	0	1775238079606
2955	370	3086	5666	0	0	0	0	1775238080619
2891	364	3190	5931	0	0	0	0	1775238081614
2975	362	3217	5892	0	0	0	0	1775238082606
2945	365	3114	5850	0	0	0	0	1775238083612
2879	357	3140	5904	0	0	0	0	1775238084607
2940	367	3111	5722	0	0	0	0	1775238085612
2923	366	3170	5725	0	0	0	0	1775238086607
2885	359	3094	5876	0	0	0	0	1775238087605
2878	358	3205	5856	0	0	0	0	1775238088606
2992	366	3224	5782	0	0	0	0	1775238089609
2908	369	3233	5760	0	0	0	0	1775238090609
2958	366	3155	5870	0	0	0	0	1775238091614
2901	371	3094	5847	0	0	0	0	1775238092611
2918	370	3105	5869	0	0	0	0	1775238093606
2874	360	3153	5942	0	0	0	0	1775238094606
2897	369	3101	5803	0	0	0	0	1775238095610
2962	363	3173	5763	0	0	0	0	1775238096607
2862	362	3100	5729	0	0	0	0	1775238097608
2903	359	3111	5674	0	0	0	0	1775238098606
2919	370	3088	5934	0	0	0	0	1775238099614
2933	366	3140	5878	0	0	0	0	1775238100610
2856	360	3148	5805	0	0	0	0	1775238101605
2946	362	3173	5860	0	0	0	0	1775238102606
2896	363	3189	5891	0	0	0	0	1775238103614
2883	357	3155	5726	0	0	0	0	1775238104612
2985	360	3187	5890	0	0	0	0	1775238105614
2874	363	3217	5898	0	0	0	0	1775238106607
2966	360	3144	5803	0	0	0	0	1775238107614
2949	361	3168	5846	0	0	0	0	1775238108628
2965	358	3208	5670	0	0	0	0	1775238109631
2951	364	3104	5868	0	0	0	0	1775238110628
2872	358	3184	5896	0	0	0	0	1775238111626
2989	358	3228	5855	0	0	0	0	1775238112622
2869	369	3176	5741	0	0	0	0	1775238113630
2990	371	3121	5861	0	0	0	0	1775238114622
2901	368	3099	5852	0	0	0	0	1775238115622
2922	366	3202	5897	0	0	0	0	1775238116622
2935	370	3140	5688	0	0	0	0	1775238117625
2981	369	3140	5907	0	0	0	0	1775238118625
2970	373	3202	5718	0	0	0	0	1775238119630
2914	363	3173	5868	0	0	0	0	1775238120628
2927	357	3205	5810	0	0	0	0	1775238121630
2916	363	3144	5791	0	0	0	0	1775238122622
2894	363	3191	5850	0	0	0	0	1775238123628
2934	370	3173	5727	0	0	0	0	1775238124623
2940	370	3230	5724	0	0	0	0	1775238125631
2987	358	3230	5748	0	0	0	0	1775238126621
2891	357	3092	5924	0	0	0	0	1775238127622
2936	363	3173	5840	0	0	0	0	1775238128622
