2707	1108	4843	1719	0	0	0	0	1776441905013
2695	1160	4845	1679	0	0	0	0	1776441906350
2704	1166	4838	1682	0	0	0	0	1776441907787
2669	1178	4759	0	0	0	0	0	1776441909220
2683	1188	4778	1698	0	0	0	0	1776441910441
2656	1172	4797	1633	0	0	0	0	1776441911875
2664	1173	4751	1654	0	0	0	0	1776441913235
2665	1179	4737	1659	0	0	0	0	1776441914505
2665	0	4756	1686	0	0	0	0	1776441915979
2650	1150	0	1683	0	0	0	0	1776441917167
2662	1154	4733	1644	0	0	0	0	1776441918534
2669	1158	4747	1661	0	0	0	0	1776441919877
2653	1174	4750	1678	0	0	0	0	1776441921264
2673	0	4755	1672	0	0	0	0	1776441922626
2641	1178	4699	1678	0	0	0	0	1776441923703
2660	1179	4731	1631	0	0	0	0	1776441924909
2665	1180	4762	1655	0	0	0	0	1776441925953
2670	1134	4774	1680	0	0	0	0	1776441927021
2661	1160	4702	1676	0	0	0	0	1776441928254
2658	1166	4692	1631	0	0	0	0	1776441929621
2667	1166	4731	1658	0	0	0	0	1776441931097
2677	1166	4745	1661	0	0	0	0	1776441932559
2673	1158	0	1695	0	0	0	0	1776441933755
2674	1164	4665	1705	0	0	0	0	1776441935065
2651	1128	4690	0	0	0	0	0	1776441936514
2667	1149	4708	1649	0	0	0	0	1776441937855
2647	1166	0	1709	0	0	0	0	1776441939204
2664	1160	4747	0	0	0	0	0	1776441940437
2646	1161	4756	1712	0	0	0	0	1776441941877
2655	1122	4782	1610	0	0	0	0	1776441943314
2661	1164	4665	1636	0	0	0	0	1776441944737
2677	0	4712	1664	0	0	0	0	1776441945979
2661	1164	4756	1678	0	0	0	0	1776441947024
2670	1145	4762	1691	0	0	0	0	1776441948118
2665	1130	4769	1671	0	0	0	0	1776441949276
2656	1140	4647	1675	0	0	0	0	1776441950377
2671	1161	4686	1678	0	0	0	0	1776441951877
2678	1167	4704	1683	0	0	0	0	1776441953272
2657	1126	4734	1705	0	0	0	0	1776441954749
2666	1132	0	1690	0	0	0	0	1776441955881
2664	1151	4744	1693	0	0	0	0	1776441957209
2673	1180	4635	1676	0	0	0	0	1776441958660
2647	1156	4669	1660	0	0	0	0	1776441959966
2663	1102	4708	1685	0	0	0	0	1776441961299
2673	1126	4722	0	0	0	0	0	1776441962591
2667	1161	4735	1688	0	0	0	0	1776441963886
2680	1187	4738	1702	0	0	0	0	1776441965318
2676	1156	4747	1692	0	0	0	0	1776441966620
2678	1160	4716	1707	0	0	0	0	1776441967979
2689	0	4669	1692	0	0	0	0	1776441969345
2641	1169	4709	1645	0	0	0	0	1776441970411
2661	1181	4696	1674	0	0	0	0	1776441971499
2650	1195	4729	1692	0	0	0	0	1776441972652
2672	1150	4716	1716	0	0	0	0	1776441973977
2654	1152	4740	1714	0	0	0	0	1776441975324
2669	1156	4713	1678	0	0	0	0	1776441976682
2669	1159	4676	1680	0	0	0	0	1776441978172
2657	1174	4725	0	0	0	0	0	1776441979385
2675	1145	4666	1695	0	0	0	0	1776441980818
2651	1162	4678	1681	0	0	0	0	1776441982071
2670	1164	4721	1690	0	0	0	0	1776441983413
2683	1177	4692	1691	0	0	0	0	1776441984836
2670	1188	0	1684	0	0	0	0	1776441986173
2667	1152	4735	1687	0	0	0	0	1776441987202
2673	1164	4613	1711	0	0	0	0	1776441988590
2688	1170	4681	1682	0	0	0	0	1776441990108
2678	1193	4658	1687	0	0	0	0	1776441991489
2677	0	4690	1682	0	0	0	0	1776441992657
2661	1184	4704	1671	0	0	0	0	1776441993797
2676	1173	4719	1705	0	0	0	0	1776441994920
2682	1177	4724	1680	0	0	0	0	1776441995971
2662	1188	4728	1692	0	0	0	0	1776441997176
2671	1212	4740	1717	0	0	0	0	1776441998579
2644	1198	4728	1654	0	0	0	0	1776442000013
2668	1121	4751	1680	0	0	0	0	1776442001422
2678	1148	4705	1699	0	0	0	0	1776442002658
2681	1181	0	1699	0	0	0	0	1776442004023
2689	1195	4745	1713	0	0	0	0	1776442005457
2659	1168	4755	1641	0	0	0	0	1776442006791
2671	1114	4720	1690	0	0	0	0	1776442008223
2685	1142	4724	0	0	0	0	0	1776442009422
2690	1168	4693	1696	0	0	0	0	1776442010593
2677	1185	4728	1714	0	0	0	0	1776442012123
2658	1142	4734	1693	0	0	0	0	1776442013323
2674	1149	4699	1673	0	0	0	0	1776442014685
2674	1171	4703	1688	0	0	0	0	1776442016013
2685	0	4720	1727	0	0	0	0	1776442017310
2659	1176	4681	1694	0	0	0	0	1776442018370
2663	1178	4690	1695	0	0	0	0	1776442019458
2678	1141	4696	1662	0	0	0	0	1776442020749
2677	1179	4708	1690	0	0	0	0	1776442022114
2685	1175	4676	1736	0	0	0	0	1776442023392
2685	1176	4702	1717	0	0	0	0	1776442024769
2674	1193	0	1707	0	0	0	0	1776442026105
2661	1184	4715	1705	0	0	0	0	1776442027331
2682	1188	4688	1709	0	0	0	0	1776442028701
2690	1148	4707	1731	0	0	0	0	1776442029934
2680	1181	4735	1691	0	0	0	0	1776442031425
2687	1143	4745	0	0	0	0	0	1776442032780
2664	1178	4702	1659	0	0	0	0	1776442033933
2678	1182	4720	1685	0	0	0	0	1776442035296
2682	1147	4647	1687	0	0	0	0	1776442036596
2690	1154	4682	1738	0	0	0	0	1776442038020
2693	1170	4697	1718	0	0	0	0	1776442039453
2677	0	4717	1706	0	0	0	0	1776442040587
2683	1183	4692	1646	0	0	0	0	1776442041768
2668	1169	4703	1687	0	0	0	0	1776442042907
2692	1178	4738	1712	0	0	0	0	1776442044135
2683	1184	4715	1709	0	0	0	0	1776442045431
2668	1173	4707	1686	0	0	0	0	1776442046841
2673	1182	4724	1700	0	0	0	0	1776442048286
2673	1188	0	1721	0	0	0	0	1776442049560
2691	1127	4704	1736	0	0	0	0	1776442050680
2682	1131	4741	1644	0	0	0	0	1776442052057
2665	1175	4698	1672	0	0	0	0	1776442053556
2679	1196	4708	1693	0	0	0	0	1776442054919
2658	1140	4709	1715	0	0	0	0	1776442056108
2678	1173	4724	0	0	0	0	0	1776442057346
2681	1158	4726	1732	0	0	0	0	1776442058573
2684	1195	4751	1667	0	0	0	0	1776442059943
2676	1204	4673	1678	0	0	0	0	1776442061339
2660	1156	4701	1721	0	0	0	0	1776442062708
2678	1174	4736	1723	0	0	0	0	1776442063911
2686	0	4697	1741	0	0	0	0	1776442065137
2687	1179	4693	1665	0	0	0	0	1776442066187
2659	1188	4714	1708	0	0	0	0	1776442067480
2676	1196	4735	1714	0	0	0	0	1776442068946
2684	1177	4724	1719	0	0	0	0	1776442070387
2692	1188	4700	1731	0	0	0	0	1776442071623
2695	1169	0	1665	0	0	0	0	1776442072921
2643	1181	4677	1705	0	0	0	0	1776442074140
2672	1197	4700	1721	0	0	0	0	1776442075570
2677	1152	4712	1734	0	0	0	0	1776442076788
2677	1156	4728	1740	0	0	0	0	1776442078142
2684	1181	4719	1702	0	0	0	0	1776442079566
2687	1191	4699	0	0	0	0	0	1776442080731
2685	1195	4701	1731	0	0	0	0	1776442082021
2678	1166	4710	1694	0	0	0	0	1776442083296
2693	1128	4648	1728	0	0	0	0	1776442084730
2667	0	4681	1734	0	0	0	0	1776442086229
2677	1153	4690	1747	0	0	0	0	1776442087386
2658	1194	4692	1711	0	0	0	0	1776442088514
2675	1198	4718	1714	0	0	0	0	1776442089903
2676	1170	4705	1717	0	0	0	0	1776442091191
2686	1135	4726	1704	0	0	0	0	1776442092539
2678	1162	0	1732	0	0	0	0	1776442094035
2676	1206	4679	1745	0	0	0	0	1776442095067
2686	1211	4677	1735	0	0	0	0	1776442096243
2676	1209	4699	1754	0	0	0	0	1776442097310
2684	1137	4678	1707	0	0	0	0	1776442098743
2683	1164	4693	1732	0	0	0	0	1776442100237
2662	1217	4624	1704	0	0	0	0	1776442101724
2682	1187	4648	0	0	0	0	0	1776442102957
2681	1143	4681	1716	0	0	0	0	1776442104256
2693	1162	4685	1722	0	0	0	0	1776442105619
2684	1176	4705	1705	0	0	0	0	1776442107047
2674	0	4675	1738	0	0	0	0	1776442108408
2659	1192	4702	1715	0	0	0	0	1776442109565
2667	1163	4704	1715	0	0	0	0	1776442110634
2685	1166	4663	1705	0	0	0	0	1776442111858
2680	1171	4652	1705	0	0	0	0	1776442113079
2663	1176	4656	1735	0	0	0	0	1776442114430
2675	1198	4683	1694	0	0	0	0	1776442115884
2654	1177	4709	1714	0	0	0	0	1776442117290
2650	1131	0	1728	0	0	0	0	1776442118482
2679	1186	4728	1758	0	0	0	0	1776442119541
2684	1199	4651	1758	0	0	0	0	1776442120936
2641	1195	4665	1695	0	0	0	0	1776442122328
2655	1100	4683	1693	0	0	0	0	1776442123784
2667	1125	4704	1723	0	0	0	0	1776442125059
2681	1150	4705	0	0	0	0	0	1776442126422
2682	1190	4721	1739	0	0	0	0	1776442127855
2681	1178	4681	1757	0	0	0	0	1776442129155
2681	1123	4707	1641	0	0	0	0	1776442130457
2681	0	4658	1673	0	0	0	0	1776442131714
2671	1142	4692	1683	0	0	0	0	1776442132878
2674	1179	4680	1724	0	0	0	0	1776442134080
2671	1195	4697	1691	0	0	0	0	1776442135135
2681	1198	4677	1694	0	0	0	0	1776442136541
2653	1194	4695	1708	0	0	0	0	1776442137934
2681	1197	4705	1726	0	0	0	0	1776442139117
2686	1165	4712	1739	0	0	0	0	1776442140562
2678	1180	0	1706	0	0	0	0	1776442141834
2690	1194	4741	1670	0	0	0	0	1776442142955
2670	1179	4720	1694	0	0	0	0	1776442144219
2686	1156	4704	1727	0	0	0	0	1776442145617
2688	1186	4709	1713	0	0	0	0	1776442147049
2688	1208	4712	1670	0	0	0	0	1776442148522
2667	1160	4733	0	0	0	0	0	1776442149748
2684	1187	4691	1676	0	0	0	0	1776442151104
2689	0	4694	1736	0	0	0	0	1776442152310
2687	1178	4693	1737	0	0	0	0	1776442153744
2682	1205	4710	1657	0	0	0	0	1776442155174
2671	1161	4717	0	0	0	0	0	1776442156301
2679	1184	4706	1685	0	0	0	0	1776442157427
2675	1197	4662	1709	0	0	0	0	1776442158580
2685	1197	4661	1740	0	0	0	0	1776442159978
2687	1197	4675	1699	0	0	0	0	1776442161240
2669	1193	4683	1711	0	0	0	0	1776442162724
2681	1200	0	1717	0	0	0	0	1776442164048
2680	1215	4691	1723	0	0	0	0	1776442165203
2694	1160	4702	1728	0	0	0	0	1776442166260
2695	1184	4712	1734	0	0	0	0	1776442167468
2678	1165	4697	1714	0	0	0	0	1776442168967
2691	1182	4707	1742	0	0	0	0	1776442170329
2677	1186	4714	1723	0	0	0	0	1776442171755
2694	1160	4722	0	0	0	0	0	1776442172956
2665	1178	4676	1733	0	0	0	0	1776442174352
2675	1150	4699	1672	0	0	0	0	1776442175779
2686	1189	4702	1698	0	0	0	0	1776442177148
2692	0	4662	1715	0	0	0	0	1776442178476
2673	1204	4687	1719	0	0	0	0	1776442179540
2689	1164	4692	1740	0	0	0	0	1776442180750
2688	1145	4717	1733	0	0	0	0	1776442182116
2666	1174	4703	1736	0	0	0	0	1776442183642
2674	1185	4708	1719	0	0	0	0	1776442185044
2679	1198	0	1725	0	0	0	0	1776442186278
2692	1169	4608	1722	0	0	0	0	1776442187396
2693	1191	4645	1712	0	0	0	0	1776442188423
2663	1200	4663	1714	0	0	0	0	1776442190502
2673	1212	4666	1732	0	0	0	0	1776442191010
2676	1202	4685	1746	0	0	0	0	1776442192437
2680	1164	4686	1720	0	0	0	0	1776442193678
2689	1173	4687	0	0	0	0	0	1776442195102
2671	1201	4701	1722	0	0	0	0	1776442196242
2687	1213	4675	1726	0	0	0	0	1776442197670
2657	1203	4665	1736	0	0	0	0	1776442199032
2674	1152	4691	1738	0	0	0	0	1776442200260
2688	0	4669	1745	0	0	0	0	1776442201717
2688	1167	4676	1720	0	0	0	0	1776442202860
2676	1192	4624	1737	0	0	0	0	1776442203929
