833	1099	1252	1541	0	0	0	0	1773776871289
829	1103	1256	1528	0	0	0	0	1773776872648
807	1120	1227	1488	0	0	0	0	1773776874000
814	0	1230	1491	0	0	0	0	1773776875384
794	1043	1233	0	0	0	0	0	1773776876816
806	1061	1243	1488	0	0	0	0	1773776878185
820	1074	0	1505	0	0	0	0	1773776879563
810	1081	1248	1494	0	0	0	0	1773776880837
819	0	1248	0	0	0	0	0	1773776882169
786	1075	1223	1475	0	0	0	0	1773776883602
795	1080	0	1493	0	0	0	0	1773776884990
800	1092	1239	1509	0	0	0	0	1773776886340
814	0	1241	1533	0	0	0	0	1773776887597
807	1103	1230	1486	0	0	0	0	1773776888785
808	1082	1235	1479	0	0	0	0	1773776889848
811	1048	1226	1481	0	0	0	0	1773776890948
805	1055	1248	1507	0	0	0	0	1773776892103
808	1069	1233	1513	0	0	0	0	1773776893432
810	1085	1229	1449	0	0	0	0	1773776894682
810	1065	1215	1427	0	0	0	0	1773776896012
813	1077	1223	1467	0	0	0	0	1773776897428
799	1090	1232	0	0	0	0	0	1773776900063
812	1096	0	1454	0	0	0	0	1773776900881
812	1105	1234	0	0	0	0	0	1773776901421
807	1104	1203	1477	0	0	0	0	1773776902853
793	0	1226	1459	0	0	0	0	1773776904293
800	1087	0	1474	0	0	0	0	1773776905662
807	1090	1236	1486	0	0	0	0	1773776906950
806	0	1228	1489	0	0	0	0	1773776908285
807	1087	1237	1506	0	0	0	0	1773776909618
805	1065	0	1473	0	0	0	0	1773776911049
806	1078	1244	1493	0	0	0	0	1773776912042
805	1080	1248	1474	0	0	0	0	1773776913194
819	1087	1248	1479	0	0	0	0	1773776914294
799	1071	1246	1491	0	0	0	0	1773776915472
803	1074	1224	1499	0	0	0	0	1773776916576
812	1086	1244	1485	0	0	0	0	1773776918023
808	1082	1237	1501	0	0	0	0	1773776919450
812	1079	0	1483	0	0	0	0	1773776920951
808	1088	1241	1489	0	0	0	0	1773776922077
804	1094	1205	1494	0	0	0	0	1773776923304
808	1091	1224	1499	0	0	0	0	1773776924774
801	1072	1224	1511	0	0	0	0	1773776926106
801	1092	1228	1496	0	0	0	0	1773776927335
809	0	1221	1478	0	0	0	0	1773776928731
804	1058	1234	1445	0	0	0	0	1773776930052
797	1079	1245	1457	0	0	0	0	1773776931421
804	1073	1241	1476	0	0	0	0	1773776932846
808	1066	1224	1489	0	0	0	0	1773776934393
814	1076	1230	0	0	0	0	0	1773776935520
814	1086	1215	1459	0	0	0	0	1773776936458
799	1095	1225	1467	0	0	0	0	1773776937539
804	1079	1210	1472	0	0	0	0	1773776938696
797	1067	1224	1485	0	0	0	0	1773776940127
806	1082	1233	1491	0	0	0	0	1773776941468
809	1043	1222	1481	0	0	0	0	1773776942763
802	1080	1226	1454	0	0	0	0	1773776944129
803	1050	0	1464	0	0	0	0	1773776945456
795	1071	1222	1477	0	0	0	0	1773776946756
803	1071	1236	1481	0	0	0	0	1773776948009
808	1085	1236	1476	0	0	0	0	1773776949448
808	1073	1214	1449	0	0	0	0	1773776950981
802	0	1236	1466	0	0	0	0	1773776952218
787	1077	1247	1471	0	0	0	0	1773776953541
795	1059	1247	1488	0	0	0	0	1773776954798
800	1064	1227	1433	0	0	0	0	1773776956103
804	1088	1222	1446	0	0	0	0	1773776957536
797	1078	1219	0	0	0	0	0	1773776958766
799	1064	1227	1455	0	0	0	0	1773776959858
798	1043	1229	1475	0	0	0	0	1773776960913
803	1067	1233	1447	0	0	0	0	1773776962013
808	1083	1221	1453	0	0	0	0	1773776963362
812	1068	1243	1454	0	0	0	0	1773776964716
782	1031	1215	1475	0	0	0	0	1773776966036
791	1044	1232	1501	0	0	0	0	1773776967544
801	1063	0	1464	0	0	0	0	1773776968769
812	1074	1243	1442	0	0	0	0	1773776970148
809	1077	1222	1454	0	0	0	0	1773776971563
796	1055	1223	1473	0	0	0	0	1773776972900
801	1062	1221	1491	0	0	0	0	1773776974199
802	0	1229	1486	0	0	0	0	1773776975427
805	1075	1235	1437	0	0	0	0	1773776976638
807	1084	1227	1441	0	0	0	0	1773776978128
809	1077	1215	1474	0	0	0	0	1773776979561
776	1060	1237	1488	0	0	0	0	1773776980977
793	1068	1239	0	0	0	0	0	1773776982109
798	1074	1229	1472	0	0	0	0	1773776983237
802	1082	1238	1459	0	0	0	0	1773776984367
810	1023	1249	1445	0	0	0	0	1773776985492
769	1054	1199	1476	0	0	0	0	1773776986825
781	1077	1210	1478	0	0	0	0	1773776988359
789	1072	1204	1478	0	0	0	0	1773776989604
792	1081	1228	1476	0	0	0	0	1773776991018
797	1075	0	1435	0	0	0	0	1773776992154
792	1076	1223	1449	0	0	0	0	1773776993496
789	1057	1221	1467	0	0	0	0	1773776994810
794	1066	1222	1470	0	0	0	0	1773776996144
800	1070	1227	1472	0	0	0	0	1773776997576
785	0	1245	1433	0	0	0	0	1773776998773
787	1043	1201	1454	0	0	0	0	1773776999931
786	1071	1209	1482	0	0	0	0	1773777001249
794	1071	1228	1485	0	0	0	0	1773777002562
804	1087	1223	1468	0	0	0	0	1773777003923
800	1055	1232	1423	0	0	0	0	1773777005258
799	1067	1193	0	0	0	0	0	1773777006486
777	1069	1207	1452	0	0	0	0	1773777007671
786	1059	1219	1464	0	0	0	0	1773777009154
795	1080	1221	1486	0	0	0	0	1773777010449
798	1030	1196	1454	0	0	0	0	1773777011697
791	1048	1205	1452	0	0	0	0	1773777013061
791	1058	0	1454	0	0	0	0	1773777014312
791	1059	1218	1464	0	0	0	0	1773777015499
796	1075	1230	1486	0	0	0	0	1773777016837
802	1075	1215	1467	0	0	0	0	1773777018250
802	1077	1196	1445	0	0	0	0	1773777019764
788	0	1206	1450	0	0	0	0	1773777021024
790	1082	1218	1476	0	0	0	0	1773777022202
798	1083	1235	1474	0	0	0	0	1773777023370
801	1095	1223	1440	0	0	0	0	1773777024455
807	1031	1196	1445	0	0	0	0	1773777025937
775	1057	1214	1456	0	0	0	0	1773777027369
786	1061	1222	1473	0	0	0	0	1773777028663
787	1062	1217	0	0	0	0	0	1773777029947
801	1060	1224	1503	0	0	0	0	1773777031163
801	1067	1233	1433	0	0	0	0	1773777032388
789	1080	1211	1410	0	0	0	0	1773777033819
793	1076	1229	1438	0	0	0	0	1773777035257
788	1060	0	1469	0	0	0	0	1773777036591
793	1062	1210	1470	0	0	0	0	1773777037685
796	1063	1213	1462	0	0	0	0	1773777039002
804	1080	1230	1410	0	0	0	0	1773777040439
778	1064	1191	1441	0	0	0	0	1773777041782
784	1043	1208	1483	0	0	0	0	1773777042997
797	0	1212	1433	0	0	0	0	1773777044368
797	1061	1225	1436	0	0	0	0	1773777045505
800	1068	1226	1418	0	0	0	0	1773777046621
778	1080	1227	1447	0	0	0	0	1773777047850
784	1073	1226	1476	0	0	0	0	1773777049185
782	1075	1217	1461	0	0	0	0	1773777050468
795	1070	1229	1429	0	0	0	0	1773777051903
793	1090	1198	0	0	0	0	0	1773777053327
779	1076	1209	1415	0	0	0	0	1773777054461
789	1048	1220	1449	0	0	0	0	1773777055857
781	1046	1225	1467	0	0	0	0	1773777057388
787	1059	1209	1468	0	0	0	0	1773777058502
789	1067	1212	1445	0	0	0	0	1773777059845
796	1072	0	1426	0	0	0	0	1773777061165
782	1019	1216	1463	0	0	0	0	1773777062247
789	1054	1225	1480	0	0	0	0	1773777063523
796	1066	1213	1445	0	0	0	0	1773777064821
782	1083	1216	1418	0	0	0	0	1773777066250
787	1026	1175	1435	0	0	0	0	1773777067775
777	0	1196	1462	0	0	0	0	1773777068843
781	1039	1197	1480	0	0	0	0	1773777070012
785	1043	1206	1473	0	0	0	0	1773777071373
795	1056	1214	1401	0	0	0	0	1773777072834
794	1069	1202	1425	0	0	0	0	1773777074228
786	1022	1209	0	0	0	0	0	1773777075501
786	1052	1214	1457	0	0	0	0	1773777076684
786	1068	1224	1479	0	0	0	0	1773777077811
790	1065	1227	1479	0	0	0	0	1773777079131
792	1023	1197	1408	0	0	0	0	1773777080486
768	1042	1208	1426	0	0	0	0	1773777081954
782	1055	1208	1462	0	0	0	0	1773777083279
787	1057	0	1478	0	0	0	0	1773777084555
789	1065	1218	1478	0	0	0	0	1773777085637
786	1040	1221	1405	0	0	0	0	1773777086818
786	1041	1174	1425	0	0	0	0	1773777088254
792	1043	1192	1473	0	0	0	0	1773777089536
773	1053	1203	1463	0	0	0	0	1773777090935
793	1071	1202	0	0	0	0	0	1773777092296
797	1033	1216	1437	0	0	0	0	1773777093578
790	0	1219	1428	0	0	0	0	1773777095027
791	1049	1197	1457	0	0	0	0	1773777096392
780	1062	1204	0	0	0	0	0	1773777097821
791	0	1210	1449	0	0	0	0	1773777099024
792	1059	1218	1436	0	0	0	0	1773777100131
795	1050	1221	1408	0	0	0	0	1773777101302
793	1069	1195	1434	0	0	0	0	1773777102370
786	1084	1201	1467	0	0	0	0	1773777103862
789	1067	1211	1447	0	0	0	0	1773777105293
791	1072	1217	1442	0	0	0	0	1773777106628
790	1058	0	1432	0	0	0	0	1773777107864
769	1063	1218	1452	0	0	0	0	1773777108985
779	1068	1201	1472	0	0	0	0	1773777110209
779	1071	1206	1447	0	0	0	0	1773777111542
787	1073	1211	1432	0	0	0	0	1773777112892
790	1080	1178	1429	0	0	0	0	1773777114407
778	1098	1182	0	0	0	0	0	1773777115630
784	1064	1183	1442	0	0	0	0	1773777116987
773	1074	1211	1467	0	0	0	0	1773777118213
781	1078	1214	1472	0	0	0	0	1773777119579
782	1080	1215	1433	0	0	0	0	1773777121070
793	0	1179	1436	0	0	0	0	1773777122300
781	1092	1194	1444	0	0	0	0	1773777123386
776	1090	1207	1454	0	0	0	0	1773777124463
784	1037	1178	1456	0	0	0	0	1773777125889
773	1043	1177	1414	0	0	0	0	1773777127114
780	1073	1198	1420	0	0	0	0	1773777128489
783	1074	1206	1439	0	0	0	0	1773777129977
783	1080	0	1462	0	0	0	0	1773777131207
779	1060	1195	1457	0	0	0	0	1773777132285
785	1070	1196	1412	0	0	0	0	1773777133569
789	1079	1216	1435	0	0	0	0	1773777134795
780	1071	1219	1444	0	0	0	0	1773777136318
784	1046	1220	1447	0	0	0	0	1773777137731
779	1073	1204	0	0	0	0	0	1773777138985
784	1079	1205	1459	0	0	0	0	1773777141547
778	1068	1212	1457	0	0	0	0	1773777142058
780	1071	1156	1435	0	0	0	0	1773777142982
784	1064	1195	1448	0	0	0	0	1773777144331
779	0	1198	1458	0	0	0	0	1773777145543
786	1055	1180	1417	0	0	0	0	1773777146637
764	1071	1183	1438	0	0	0	0	1773777147802
776	1080	1161	1402	0	0	0	0	1773777149224
780	1040	1188	1430	0	0	0	0	1773777150704
782	1049	1207	1461	0	0	0	0	1773777152019
786	1064	0	1457	0	0	0	0	1773777153289
781	1073	1171	1437	0	0	0	0	1773777154407
782	1074	1198	1436	0	0	0	0	1773777155577
773	1072	1158	1431	0	0	0	0	1773777156982
777	1052	1188	1464	0	0	0	0	1773777158339
781	1078	1183	1445	0	0	0	0	1773777159566
771	1078	1197	1456	0	0	0	0	1773777160900
784	1087	1198	0	0	0	0	0	1773777162325
776	1046	1200	1403	0	0	0	0	1773777163564
784	1059	1202	1423	0	0	0	0	1773777164943
775	1072	1204	1455	0	0	0	0	1773777166225
774	1096	1210	1406	0	0	0	0	1773777167632
769	0	1218	1433	0	0	0	0	1773777168931
