4671	2223	1333	13091	0	0	0	0	1770327224205
4703	2260	1351	12905	0	0	0	0	1770327225533
4630	2346	1435	12848	0	0	0	0	1770327226957
4603	2115	1427	0	0	0	0	0	1770327228295
4564	2135	1344	12578	0	0	0	0	1770327229493
4587	2181	1373	12655	0	0	0	0	1770327230941
4530	2262	1412	12739	0	0	0	0	1770327232620
4578	2226	1464	12587	0	0	0	0	1770327233752
4540	2230	0	12633	0	0	0	0	1770327234994
4531	2169	1361	12588	0	0	0	0	1770327236337
4581	2195	1367	12379	0	0	0	0	1770327237720
4508	2230	1399	12473	0	0	0	0	1770327239053
4554	2232	1355	12551	0	0	0	0	1770327240483
4507	0	1446	12627	0	0	0	0	1770327241732
4530	1991	1415	12534	0	0	0	0	1770327243041
4463	2124	1290	12554	0	0	0	0	1770327244057
4513	2146	1351	12566	0	0	0	0	1770327245344
4549	2205	1413	12663	0	0	0	0	1770327246632
4489	2003	1414	12489	0	0	0	0	1770327248023
4515	2056	1408	0	0	0	0	0	1770327249418
4510	2082	1430	12510	0	0	0	0	1770327250512
4541	2144	1431	12507	0	0	0	0	1770327251642
4494	2235	1457	12552	0	0	0	0	1770327252980
4543	1997	1319	12464	0	0	0	0	1770327254231
4544	2032	1353	12550	0	0	0	0	1770327255735
4448	2075	1441	12559	0	0	0	0	1770327257273
4524	0	1382	12403	0	0	0	0	1770327258399
4465	2157	1382	12466	0	0	0	0	1770327259525
4519	2041	1306	12478	0	0	0	0	1770327260754
4544	2105	1375	12575	0	0	0	0	1770327262172
4419	2087	1408	12513	0	0	0	0	1770327263618
4535	2112	1387	0	0	0	0	0	1770327265055
4509	2185	1279	12542	0	0	0	0	1770327266273
4535	2215	1307	12551	0	0	0	0	1770327267640
4541	1938	1396	12523	0	0	0	0	1770327269196
4426	1975	1405	12577	0	0	0	0	1770327270817
4495	2118	0	12554	0	0	0	0	1770327271810
4539	2169	1407	12622	0	0	0	0	1770327272943
4550	2086	1358	12632	0	0	0	0	1770327274074
4512	2081	1290	12640	0	0	0	0	1770327275315
4513	2086	1395	12665	0	0	0	0	1770327276360
4526	2110	1368	12529	0	0	0	0	1770327277955
4467	2162	1416	12600	0	0	0	0	1770327279809
4513	2184	1205	12570	0	0	0	0	1770327280942
4541	0	1346	12544	0	0	0	0	1770327284468
4528	2134	1415	12572	0	0	0	0	1770327285327
4518	2094	1389	12579	0	0	0	0	1770327286704
4495	2171	1288	0	0	0	0	0	1770327287581
4520	1947	1341	12558	0	0	0	0	1770327288194
4553	0	1394	12454	0	0	0	0	1770327290956
4511	2000	1440	12524	0	0	0	0	1770327291580
4498	2124	1448	12572	0	0	0	0	1770327293619
4521	2146	1329	12411	0	0	0	0	1770327294169
4472	2190	1332	12543	0	0	0	0	1770327294651
4523	2123	1423	12500	0	0	0	0	1770327295449
4523	2078	1428	12550	0	0	0	0	1770327296269
4464	2113	0	12583	0	0	0	0	1770327297421
4523	2182	1344	12612	0	0	0	0	1770327298648
4433	2202	1374	12501	0	0	0	0	1770327300069
4491	2107	1416	12494	0	0	0	0	1770327301431
4522	2071	1467	12506	0	0	0	0	1770327302822
4466	2100	1337	0	0	0	0	0	1770327304174
4514	2126	1385	12599	0	0	0	0	1770327305432
4482	2068	1380	12509	0	0	0	0	1770327306736
4515	2062	1423	12571	0	0	0	0	1770327308046
4533	2157	1467	12576	0	0	0	0	1770327309482
4542	0	1319	12624	0	0	0	0	1770327310883
4450	2140	1258	12683	0	0	0	0	1770327311951
4502	2192	1343	12624	0	0	0	0	1770327313065
4525	1946	1385	12632	0	0	0	0	1770327314300
4489	2038	1463	12491	0	0	0	0	1770327315624
4512	2084	1200	12525	0	0	0	0	1770327317071
4519	2101	1350	12606	0	0	0	0	1770327318386
4537	2157	1363	0	0	0	0	0	1770327319742
4455	2149	1423	12664	0	0	0	0	1770327320961
4512	1944	1337	12630	0	0	0	0	1770327322305
4521	2097	1375	12463	0	0	0	0	1770327323731
4452	1998	1414	12491	0	0	0	0	1770327325068
4506	2084	0	12617	0	0	0	0	1770327326322
4471	2096	1423	12538	0	0	0	0	1770327327524
4544	2118	1415	12610	0	0	0	0	1770327328642
4495	2130	1332	12544	0	0	0	0	1770327330122
4479	1929	1362	12572	0	0	0	0	1770327331565
4515	2055	1378	12612	0	0	0	0	1770327332945
4496	0	1399	12626	0	0	0	0	1770327334073
4525	2056	1387	12630	0	0	0	0	1770327335409
4503	2111	1319	12403	0	0	0	0	1770327337550
4518	2193	1352	12509	0	0	0	0	1770327338168
4511	1947	1378	12618	0	0	0	0	1770327339601
4528	2005	1403	0	0	0	0	0	1770327340832
4532	2079	1422	12621	0	0	0	0	1770327341958
4533	2145	1193	12621	0	0	0	0	1770327343085
4527	2117	1342	12638	0	0	0	0	1770327344416
4503	2141	1377	12589	0	0	0	0	1770327345939
4501	2125	1381	12614	0	0	0	0	1770327347383
4527	2154	1405	12643	0	0	0	0	1770327348602
4554	2184	0	12604	0	0	0	0	1770327349723
4512	1884	1410	12628	0	0	0	0	1770327350799
4502	1949	1432	12576	0	0	0	0	1770327352096
4526	2030	1438	12644	0	0	0	0	1770327353413
4474	2124	1378	12628	0	0	0	0	1770327354840
4496	2152	1300	12645	0	0	0	0	1770327356290
4505	1929	1314	0	0	0	0	0	1770327357620
4505	1966	1415	12642	0	0	0	0	1770327358955
4560	2060	1419	12551	0	0	0	0	1770327360081
4437	2115	1384	12601	0	0	0	0	1770327361419
4500	2151	1332	12586	0	0	0	0	1770327362639
4525	2105	1366	12619	0	0	0	0	1770327364173
4483	0	1427	12619	0	0	0	0	1770327365402
4535	2095	1445	12498	0	0	0	0	1770327366434
4493	2131	1294	12591	0	0	0	0	1770327367857
4531	2178	1303	12605	0	0	0	0	1770327369202
4541	1932	1388	12534	0	0	0	0	1770327370519
4534	1989	1469	12578	0	0	0	0	1770327371762
4486	2122	1366	0	0	0	0	0	1770327373178
4491	2025	0	12626	0	0	0	0	1770327374403
4538	2127	1305	12652	0	0	0	0	1770327375856
4515	2110	1330	12619	0	0	0	0	1770327377280
4526	2030	1480	0	0	0	0	0	1770327378622
4471	2070	0	12497	0	0	0	0	1770327379769
4514	2149	1276	12542	0	0	0	0	1770327380954
4432	2188	1299	12605	0	0	0	0	1770327382024
4502	2046	1351	12632	0	0	0	0	1770327383310
4502	2056	1417	12596	0	0	0	0	1770327384745
4513	2098	1420	12445	0	0	0	0	1770327386288
4546	0	1378	12505	0	0	0	0	1770327387611
4474	2134	1400	12559	0	0	0	0	1770327388752
4515	2170	1353	12576	0	0	0	0	1770327389863
4534	2057	1446	12583	0	0	0	0	1770327391308
4512	2076	1410	12581	0	0	0	0	1770327392673
4529	2096	1288	12509	0	0	0	0	1770327394175
4506	2160	1354	0	0	0	0	0	1770327395435
4531	2109	1403	12524	0	0	0	0	1770327396518
4480	1938	1419	12599	0	0	0	0	1770327397657
4504	2103	1342	12528	0	0	0	0	1770327399121
4512	2110	1428	12548	0	0	0	0	1770327400431
4496	1996	1398	12549	0	0	0	0	1770327401865
4463	2053	0	12573	0	0	0	0	1770327403200
4520	2080	1438	12622	0	0	0	0	1770327404299
4523	2154	1385	12589	0	0	0	0	1770327405429
4430	1948	1406	12576	0	0	0	0	1770327406801
4482	2064	1298	12572	0	0	0	0	1770327408218
4514	2064	1353	12525	0	0	0	0	1770327409471
4441	2155	1387	12576	0	0	0	0	1770327410982
4536	0	1407	12554	0	0	0	0	1770327412312
4412	2156	1312	12588	0	0	0	0	1770327413735
4468	2043	1402	0	0	0	0	0	1770327415052
4529	2082	1422	12471	0	0	0	0	1770327416511
4538	0	1451	12571	0	0	0	0	1770327417729
4547	2127	1191	12611	0	0	0	0	1770327418810
4421	2130	1346	12512	0	0	0	0	1770327419886
4490	1944	1357	12589	0	0	0	0	1770327421116
4493	2017	1360	12604	0	0	0	0	1770327422536
4540	2093	1412	12650	0	0	0	0	1770327423881
4553	2102	1346	12683	0	0	0	0	1770327425212
4525	2113	1410	12577	0	0	0	0	1770327426563
4539	1932	0	12543	0	0	0	0	1770327427774
4465	2018	1407	12625	0	0	0	0	1770327429296
4508	2079	1424	12525	0	0	0	0	1770327430438
4524	2159	1362	12479	0	0	0	0	1770327431798
4548	2127	1371	12577	0	0	0	0	1770327433283
4514	1910	1432	0	0	0	0	0	1770327434423
4491	1971	1398	12618	0	0	0	0	1770327435633
4526	2071	1407	12589	0	0	0	0	1770327437020
4473	2169	1384	12597	0	0	0	0	1770327438528
4554	1932	1408	12653	0	0	0	0	1770327439757
4492	0	1451	12610	0	0	0	0	1770327441282
4520	1988	1451	12515	0	0	0	0	1770327442316
4463	2050	1326	12569	0	0	0	0	1770327443368
4513	2131	1338	12572	0	0	0	0	1770327444661
4514	2115	1413	12658	0	0	0	0	1770327445992
4485	1904	1488	12594	0	0	0	0	1770327447368
4462	1965	1387	12444	0	0	0	0	1770327448906
4439	2046	1305	0	0	0	0	0	1770327450085
4485	2122	1328	12491	0	0	0	0	1770327451251
4521	2085	1423	12527	0	0	0	0	1770327452531
4528	2098	1500	12596	0	0	0	0	1770327453888
4460	2039	1300	12565	0	0	0	0	1770327455201
4507	2095	1294	12554	0	0	0	0	1770327456629
4519	2128	0	12585	0	0	0	0	1770327457967
4520	1907	1345	12620	0	0	0	0	1770327459128
4521	1993	1416	12639	0	0	0	0	1770327460540
4542	2006	1435	12645	0	0	0	0	1770327462098
4455	2077	1363	12565	0	0	0	0	1770327463410
4517	0	1363	12646	0	0	0	0	1770327464552
4490	2114	1409	12603	0	0	0	0	1770327465741
4504	1926	1469	12622	0	0	0	0	1770327466971
4538	2018	1353	12609	0	0	0	0	1770327468446
4436	2026	1362	12675	0	0	0	0	1770327469889
4481	2080	1399	12572	0	0	0	0	1770327471281
4495	2108	1448	0	0	0	0	0	1770327472526
4490	1910	1473	12538	0	0	0	0	1770327473546
4495	1990	1447	12625	0	0	0	0	1770327474675
4477	2023	1272	12587	0	0	0	0	1770327476101
4524	2090	1314	12597	0	0	0	0	1770327477286
4471	2112	1350	12516	0	0	0	0	1770327478705
4541	2125	1446	12607	0	0	0	0	1770327480064
4421	0	1274	12643	0	0	0	0	1770327481349
4475	1973	1325	12704	0	0	0	0	1770327482758
4498	2103	0	12562	0	0	0	0	1770327484207
4508	2147	1370	12611	0	0	0	0	1770327485618
4472	0	1409	12617	0	0	0	0	1770327486848
4460	1935	1414	12649	0	0	0	0	1770327488176
4505	1975	1310	12676	0	0	0	0	1770327489613
4432	2028	1330	12624	0	0	0	0	1770327490945
4487	1972	1364	0	0	0	0	0	1770327492355
4506	0	1395	12648	0	0	0	0	1770327493505
4510	2034	1403	12583	0	0	0	0	1770327494632
4419	2021	1324	12604	0	0	0	0	1770327495802
4475	2071	1344	12667	0	0	0	0	1770327496793
4503	2149	1386	12638	0	0	0	0	1770327498203
4457	2175	1459	12616	0	0	0	0	1770327499391
4504	1919	1386	12539	0	0	0	0	1770327500783
4535	1964	1403	12599	0	0	0	0	1770327502202
4474	2053	0	12651	0	0	0	0	1770327503570
4531	2095	1300	12651	0	0	0	0	1770327504900
4507	2126	1421	0	0	0	0	0	1770327506290
4537	2054	1349	12638	0	0	0	0	1770327507544
4544	2040	1371	12559	0	0	0	0	1770327508971
4482	2093	0	12610	0	0	0	0	1770327510407
4481	2136	1389	12650	0	0	0	0	1770327511764
4529	1855	1394	12663	0	0	0	0	1770327512994
4512	1972	1415	12581	0	0	0	0	1770327514407
4514	0	1410	12523	0	0	0	0	1770327515813
4551	2035	0	12606	0	0	0	0	1770327517041
4496	2189	1420	12538	0	0	0	0	1770327518193
4537	1977	1428	12639	0	0	0	0	1770327519453
4535	2029	1345	12643	0	0	0	0	1770327520339
4442	1926	1328	12668	0	0	0	0	1770327522803
4468	2020	1429	12722	0	0	0	0	1770327524065
4396	2041	1421	12680	0	0	0	0	1770327525285
4450	1986	1384	12581	0	0	0	0	1770327525892
4448	1914	1326	0	0	0	0	0	1770327527102
4470	2034	1348	12648	0	0	0	0	1770327528227
4503	2043	1432	12610	0	0	0	0	1770327529869
4375	2078	1439	12688	0	0	0	0	1770327530939
4433	1809	1328	12687	0	0	0	0	1770327532211
4467	1911	1360	12717	0	0	0	0	1770327533539
4512	0	1397	12525	0	0	0	0	1770327534963
4520	2040	1446	12623	0	0	0	0	1770327536102
4376	2053	1469	12714	0	0	0	0	1770327537543
4453	1910	1178	12733	0	0	0	0	1770327538853
4472	1937	1267	12679	0	0	0	0	1770327540264
4496	1991	0	12688	0	0	0	0	1770327541644
4441	2006	1366	12647	0	0	0	0	1770327542761
4429	2019	1419	12682	0	0	0	0	1770327544188
4480	2068	1383	12702	0	0	0	0	1770327545508
4452	2015	1396	12705	0	0	0	0	1770327546942
4487	1910	1318	0	0	0	0	0	1770327548197
4383	2038	1427	12563	0	0	0	0	1770327549301
4448	2046	1384	12591	0	0	0	0	1770327550467
4459	1949	1428	12673	0	0	0	0	1770327551705
4458	1978	1269	12725	0	0	0	0	1770327553107
4506	2025	1339	12675	0	0	0	0	1770327554334
4459	2042	1425	12460	0	0	0	0	1770327555811
4459	0	1362	12489	0	0	0	0	1770327557080
4420	2049	1310	12648	0	0	0	0	1770327558311
4466	2084	1345	12603	0	0	0	0	1770327559643
4447	1971	1384	12606	0	0	0	0	1770327560940
4489	2029	1407	12484	0	0	0	0	1770327562366
4388	2037	1326	0	0	0	0	0	1770327563837
4432	1888	1353	12551	0	0	0	0	1770327564963
4460	1993	1389	12667	0	0	0	0	1770327566402
4433	1909	1372	12711	0	0	0	0	1770327567842
4481	2030	1383	12714	0	0	0	0	1770327569082
4368	2030	0	12568	0	0	0	0	1770327570436
4419	2060	1387	12634	0	0	0	0	1770327571738
4398	1822	1394	12717	0	0	0	0	1770327572766
4451	1927	1345	12585	0	0	0	0	1770327573900
4473	2060	1433	12607	0	0	0	0	1770327575146
4463	2005	1435	12482	0	0	0	0	1770327576652
4484	1900	1330	12530	0	0	0	0	1770327578016
4486	1950	1371	12552	0	0	0	0	1770327579346
4460	1980	1392	0	0	0	0	0	1770327580590
4471	2043	1395	12657	0	0	0	0	1770327581973
4485	1823	1332	12755	0	0	0	0	1770327583410
4463	1920	1356	12697	0	0	0	0	1770327584830
4446	0	1386	12699	0	0	0	0	1770327586085
4492	1938	1405	12701	0	0	0	0	1770327587200
4416	1981	1429	12704	0	0	0	0	1770327588340
4463	2062	1311	12635	0	0	0	0	1770327589660
4487	1844	1401	12643	0	0	0	0	1770327590978
4358	1932	1410	12682	0	0	0	0	1770327592521
4419	1958	1437	12656	0	0	0	0	1770327593776
4439	1988	0	12705	0	0	0	0	1770327594937
4469	1993	1334	12593	0	0	0	0	1770327596140
4477	2029	1340	12616	0	0	0	0	1770327597326
4348	2015	1428	12629	0	0	0	0	1770327598803
4429	2019	1410	12639	0	0	0	0	1770327600050
4438	2073	1387	12704	0	0	0	0	1770327601862
4454	2013	1326	0	0	0	0	0	1770327603277
4461	1824	1356	12754	0	0	0	0	1770327605661
4467	1967	1428	12588	0	0	0	0	1770327606241
4468	2011	1446	12607	0	0	0	0	1770327606846
4395	2057	1292	12653	0	0	0	0	1770327608176
4422	0	1298	12518	0	0	0	0	1770327609511
4414	2033	1369	12533	0	0	0	0	1770327610640
4435	1823	1465	12485	0	0	0	0	1770327611780
4437	1944	1412	12528	0	0	0	0	1770327612887
4428	1989	1284	12671	0	0	0	0	1770327614320
4482	2054	1307	12582	0	0	0	0	1770327615885
4436	1813	1396	12585	0	0	0	0	1770327617512
4453	1869	1448	12544	0	0	0	0	1770327618338
4439	2001	1466	0	0	0	0	0	1770327619863
4471	2058	0	12633	0	0	0	0	1770327621079
4406	1911	1178	12538	0	0	0	0	1770327622411
4457	1953	1368	0	0	0	0	0	1770327623843
4472	1912	1415	12558	0	0	0	0	1770327625139
4439	1984	0	12639	0	0	0	0	1770327627847
4494	2027	1367	12585	0	0	0	0	1770327628566
4393	1942	1349	12629	0	0	0	0	1770327629401
4448	1917	1388	12688	0	0	0	0	1770327630427
4469	1929	1442	12586	0	0	0	0	1770327631426
4366	1965	1392	12650	0	0	0	0	1770327632974
4460	0	1268	12531	0	0	0	0	1770327634106
4417	1999	1330	12553	0	0	0	0	1770327635270
4457	2030	1389	12586	0	0	0	0	1770327636465
4470	1846	1437	12589	0	0	0	0	1770327638003
4351	1973	1448	12481	0	0	0	0	1770327639527
4421	1870	1294	0	0	0	0	0	1770327640859
4461	1967	1298	12508	0	0	0	0	1770327641929
4471	1968	1399	12590	0	0	0	0	1770327643116
4446	1856	1416	12686	0	0	0	0	1770327644294
4447	1982	1356	12577	0	0	0	0	1770327645984
4457	1909	1366	12546	0	0	0	0	1770327647217
4388	1986	1397	12608	0	0	0	0	1770327648687
4448	1952	0	12643	0	0	0	0	1770327649721
4458	1967	1445	12681	0	0	0	0	1770327650905
4458	1980	1358	12685	0	0	0	0	1770327652063
4429	1989	1399	12661	0	0	0	0	1770327653497
4424	1928	1296	12494	0	0	0	0	1770327654783
4457	1893	1362	12537	0	0	0	0	1770327656053
4406	1987	1420	12561	0	0	0	0	1770327657402
4453	0	1353	12585	0	0	0	0	1770327658674
4424	1994	1388	12593	0	0	0	0	1770327660154
4450	2017	1385	12570	0	0	0	0	1770327661540
4371	1783	1408	12575	0	0	0	0	1770327662884
4463	1887	1413	0	0	0	0	0	1770327664214
4449	1992	1316	12650	0	0	0	0	1770327665328
4470	2013	1424	12565	0	0	0	0	1770327666445
4479	1830	1418	12593	0	0	0	0	1770327667777
4409	1983	1370	12633	0	0	0	0	1770327669229
4477	2010	1386	12637	0	0	0	0	1770327670464
4403	2063	1395	12637	0	0	0	0	1770327671794
4412	1826	1416	12524	0	0	0	0	1770327673109
4444	1937	0	12559	0	0	0	0	1770327674239
4448	1999	1425	12683	0	0	0	0	1770327675524
4484	2018	1412	12694	0	0	0	0	1770327676899
4396	1990	1410	12535	0	0	0	0	1770327678342
4434	1788	1294	12562	0	0	0	0	1770327679662
4444	1872	1394	0	0	0	0	0	1770327681042
4430	1891	1396	12587	0	0	0	0	1770327682431
4477	1955	1425	12552	0	0	0	0	1770327683671
4474	1966	1180	12624	0	0	0	0	1770327685226
4441	0	1333	12554	0	0	0	0	1770327686631
4414	2004	1396	12577	0	0	0	0	1770327687667
4442	1943	1441	12610	0	0	0	0	1770327688928
4390	1928	1290	12491	0	0	0	0	1770327689913
4440	2023	1304	12535	0	0	0	0	1770327691038
4444	1987	1378	12541	0	0	0	0	1770327692456
4431	1833	1467	12561	0	0	0	0	1770327693944
4394	1853	1415	12560	0	0	0	0	1770327695449
4402	1910	1258	0	0	0	0	0	1770327696594
4445	1998	1319	12532	0	0	0	0	1770327697968
4451	1988	1374	12561	0	0	0	0	1770327699254
4358	1815	1469	12582	0	0	0	0	1770327700653
4396	1931	1378	12609	0	0	0	0	1770327702032
4412	1959	0	12633	0	0	0	0	1770327703263
4425	2015	1352	12570	0	0	0	0	1770327704356
4410	1989	1300	12593	0	0	0	0	1770327705773
4426	1963	1404	12611	0	0	0	0	1770327707050
4425	1912	1377	12531	0	0	0	0	1770327708450
4335	1969	1418	12542	0	0	0	0	1770327709989
4420	0	1184	12592	0	0	0	0	1770327711411
4430	2045	1334	12448	0	0	0	0	1770327712226
4430	1805	1425	12537	0	0	0	0	1770327713607
4431	1846	1406	12538	0	0	0	0	1770327715029
4398	1962	1262	12543	0	0	0	0	1770327716458
4437	2040	1297	0	0	0	0	0	1770327717802
4423	1888	1372	12569	0	0	0	0	1770327718879
4432	1928	1457	12577	0	0	0	0	1770327720099
4383	1862	1396	12597	0	0	0	0	1770327721225
4382	1917	1258	12557	0	0	0	0	1770327722704
4435	1979	1317	12450	0	0	0	0	1770327724121
4465	1991	0	12538	0	0	0	0	1770327725584
4476	1823	1328	12540	0	0	0	0	1770327726780
4340	1846	1409	12551	0	0	0	0	1770327727784
4412	1920	1380	12549	0	0	0	0	1770327729113
4406	1981	1282	12550	0	0	0	0	1770327730561
4437	2012	1304	12508	0	0	0	0	1770327731883
4444	1816	1403	12512	0	0	0	0	1770327733316
4388	1968	1475	0	0	0	0	0	1770327734551
4443	1867	1222	12535	0	0	0	0	1770327735973
4367	1987	1279	12489	0	0	0	0	1770327737204
4414	1994	1346	12531	0	0	0	0	1770327738550
4436	1878	1420	12548	0	0	0	0	1770327739991
4442	0	1339	12418	0	0	0	0	1770327741198
4441	2011	1383	12546	0	0	0	0	1770327742320
4440	1893	1284	12531	0	0	0	0	1770327743389
4491	1978	1352	12538	0	0	0	0	1770327744600
4408	1960	1413	12451	0	0	0	0	1770327745908
4438	1977	1328	12472	0	0	0	0	1770327747342
4445	2008	1363	12511	0	0	0	0	1770327748623
4428	2026	1375	12527	0	0	0	0	1770327750063
4360	1990	1402	0	0	0	0	0	1770327751455
4423	1890	1400	12407	0	0	0	0	1770327752707
4430	2014	1317	12522	0	0	0	0	1770327754050
4438	2011	1380	12525	0	0	0	0	1770327755440
4467	2050	0	12609	0	0	0	0	1770327756775
4366	1821	1387	12334	0	0	0	0	1770327757936
4421	1905	1415	12456	0	0	0	0	1770327759237
4448	2016	1337	12360	0	0	0	0	1770327760574
4451	1878	1380	12389	0	0	0	0	1770327761927
4378	1808	1410	12487	0	0	0	0	1770327763334
4409	0	1430	12440	0	0	0	0	1770327764665
4438	1890	1417	12501	0	0	0	0	1770327765772
4438	1948	1422	12405	0	0	0	0	1770327766819
4312	2035	1288	12516	0	0	0	0	1770327768067
4382	1807	1389	12516	0	0	0	0	1770327769481
4397	1932	1406	12532	0	0	0	0	1770327770995
4446	1890	1455	0	0	0	0	0	1770327772326
4429	1974	1182	12555	0	0	0	0	1770327773500
4366	1997	1329	12478	0	0	0	0	1770327774700
4410	2014	1347	12483	0	0	0	0	1770327776216
4303	1958	1354	12517	0	0	0	0	1770327777568
4383	1968	1374	12519	0	0	0	0	1770327778819
4403	2038	0	12569	0	0	0	0	1770327780128
4431	2005	1387	12458	0	0	0	0	1770327781250
4405	1882	1417	12414	0	0	0	0	1770327782577
4408	1927	1469	12510	0	0	0	0	1770327783919
4445	1980	1341	12482	0	0	0	0	1770327785259
4428	2038	1375	12500	0	0	0	0	1770327786568
4455	0	1300	12498	0	0	0	0	1770327787840
4306	1829	1397	12412	0	0	0	0	1770327789135
4385	1945	1395	12484	0	0	0	0	1770327790577
4393	2015	1433	12377	0	0	0	0	1770327791996
4434	2036	1184	12437	0	0	0	0	1770327793360
4420	2083	1320	0	0	0	0	0	1770327794595
4429	1876	1401	12434	0	0	0	0	1770327795683
4419	1898	1341	12448	0	0	0	0	1770327796807
4365	2011	1311	12556	0	0	0	0	1770327797938
4418	2057	1357	12420	0	0	0	0	1770327799378
4425	1901	1404	12526	0	0	0	0	1770327800631
4441	1930	1454	12430	0	0	0	0	1770327801920
4446	1899	1435	12515	0	0	0	0	1770327803359
4389	1956	0	12505	0	0	0	0	1770327804627
4443	2005	1272	12507	0	0	0	0	1770327806085
4388	2007	1284	12564	0	0	0	0	1770327807447
4436	1820	1399	0	0	0	0	0	1770327808720
4336	1922	0	12414	0	0	0	0	1770327810074
4387	1971	1342	12344	0	0	0	0	1770327811240
4408	2037	1347	12414	0	0	0	0	1770327812615
4414	1809	1388	12357	0	0	0	0	1770327813839
4417	1863	1455	12457	0	0	0	0	1770327815438
4413	1985	1337	12432	0	0	0	0	1770327816769
4433	0	1371	12460	0	0	0	0	1770327817919
4366	2033	1290	12430	0	0	0	0	1770327819075
4454	1866	1363	12463	0	0	0	0	1770327820168
4402	1932	1421	12486	0	0	0	0	1770327821481
4384	1917	1321	12488	0	0	0	0	1770327822909
4405	2004	1362	12444	0	0	0	0	1770327824369
4415	2033	1399	12469	0	0	0	0	1770327825684
4456	1945	1445	0	0	0	0	0	1770327827056
4375	1883	1395	12511	0	0	0	0	1770327827955
4396	2002	1403	12492	0	0	0	0	1770327829200
4442	1993	1430	12522	0	0	0	0	1770327830497
4409	2037	1444	12529	0	0	0	0	1770327831940
4402	1761	1415	12539	0	0	0	0	1770327833353
4412	1861	0	12528	0	0	0	0	1770327834708
4432	1909	1424	12460	0	0	0	0	1770327835870
4416	1948	1292	12468	0	0	0	0	1770327837367
4393	2010	1395	12362	0	0	0	0	1770327838588
4429	1961	1415	12440	0	0	0	0	1770327839951
4420	0	1383	12458	0	0	0	0	1770327841367
4427	1820	1311	12500	0	0	0	0	1770327842684
4409	1958	1350	12392	0	0	0	0	1770327843921
4394	1973	1435	12397	0	0	0	0	1770327845386
4447	1828	1372	12473	0	0	0	0	1770327846641
4354	1895	1406	12458	0	0	0	0	1770327848007
4440	1971	1175	0	0	0	0	0	1770327849189
4312	1984	1328	12445	0	0	0	0	1770327850276
4366	1984	1397	12395	0	0	0	0	1770327851483
4355	2011	1429	12402	0	0	0	0	1770327852608
4404	1927	1222	12475	0	0	0	0	1770327854042
4422	1987	1294	12546	0	0	0	0	1770327855370
4393	2003	1364	12411	0	0	0	0	1770327856722
4421	1817	0	12444	0	0	0	0	1770327858133
4387	1901	1373	12472	0	0	0	0	1770327859266
4419	1924	1383	12563	0	0	0	0	1770327860619
4370	2003	1370	12581	0	0	0	0	1770327862026
4425	1960	1341	12508	0	0	0	0	1770327863480
4339	1864	1425	0	0	0	0	0	1770327864799
4388	1905	1368	12494	0	0	0	0	1770327866125
4404	1957	1361	12438	0	0	0	0	1770327867481
4340	2006	1311	12479	0	0	0	0	1770327868797
4398	1816	1347	12479	0	0	0	0	1770327870222
4295	0	1406	12490	0	0	0	0	1770327871473
4351	1895	1440	12525	0	0	0	0	1770327872586
4408	1932	1274	12457	0	0	0	0	1770327873722
4386	1973	1283	12555	0	0	0	0	1770327874945
4424	1976	1368	12575	0	0	0	0	1770327875996
4437	1995	1446	12329	0	0	0	0	1770327877301
4293	1881	1387	12407	0	0	0	0	1770327878730
4369	1933	1284	12439	0	0	0	0	1770327880163
4377	2011	0	12441	0	0	0	0	1770327881491
4431	2062	1307	12486	0	0	0	0	1770327882724
4438	1922	1469	0	0	0	0	0	1770327884089
4355	1888	1292	12443	0	0	0	0	1770327885423
4402	1942	1296	12466	0	0	0	0	1770327886850
4389	2005	0	12353	0	0	0	0	1770327888144
4405	1809	1338	12389	0	0	0	0	1770327889263
4385	1857	1386	12472	0	0	0	0	1770327890520
4400	1957	1476	12462	0	0	0	0	1770327891940
4298	1864	1288	12342	0	0	0	0	1770327893454
4355	1964	1288	12334	0	0	0	0	1770327894633
4389	0	1331	12323	0	0	0	0	1770327896020
4403	1962	1425	12406	0	0	0	0	1770327897164
4427	1893	1408	12215	0	0	0	0	1770327898276
4310	1911	1346	12313	0	0	0	0	1770327899623
4368	2002	1352	12370	0	0	0	0	1770327901079
4386	2033	1389	12460	0	0	0	0	1770327902593
4401	1919	1443	0	0	0	0	0	1770327903818
4359	1926	1334	12442	0	0	0	0	1770327904945
4389	1947	1393	12454	0	0	0	0	1770327906274
4404	1970	1273	12406	0	0	0	0	1770327907718
4343	1952	1344	12375	0	0	0	0	1770327909039
4420	1859	1417	12445	0	0	0	0	1770327910356
4373	1971	0	12458	0	0	0	0	1770327911610
4387	1976	1430	12451	0	0	0	0	1770327912829
4395	2022	1332	12313	0	0	0	0	1770327913987
4404	1754	1355	12345	0	0	0	0	1770327915287
4451	1865	1431	12418	0	0	0	0	1770327916648
4371	1906	1410	12418	0	0	0	0	1770327918082
4410	0	1312	12412	0	0	0	0	1770327919397
4323	1999	1421	0	0	0	0	0	1770327920823
4366	1948	1378	12393	0	0	0	0	1770327922245
4383	1972	1359	12412	0	0	0	0	1770327923545
4398	1979	1371	12419	0	0	0	0	1770327924925
4376	0	1373	12452	0	0	0	0	1770327926038
4365	1967	1391	12423	0	0	0	0	1770327927179
4415	2007	1343	12389	0	0	0	0	1770327928395
4397	1933	1399	12417	0	0	0	0	1770327929728
4401	1983	1341	12488	0	0	0	0	1770327931019
4423	1984	1376	12480	0	0	0	0	1770327932427
4345	1801	0	12381	0	0	0	0	1770327933923
4396	1924	1277	12448	0	0	0	0	1770327935045
4380	1851	1343	12413	0	0	0	0	1770327936286
4444	1956	1369	12435	0	0	0	0	1770327937641
4369	1979	1386	12397	0	0	0	0	1770327939088
4405	2000	1280	0	0	0	0	0	1770327940572
4353	1770	1336	12414	0	0	0	0	1770327941737
4368	1875	1366	12346	0	0	0	0	1770327942835
4423	1979	1426	12248	0	0	0	0	1770327944064
4373	1980	1328	12345	0	0	0	0	1770327945481
4345	2006	1360	12382	0	0	0	0	1770327946860
4389	1936	1367	12430	0	0	0	0	1770327948157
4330	1968	1400	12472	0	0	0	0	1770327949494
4351	0	1463	12286	0	0	0	0	1770327950650
4414	2030	1177	12330	0	0	0	0	1770327951738
4392	1823	1319	12431	0	0	0	0	1770327953098
4297	1850	1350	12437	0	0	0	0	1770327954595
4364	1891	1364	12429	0	0	0	0	1770327956031
4380	1981	1380	12427	0	0	0	0	1770327957258
4362	1970	1392	0	0	0	0	0	1770327958601
4398	1798	1429	12400	0	0	0	0	1770327960021
4315	1837	1431	12440	0	0	0	0	1770327961358
4363	1906	1424	12403	0	0	0	0	1770327962792
4404	2002	0	12414	0	0	0	0	1770327964029
4438	1946	1426	12326	0	0	0	0	1770327965255
4444	1961	1312	12356	0	0	0	0	1770327966277
4294	1862	1412	12456	0	0	0	0	1770327967499
4365	1915	1396	12351	0	0	0	0	1770327968929
4373	1983	1431	12307	0	0	0	0	1770327970165
4384	1993	1178	12362	0	0	0	0	1770327971602
4410	1807	1333	12409	0	0	0	0	1770327973026
4409	0	1389	12346	0	0	0	0	1770327974171
4421	1909	1427	12309	0	0	0	0	1770327975285
4357	1952	1323	12371	0	0	0	0	1770327976612
4429	2022	1298	12316	0	0	0	0	1770327977952
4370	1792	1371	12394	0	0	0	0	1770327979273
4371	1840	1448	12405	0	0	0	0	1770327980876
4396	1948	1389	0	0	0	0	0	1770327981950
4387	2013	1260	12429	0	0	0	0	1770327983382
4437	1844	1293	12330	0	0	0	0	1770327984713
4379	1902	1396	12336	0	0	0	0	1770327986045
4359	1905	1480	12360	0	0	0	0	1770327987281
4319	1989	0	12400	0	0	0	0	1770327988605
4373	2020	1274	12434	0	0	0	0	1770327989736
4396	1911	1282	12416	0	0	0	0	1770327990867
4405	1884	1335	12421	0	0	0	0	1770327991927
4389	1980	1409	12446	0	0	0	0	1770327993359
4383	1966	1427	12460	0	0	0	0	1770327994852
4404	2021	1344	12443	0	0	0	0	1770327996217
4349	1745	1377	0	0	0	0	0	1770327997511
4416	1862	1334	12313	0	0	0	0	1770327998784
4374	1981	1428	12333	0	0	0	0	1770328000220
4363	1987	1428	12401	0	0	0	0	1770328001719
4386	1828	1292	12366	0	0	0	0	1770328002940
4349	0	1333	12387	0	0	0	0	1770328004170
4419	1902	1374	12291	0	0	0	0	1770328005292
4357	1954	1393	12346	0	0	0	0	1770328006416
4336	1965	1320	12383	0	0	0	0	1770328007791
4386	1980	1338	12407	0	0	0	0	1770328009192
4359	1894	1377	12415	0	0	0	0	1770328010628
4364	1866	1440	12394	0	0	0	0	1770328011848
4379	1969	0	12425	0	0	0	0	1770328013167
4322	1966	1337	12430	0	0	0	0	1770328014305
4367	1994	1371	12459	0	0	0	0	1770328015828
4335	1779	1279	12384	0	0	0	0	1770328017214
4381	1878	1348	12372	0	0	0	0	1770328018511
4393	2001	1421	0	0	0	0	0	1770328019830
4394	1945	1334	12444	0	0	0	0	1770328020950
4293	1828	1368	12418	0	0	0	0	1770328022225
4350	1877	1386	12428	0	0	0	0	1770328023556
4378	1929	1401	12450	0	0	0	0	1770328024908
4361	1953	1415	12330	0	0	0	0	1770328026293
4371	0	1329	12419	0	0	0	0	1770328027553
4333	1956	1392	12460	0	0	0	0	1770328028647
4372	1783	1399	12424	0	0	0	0	1770328029857
4306	1871	1434	12431	0	0	0	0	1770328031234
4344	1931	1341	12227	0	0	0	0	1770328032541
4406	2016	1345	12309	0	0	0	0	1770328033875
4372	1767	1425	12420	0	0	0	0	1770328035309
4400	1869	1421	0	0	0	0	0	1770328036515
4312	1893	1405	12424	0	0	0	0	1770328037929
4357	1934	1328	12352	0	0	0	0	1770328039190
4371	1943	1356	12229	0	0	0	0	1770328040525
4364	1965	1414	12286	0	0	0	0	1770328041961
4301	1955	0	12347	0	0	0	0	1770328043185
4347	1957	1439	12353	0	0	0	0	1770328044310
4376	2036	1292	12409	0	0	0	0	1770328045585
4333	1970	1292	12178	0	0	0	0	1770328046884
4353	1744	1373	12272	0	0	0	0	1770328048344
4388	1884	1457	12401	0	0	0	0	1770328049775
4336	0	1373	12435	0	0	0	0	1770328051077
4358	1931	1262	12436	0	0	0	0	1770328052302
4374	1983	1317	12260	0	0	0	0	1770328053735
4402	1978	1380	12328	0	0	0	0	1770328054962
4414	1807	1463	12469	0	0	0	0	1770328056394
4339	1825	1398	0	0	0	0	0	1770328057838
4358	1898	1344	12282	0	0	0	0	1770328058858
4364	1970	1300	12314	0	0	0	0	1770328059963
4391	1992	1393	12350	0	0	0	0	1770328061153
4391	1888	1406	12369	0	0	0	0	1770328062434
