3261	2675	2098	4258	0	0	0	0	1780930070452
3276	2682	2112	4236	0	0	0	0	1780930071926
3265	2697	2120	4246	0	0	0	0	1780930073360
3386	2719	2130	0	0	0	0	0	1780930075043
3341	2708	2200	4401	0	0	0	0	1780930076060
3359	2756	2217	4341	0	0	0	0	1780930077058
3296	2736	2186	4262	0	0	0	0	1780930078075
3449	2780	2148	4279	0	0	0	0	1780930079084
3328	2704	2149	4315	0	0	0	0	1780930080089
3325	2798	2132	4404	0	0	0	0	1780930081093
3329	2811	2195	4411	0	0	0	0	1780930082105
3366	2730	2131	4291	0	0	0	0	1780930083095
3391	2709	2210	4323	0	0	0	0	1780930084107
3426	2731	2209	4392	0	0	0	0	1780930085106
3311	2729	2174	4343	0	0	0	0	1780930086120
3315	2810	2131	4355	0	0	0	0	1780930087121
3324	2810	2149	4425	0	0	0	0	1780930088124
3359	2785	2212	4453	0	0	0	0	1780930089147
3343	2804	2200	4280	0	0	0	0	1780930090137
3364	2811	2125	4338	0	0	0	0	1780930091143
3324	2811	2212	4354	0	0	0	0	1780930092139
3333	2723	2216	4376	0	0	0	0	1780930093139
3343	2716	2147	4363	0	0	0	0	1780930094137
3403	2702	2155	4307	0	0	0	0	1780930095148
3367	2803	2170	4312	0	0	0	0	1780930096146
3440	2757	2151	4363	0	0	0	0	1780930097145
3426	2702	2125	4384	0	0	0	0	1780930098140
3331	2743	2215	4309	0	0	0	0	1780930099146
3335	2749	2144	4338	0	0	0	0	1780930100155
3422	2819	2208	4270	0	0	0	0	1780930101166
3419	2772	2191	4285	0	0	0	0	1780930102156
3291	2789	2216	4302	0	0	0	0	1780930103159
3373	2783	2156	4379	0	0	0	0	1780930104155
3292	2709	2221	4382	0	0	0	0	1780930106393
3437	2710	2149	4246	0	0	0	0	1780930107387
3328	2738	2203	4335	0	0	0	0	1780930108386
3421	2793	2209	4446	0	0	0	0	1780930109388
3327	2788	2225	4381	0	0	0	0	1780930110386
3299	2771	2165	4310	0	0	0	0	1780930111404
3357	2763	2225	4289	0	0	0	0	1780930112402
3349	2784	2171	4354	0	0	0	0	1780930113409
3408	2741	2192	4299	0	0	0	0	1780930114402
3333	2784	2196	4291	0	0	0	0	1780930115413
3325	2704	2149	4392	0	0	0	0	1780930116403
3341	2742	2185	4331	0	0	0	0	1780930117404
3379	2712	2180	4282	0	0	0	0	1780930118408
3428	2728	2193	4301	0	0	0	0	1780930119403
3433	2754	2166	4299	0	0	0	0	1780930120411
3399	2713	2130	4358	0	0	0	0	1780930121402
3371	2788	2173	4381	0	0	0	0	1780930122405
3421	2791	2218	4303	0	0	0	0	1780930123404
3376	2721	2131	4330	0	0	0	0	1780930124411
3407	2742	2218	4305	0	0	0	0	1780930125414
3399	2712	2165	4448	0	0	0	0	1780930126411
3357	2723	2225	4387	0	0	0	0	1780930127401
3393	2797	2132	4393	0	0	0	0	1780930128405
3323	2810	2120	4443	0	0	0	0	1780930129403
3333	2810	2212	4254	0	0	0	0	1780930130405
3417	2821	2202	4301	0	0	0	0	1780930131402
3408	2719	2152	4354	0	0	0	0	1780930132408
3403	2791	2149	4371	0	0	0	0	1780930133419
3446	2736	2184	4260	0	0	0	0	1780930134420
3390	2774	2208	4267	0	0	0	0	1780930135418
3387	2825	2131	4410	0	0	0	0	1780930136418
3314	2717	2135	4288	0	0	0	0	1780930137420
3426	2744	2148	4443	0	0	0	0	1780930138425
3326	2826	2138	4330	0	0	0	0	1780930139419
3430	2771	2144	4335	0	0	0	0	1780930140427
3370	2707	2218	4253	0	0	0	0	1780930141418
3328	2774	2138	4425	0	0	0	0	1780930142421
3364	2829	2144	4422	0	0	0	0	1780930143419
3378	2816	2121	4368	0	0	0	0	1780930144422
3423	2810	2219	4270	0	0	0	0	1780930145433
3399	2704	2201	4262	0	0	0	0	1780930146433
3342	2754	2196	4309	0	0	0	0	1780930147435
3361	2806	2173	4434	0	0	0	0	1780930148443
3407	2768	2195	4308	0	0	0	0	1780930149433
3293	2714	2217	4372	0	0	0	0	1780930150437
3342	2712	2190	4387	0	0	0	0	1780930151435
3439	2767	2173	4336	0	0	0	0	1780930152440
3438	2733	2203	4393	0	0	0	0	1780930153451
3439	2816	2167	4379	0	0	0	0	1780930154459
3363	2827	2203	4331	0	0	0	0	1780930155463
3329	2716	2128	4330	0	0	0	0	1780930156454
3447	2784	2143	4252	0	0	0	0	1780930157468
3434	2744	2187	4313	0	0	0	0	1780930158472
3316	2714	2160	4424	0	0	0	0	1780930159467
3425	2728	2205	4352	0	0	0	0	1780930160469
3403	2741	2183	4352	0	0	0	0	1780930161468
3383	2733	2223	4366	0	0	0	0	1780930162476
3313	2738	2169	4363	0	0	0	0	1780930163479
3343	2824	2219	4417	0	0	0	0	1780930164494
3349	2706	2138	4304	0	0	0	0	1780930165495
3398	2764	2167	4451	0	0	0	0	1780930166510
3403	2720	2154	4446	0	0	0	0	1780930167513
3300	2771	2216	4324	0	0	0	0	1780930168518
3323	2746	2173	4383	0	0	0	0	1780930169519
3406	2797	2203	4302	0	0	0	0	1780930170519
3371	2781	2210	4306	0	0	0	0	1780930171514
3322	2826	2199	4419	0	0	0	0	1780930172517
3429	2818	2199	4321	0	0	0	0	1780930173511
3366	2697	2186	4383	0	0	0	0	1780930174518
3322	2830	2169	4431	0	0	0	0	1780930175525
3400	2742	2190	4336	0	0	0	0	1780930176523
3430	2799	2134	4443	0	0	0	0	1780930177530
3336	2787	2149	4387	0	0	0	0	1780930178528
3353	2713	2187	4359	0	0	0	0	1780930179548
3330	2718	2132	4450	0	0	0	0	1780930180553
3439	2743	2214	4303	0	0	0	0	1780930181560
3400	2773	2124	4332	0	0	0	0	1780930182571
3313	2807	2173	4407	0	0	0	0	1780930183579
3386	2725	2217	4406	0	0	0	0	1780930184579
3422	2826	2210	4392	0	0	0	0	1780930185582
3437	2781	2184	4326	0	0	0	0	1780930186575
3363	2699	2161	4259	0	0	0	0	1780930187580
3343	2734	2138	4371	0	0	0	0	1780930188588
3356	2698	2187	4392	0	0	0	0	1780930189593
3443	2793	2179	4395	0	0	0	0	1780930190598
3312	2741	2198	4305	0	0	0	0	1780930191590
3385	2702	2210	4337	0	0	0	0	1780930192588
3389	2818	2212	4389	0	0	0	0	1780930193608
3330	2766	2161	4275	0	0	0	0	1780930194607
3338	2701	2150	4254	0	0	0	0	1780930195615
3350	2739	2132	4436	0	0	0	0	1780930196614
3315	2779	2161	4399	0	0	0	0	1780930197612
3448	2796	2175	4391	0	0	0	0	1780930198605
3452	2738	2155	4294	0	0	0	0	1780930199606
3442	2759	2205	4407	0	0	0	0	1780930200607
3382	2825	2152	4435	0	0	0	0	1780930201604
3366	2768	2162	4261	0	0	0	0	1780930202608
3405	2763	2172	4403	0	0	0	0	1780930203610
3414	2709	2194	4409	0	0	0	0	1780930204605
3380	2742	2206	4274	0	0	0	0	1780930205606
3445	2716	2162	4317	0	0	0	0	1780930206610
3332	2766	2155	4326	0	0	0	0	1780930207619
3412	2818	2178	4345	0	0	0	0	1780930208607
3382	2779	2208	4433	0	0	0	0	1780930209605
3385	2829	2131	4369	0	0	0	0	1780930210614
3424	2715	2217	4247	0	0	0	0	1780930211605
3315	2707	2181	4286	0	0	0	0	1780930212606
3448	2819	2215	4298	0	0	0	0	1780930213605
3377	2791	2211	4372	0	0	0	0	1780930214613
3301	2727	2160	4284	0	0	0	0	1780930215611
3327	2700	2122	4450	0	0	0	0	1780930216607
3427	2814	2137	4312	0	0	0	0	1780930217606
3336	2781	2200	4434	0	0	0	0	1780930218607
3448	2727	2127	4317	0	0	0	0	1780930219623
3306	2713	2133	4302	0	0	0	0	1780930220624
3442	2768	2190	4350	0	0	0	0	1780930221621
3428	2699	2147	4362	0	0	0	0	1780930222624
3310	2797	2146	4352	0	0	0	0	1780930223623
3395	2729	2199	4378	0	0	0	0	1780930224620
3391	2721	2169	4420	0	0	0	0	1780930225622
3342	2750	2123	4285	0	0	0	0	1780930226621
3292	2776	2181	4414	0	0	0	0	1780930227622
3418	2802	2168	4445	0	0	0	0	1780930228629
3378	2700	2207	4307	0	0	0	0	1780930229628
3302	2814	2198	4292	0	0	0	0	1780930230624
3371	2747	2125	4372	0	0	0	0	1780930231636
3441	2801	2225	4267	0	0	0	0	1780930232651
3370	2706	2124	4400	0	0	0	0	1780930233656
3343	2757	2137	4321	0	0	0	0	1780930234656
3424	2701	2166	4426	0	0	0	0	1780930235659
3368	2820	2191	4364	0	0	0	0	1780930236656
3300	2702	2225	4308	0	0	0	0	1780930237653
3304	2745	2132	4348	0	0	0	0	1780930238651
3324	2825	2215	4453	0	0	0	0	1780930239654
3432	2778	2213	4426	0	0	0	0	1780930240652
3323	2768	2203	4408	0	0	0	0	1780930241654
3452	2742	2139	4271	0	0	0	0	1780930242652
3324	2814	2186	4412	0	0	0	0	1780930243654
3438	2711	2160	4399	0	0	0	0	1780930244651
3445	2818	2160	4250	0	0	0	0	1780930245659
3390	2814	2148	4254	0	0	0	0	1780930246668
3402	2804	2187	4430	0	0	0	0	1780930247675
3380	2826	2165	4406	0	0	0	0	1780930248681
3302	2778	2157	4349	0	0	0	0	1780930249683
3367	2790	2219	4371	0	0	0	0	1780930250685
3449	2770	2133	4428	0	0	0	0	1780930251703
3402	2725	2135	4457	0	0	0	0	1780930252712
3421	2755	2126	4412	0	0	0	0	1780930253702
3426	2829	2158	4305	0	0	0	0	1780930254698
3304	2803	2132	4276	0	0	0	0	1780930255701
3374	2809	2220	4417	0	0	0	0	1780930256715
3323	2816	2147	4427	0	0	0	0	1780930257723
3391	2783	2125	4276	0	0	0	0	1780930258714
3398	2737	2146	4435	0	0	0	0	1780930259714
3403	2818	2165	4383	0	0	0	0	1780930260714
3354	2753	2130	4315	0	0	0	0	1780930261718
3294	2783	2134	4246	0	0	0	0	1780930262716
3414	2800	2176	4270	0	0	0	0	1780930263731
3349	2699	2142	4267	0	0	0	0	1780930264731
3299	2746	2183	4325	0	0	0	0	1780930265731
3373	2746	2209	4362	0	0	0	0	1780930266748
3292	2713	2183	4297	0	0	0	0	1780930267757
3398	2769	2121	4408	0	0	0	0	1780930268745
3366	2718	2218	4259	0	0	0	0	1780930269748
3441	2756	2221	4357	0	0	0	0	1780930270749
3293	2721	2155	4286	0	0	0	0	1780930271749
3317	2765	2147	4429	0	0	0	0	1780930272747
3429	2722	2185	4324	0	0	0	0	1780930273746
3343	2757	2190	4307	0	0	0	0	1780930274748
3342	2806	2128	4445	0	0	0	0	1780930275745
3422	2802	2223	4305	0	0	0	0	1780930276748
3444	2768	2128	4327	0	0	0	0	1780930277749
3344	2806	2152	4281	0	0	0	0	1780930278747
3380	2752	2167	4252	0	0	0	0	1780930279746
3434	2711	2154	4307	0	0	0	0	1780930280763
3353	2816	2139	4340	0	0	0	0	1780930281770
3372	2782	2139	4320	0	0	0	0	1780930282763
3428	2810	2172	4276	0	0	0	0	1780930283760
3291	2780	2207	4261	0	0	0	0	1780930284777
3436	2812	2195	4324	0	0	0	0	1780930285782
3309	2763	2138	4410	0	0	0	0	1780930286795
3387	2811	2175	4277	0	0	0	0	1780930287800
3309	2818	2219	4392	0	0	0	0	1780930288804
3328	2783	2197	4340	0	0	0	0	1780930289793
3413	2705	2158	4340	0	0	0	0	1780930290796
3326	2784	2215	4425	0	0	0	0	1780930291810
3358	2787	2145	4401	0	0	0	0	1780930292807
3451	2700	2209	4381	0	0	0	0	1780930293811
3295	2812	2170	4253	0	0	0	0	1780930294822
3383	2757	2144	4309	0	0	0	0	1780930295807
3381	2722	2203	4349	0	0	0	0	1780930296822
3376	2766	2182	4316	0	0	0	0	1780930297809
3296	2701	2183	4357	0	0	0	0	1780930298812
3397	2718	2150	4337	0	0	0	0	1780930299814
3329	2760	2141	4269	0	0	0	0	1780930300828
3424	2817	2157	4415	0	0	0	0	1780930301826
3367	2715	2207	4314	0	0	0	0	1780930302837
3366	2786	2222	4383	0	0	0	0	1780930303825
3447	2778	2136	4385	0	0	0	0	1780930304827
3384	2793	2142	4349	0	0	0	0	1780930305830
3423	2716	2140	4263	0	0	0	0	1780930306827
3440	2807	2155	4364	0	0	0	0	1780930307836
3451	2721	2196	4368	0	0	0	0	1780930308825
3356	2749	2185	4393	0	0	0	0	1780930309823
3343	2812	2200	4452	0	0	0	0	1780930310836
3395	2698	2211	4284	0	0	0	0	1780930311825
3378	2828	2154	4397	0	0	0	0	1780930312827
3329	2813	2147	4359	0	0	0	0	1780930313829
3354	2731	2148	4403	0	0	0	0	1780930314844
3347	2778	2186	4301	0	0	0	0	1780930315844
3353	2745	2189	4383	0	0	0	0	1780930316860
3401	2821	2131	4372	0	0	0	0	1780930317862
3410	2796	2168	4372	0	0	0	0	1780930318873
3391	2814	2189	4399	0	0	0	0	1780930319872
3418	2757	2124	4337	0	0	0	0	1780930320891
3417	2782	2189	4353	0	0	0	0	1780930321888
3379	2697	2199	4357	0	0	0	0	1780930322886
3299	2701	2152	4428	0	0	0	0	1780930323895
3433	2720	2186	4321	0	0	0	0	1780930324896
3353	2825	2218	4247	0	0	0	0	1780930325886
3308	2801	2206	4378	0	0	0	0	1780930326886
3436	2804	2141	4413	0	0	0	0	1780930327889
3331	2819	2142	4424	0	0	0	0	1780930328908
3451	2724	2203	4300	0	0	0	0	1780930329910
3313	2728	2143	4424	0	0	0	0	1780930330902
3375	2708	2209	4442	0	0	0	0	1780930331901
3346	2795	2193	4311	0	0	0	0	1780930332904
3324	2749	2216	4427	0	0	0	0	1780930333906
3446	2801	2200	4433	0	0	0	0	1780930334906
3309	2806	2225	4338	0	0	0	0	1780930335909
3450	2829	2124	4446	0	0	0	0	1780930336901
3364	2741	2219	4347	0	0	0	0	1780930337912
3401	2726	2127	4325	0	0	0	0	1780930338923
3451	2737	2181	4395	0	0	0	0	1780930339969
3348	2738	2142	4408	0	0	0	0	1780930340919
3292	2790	2213	4404	0	0	0	0	1780930341925
3323	2798	2188	4437	0	0	0	0	1780930342923
3443	2756	2143	4329	0	0	0	0	1780930343926
3330	2715	2123	4433	0	0	0	0	1780930344917
3374	2787	2157	4363	0	0	0	0	1780930345918
3348	2735	2158	4259	0	0	0	0	1780930346924
3300	2726	2195	4399	0	0	0	0	1780930347925
3312	2824	2222	4337	0	0	0	0	1780930348922
3295	2811	2120	4421	0	0	0	0	1780930349931
3435	2768	2134	4375	0	0	0	0	1780930350918
3312	2795	2208	4418	0	0	0	0	1780930351928
3327	2768	2213	4402	0	0	0	0	1780930352918
3340	2698	2202	4332	0	0	0	0	1780930353919
3327	2783	2158	4327	0	0	0	0	1780930354918
3445	2812	2127	4432	0	0	0	0	1780930355925
3321	2821	2204	4293	0	0	0	0	1780930356918
3400	2818	2210	4415	0	0	0	0	1780930357918
3371	2726	2125	4315	0	0	0	0	1780930358918
3338	2729	2201	4266	0	0	0	0	1780930359926
3414	2782	2206	4247	0	0	0	0	1780930360923
3371	2709	2205	4261	0	0	0	0	1780930361925
3294	2803	2183	4324	0	0	0	0	1780930362918
3450	2808	2153	4445	0	0	0	0	1780930363916
3303	2820	2222	4381	0	0	0	0	1780930364918
3404	2800	2155	4253	0	0	0	0	1780930365921
3354	2709	2177	4380	0	0	0	0	1780930366924
3445	2700	2182	4257	0	0	0	0	1780930367924
3410	2721	2147	4432	0	0	0	0	1780930368918
3413	2718	2204	4274	0	0	0	0	1780930369952
3443	2822	2218	4279	0	0	0	0	1780930370918
3304	2722	2134	4436	0	0	0	0	1780930371922
3363	2790	2202	4457	0	0	0	0	1780930372920
3330	2773	2157	4316	0	0	0	0	1780930373918
3420	2737	2122	4327	0	0	0	0	1780930374919
3388	2723	2193	4282	0	0	0	0	1780930375918
3343	2711	2176	4417	0	0	0	0	1780930376917
3369	2766	2141	4308	0	0	0	0	1780930377925
3392	2768	2145	4340	0	0	0	0	1780930378921
3382	2771	2206	4401	0	0	0	0	1780930379918
3452	2822	2158	4276	0	0	0	0	1780930380934
3294	2739	2150	4308	0	0	0	0	1780930381951
3389	2725	2159	4419	0	0	0	0	1780930382956
3375	2816	2132	4258	0	0	0	0	1780930383949
3450	2790	2216	4317	0	0	0	0	1780930384951
3403	2756	2195	4415	0	0	0	0	1780930385949
3424	2814	2132	4434	0	0	0	0	1780930386957
3332	2767	2130	4361	0	0	0	0	1780930387961
3402	2761	2158	4259	0	0	0	0	1780930388956
3309	2830	2188	4416	0	0	0	0	1780930389952
3290	2827	2143	4369	0	0	0	0	1780930390955
3414	2719	2225	4308	0	0	0	0	1780930391960
3354	2757	2141	4368	0	0	0	0	1780930392962
3312	2738	2148	4246	0	0	0	0	1780930393957
3344	2826	2217	4269	0	0	0	0	1780930394949
3290	2796	2122	4452	0	0	0	0	1780930395958
3418	2765	2159	4273	0	0	0	0	1780930396949
3381	2802	2162	4272	0	0	0	0	1780930397950
3290	2755	2154	4248	0	0	0	0	1780930398956
