3792	3978	3115	2821	0	0	0	0	1782488591511
3810	3976	3179	2778	0	0	0	0	1782488592316
3831	3987	3194	2805	0	0	0	0	1782488593747
3940	4174	3316	0	0	0	0	0	1782488594947
3949	4059	3270	2873	0	0	0	0	1782488596001
3884	4054	3258	2881	0	0	0	0	1782488596941
3840	4156	3225	2861	0	0	0	0	1782488597940
3836	4036	3230	2851	0	0	0	0	1782488598948
3847	4168	3257	2919	0	0	0	0	1782488599960
3940	4009	3327	2816	0	0	0	0	1782488600962
3844	4137	3238	2832	0	0	0	0	1782488601956
4008	4069	3313	2917	0	0	0	0	1782488602957
3981	4008	3222	2890	0	0	0	0	1782488603956
3917	4007	3276	2822	0	0	0	0	1782488604962
3939	4108	3312	2835	0	0	0	0	1782488605959
3946	4048	3322	2814	0	0	0	0	1782488606958
3984	4155	3258	2926	0	0	0	0	1782488607974
3939	3987	3337	2858	0	0	0	0	1782488608973
3903	4171	3283	2815	0	0	0	0	1782488609987
4008	4092	3248	2822	0	0	0	0	1782488610994
3996	4054	3205	2926	0	0	0	0	1782488611992
3923	4065	3329	2848	0	0	0	0	1782488612995
3841	4054	3233	2892	0	0	0	0	1782488613987
3927	4121	3274	2943	0	0	0	0	1782488614994
3944	4056	3252	2853	0	0	0	0	1782488615992
4021	4179	3233	2865	0	0	0	0	1782488616995
3911	4150	3343	2875	0	0	0	0	1782488618003
3922	4107	3274	2906	0	0	0	0	1782488619004
3883	4077	3229	2890	0	0	0	0	1782488620060
3987	4078	3350	2875	0	0	0	0	1782488621004
3919	4107	3331	2806	0	0	0	0	1782488622002
3839	4119	3199	2923	0	0	0	0	1782488623010
3969	4179	3236	2820	0	0	0	0	1782488624002
3983	4165	3218	2905	0	0	0	0	1782488625002
3850	4146	3282	2897	0	0	0	0	1782488626600
3969	4044	3265	2860	0	0	0	0	1782488627602
3917	4151	3290	2857	0	0	0	0	1782488628601
3943	4090	3283	2834	0	0	0	0	1782488629609
4019	4106	3348	2817	0	0	0	0	1782488630616
3849	4101	3223	2873	0	0	0	0	1782488631618
3882	4162	3224	2874	0	0	0	0	1782488632616
3971	3989	3336	2805	0	0	0	0	1782488633620
3858	4163	3352	2916	0	0	0	0	1782488634613
4013	4027	3292	2845	0	0	0	0	1782488635612
3849	4078	3246	2824	0	0	0	0	1782488636614
3925	4141	3298	2869	0	0	0	0	1782488637620
3911	4152	3213	2930	0	0	0	0	1782488638613
4007	4123	3323	2838	0	0	0	0	1782488639615
3953	4042	3276	2819	0	0	0	0	1782488640612
3857	4086	3206	2854	0	0	0	0	1782488641619
3863	4004	3307	2897	0	0	0	0	1782488642616
3861	4110	3267	2904	0	0	0	0	1782488643614
3924	3992	3346	2838	0	0	0	0	1782488644632
3949	4002	3257	2861	0	0	0	0	1782488645628
4004	4009	3194	2904	0	0	0	0	1782488646648
3959	4104	3239	2894	0	0	0	0	1782488647651
3913	4046	3311	2933	0	0	0	0	1782488648643
3922	4157	3239	2828	0	0	0	0	1782488649650
3993	4061	3292	2839	0	0	0	0	1782488650664
4001	4141	3352	2866	0	0	0	0	1782488651666
3987	4019	3206	2828	0	0	0	0	1782488652658
4011	4034	3194	2886	0	0	0	0	1782488653660
4012	4105	3286	2841	0	0	0	0	1782488654664
3913	4090	3329	2884	0	0	0	0	1782488655667
3894	4134	3279	2817	0	0	0	0	1782488656658
3839	4100	3276	2822	0	0	0	0	1782488657666
3869	4127	3311	2927	0	0	0	0	1782488658662
3848	4167	3335	2870	0	0	0	0	1782488659660
3848	4016	3258	2921	0	0	0	0	1782488660658
3905	4001	3209	2943	0	0	0	0	1782488661667
3847	3997	3328	2874	0	0	0	0	1782488662659
3890	3991	3212	2841	0	0	0	0	1782488663663
3869	4063	3324	2830	0	0	0	0	1782488664664
3965	4138	3345	2848	0	0	0	0	1782488665666
3945	3990	3212	2820	0	0	0	0	1782488666659
3944	4028	3271	2833	0	0	0	0	1782488667680
3894	4037	3195	2871	0	0	0	0	1782488668675
3976	4057	3240	2901	0	0	0	0	1782488669683
3956	4034	3222	2897	0	0	0	0	1782488670675
3850	4178	3323	2820	0	0	0	0	1782488671674
3877	4180	3300	2817	0	0	0	0	1782488672674
3917	4027	3322	2811	0	0	0	0	1782488673683
3834	4164	3238	2939	0	0	0	0	1782488674694
3862	4094	3211	2850	0	0	0	0	1782488675696
3902	3998	3194	2883	0	0	0	0	1782488676690
3985	4157	3277	2832	0	0	0	0	1782488677699
3943	4166	3347	2854	0	0	0	0	1782488678690
3890	4155	3330	2810	0	0	0	0	1782488679695
3942	4036	3255	2937	0	0	0	0	1782488680689
3936	4116	3270	2927	0	0	0	0	1782488681699
3852	4098	3314	2892	0	0	0	0	1782488682690
3859	4131	3234	2903	0	0	0	0	1782488683699
3952	4075	3332	2931	0	0	0	0	1782488684707
3994	4115	3310	2847	0	0	0	0	1782488685705
3841	4071	3350	2873	0	0	0	0	1782488686722
3856	4152	3243	2822	0	0	0	0	1782488687727
3882	4104	3240	2836	0	0	0	0	1782488688723
3989	4087	3318	2931	0	0	0	0	1782488689731
3877	4164	3241	2906	0	0	0	0	1782488690722
4005	4167	3281	2909	0	0	0	0	1782488691729
3895	4110	3343	2899	0	0	0	0	1782488692722
3878	4075	3247	2818	0	0	0	0	1782488693730
3963	4085	3330	2853	0	0	0	0	1782488694736
3894	3994	3284	2925	0	0	0	0	1782488695731
3963	4057	3220	2906	0	0	0	0	1782488696722
4009	4013	3273	2848	0	0	0	0	1782488697731
4002	4003	3313	2810	0	0	0	0	1782488698744
3867	4095	3349	2938	0	0	0	0	1782488699739
3948	4139	3211	2855	0	0	0	0	1782488700740
3881	4109	3314	2814	0	0	0	0	1782488701746
3866	4012	3329	2846	0	0	0	0	1782488702739
3925	4169	3208	2930	0	0	0	0	1782488703742
3886	4095	3312	2885	0	0	0	0	1782488704738
3848	4098	3288	2898	0	0	0	0	1782488705750
3881	4044	3251	2911	0	0	0	0	1782488706738
3910	4000	3300	2842	0	0	0	0	1782488707741
3954	4061	3238	2893	0	0	0	0	1782488708738
3866	4022	3284	2943	0	0	0	0	1782488709746
3832	4182	3205	2849	0	0	0	0	1782488710738
3873	4099	3288	2862	0	0	0	0	1782488711752
3993	4082	3212	2830	0	0	0	0	1782488712758
3958	4079	3261	2935	0	0	0	0	1782488713768
3959	4184	3253	2870	0	0	0	0	1782488714769
4006	4098	3325	2932	0	0	0	0	1782488715779
3990	4103	3284	2892	0	0	0	0	1782488716771
3917	4010	3286	2916	0	0	0	0	1782488717768
3853	4125	3341	2878	0	0	0	0	1782488718770
3903	3995	3330	2909	0	0	0	0	1782488719784
3954	4012	3259	2847	0	0	0	0	1782488720786
3883	4082	3235	2842	0	0	0	0	1782488721784
3964	4183	3249	2934	0	0	0	0	1782488722786
3932	4002	3335	2869	0	0	0	0	1782488723799
3974	4156	3226	2902	0	0	0	0	1782488724802
3889	4002	3332	2930	0	0	0	0	1782488725815
3987	4159	3342	2860	0	0	0	0	1782488726819
3929	4133	3352	2886	0	0	0	0	1782488727829
3887	4003	3215	2928	0	0	0	0	1782488728816
3851	4168	3333	2833	0	0	0	0	1782488729834
3926	4126	3342	2836	0	0	0	0	1782488730834
3848	4184	3282	2905	0	0	0	0	1782488731844
3867	4173	3305	2888	0	0	0	0	1782488732834
3940	4120	3282	2940	0	0	0	0	1782488733832
3918	4008	3205	2900	0	0	0	0	1782488734831
3892	4119	3238	2930	0	0	0	0	1782488735844
3895	4108	3308	2861	0	0	0	0	1782488736834
3949	4057	3342	2885	0	0	0	0	1782488737845
3902	4032	3338	2927	0	0	0	0	1782488738834
3835	4117	3287	2927	0	0	0	0	1782488739933
3913	4038	3302	2841	0	0	0	0	1782488740835
3869	4084	3211	2811	0	0	0	0	1782488741848
3865	4114	3221	2865	0	0	0	0	1782488742866
3867	4156	3201	2812	0	0	0	0	1782488743864
3898	4041	3207	2873	0	0	0	0	1782488744865
4013	4001	3264	2881	0	0	0	0	1782488745879
4018	4043	3274	2881	0	0	0	0	1782488746883
3853	3999	3220	2847	0	0	0	0	1782488747880
3874	4092	3220	2813	0	0	0	0	1782488748883
3910	4143	3349	2859	0	0	0	0	1782488749895
3945	3992	3250	2824	0	0	0	0	1782488750896
3846	4107	3202	2905	0	0	0	0	1782488751896
3966	4111	3348	2816	0	0	0	0	1782488752914
3990	4176	3281	2878	0	0	0	0	1782488753912
3918	4170	3325	2847	0	0	0	0	1782488754914
3889	4092	3252	2939	0	0	0	0	1782488755912
3856	4145	3352	2894	0	0	0	0	1782488756915
3939	4139	3198	2895	0	0	0	0	1782488757912
3901	4079	3211	2872	0	0	0	0	1782488758909
3871	4097	3346	2905	0	0	0	0	1782488759913
3880	4022	3318	2875	0	0	0	0	1782488760914
3960	4094	3299	2855	0	0	0	0	1782488761912
3972	4018	3259	2883	0	0	0	0	1782488762914
4017	4119	3289	2920	0	0	0	0	1782488763928
3970	4065	3287	2933	0	0	0	0	1782488764924
3964	4047	3224	2895	0	0	0	0	1782488765938
3988	4077	3319	2870	0	0	0	0	1782488766930
3842	4051	3313	2859	0	0	0	0	1782488767942
3868	4076	3287	2850	0	0	0	0	1782488768944
3946	3993	3234	2809	0	0	0	0	1782488769939
3983	4183	3328	2809	0	0	0	0	1782488770947
3918	4135	3261	2849	0	0	0	0	1782488771960
3930	4052	3239	2837	0	0	0	0	1782488772965
3913	4169	3284	2908	0	0	0	0	1782488773976
3915	4084	3240	2870	0	0	0	0	1782488774978
3938	4084	3313	2847	0	0	0	0	1782488775971
3978	4168	3209	2880	0	0	0	0	1782488776973
3912	4104	3200	2807	0	0	0	0	1782488777972
4011	4131	3338	2892	0	0	0	0	1782488778979
3847	4057	3312	2835	0	0	0	0	1782488779992
3901	4165	3294	2808	0	0	0	0	1782488780994
3870	4069	3274	2866	0	0	0	0	1782488782008
3930	4127	3252	2819	0	0	0	0	1782488783010
3919	4046	3220	2850	0	0	0	0	1782488784002
3857	4060	3345	2854	0	0	0	0	1782488785010
3953	4125	3204	2942	0	0	0	0	1782488786003
4020	4183	3314	2893	0	0	0	0	1782488787011
4002	4061	3250	2877	0	0	0	0	1782488788016
3946	4131	3269	2846	0	0	0	0	1782488789011
3946	4176	3257	2880	0	0	0	0	1782488790002
3877	4030	3230	2857	0	0	0	0	1782488791010
3871	4177	3310	2888	0	0	0	0	1782488792005
3963	4105	3195	2843	0	0	0	0	1782488793008
3873	4148	3239	2942	0	0	0	0	1782488794003
3848	3998	3242	2920	0	0	0	0	1782488795010
3867	3990	3282	2877	0	0	0	0	1782488796002
4006	4002	3327	2832	0	0	0	0	1782488797010
3871	4178	3206	2855	0	0	0	0	1782488798003
3887	4076	3211	2874	0	0	0	0	1782488799011
3988	4053	3202	2896	0	0	0	0	1782488800007
4018	4055	3244	2824	0	0	0	0	1782488801004
3950	4127	3202	2846	0	0	0	0	1782488802002
3999	4156	3226	2944	0	0	0	0	1782488803010
3905	4144	3294	2943	0	0	0	0	1782488804002
3838	4092	3334	2846	0	0	0	0	1782488805018
4021	4031	3266	2843	0	0	0	0	1782488806018
3881	4015	3266	2823	0	0	0	0	1782488807023
3941	4172	3352	2859	0	0	0	0	1782488808019
3897	4054	3228	2832	0	0	0	0	1782488809021
3870	4147	3322	2891	0	0	0	0	1782488810024
3919	4036	3318	2865	0	0	0	0	1782488811026
3926	4094	3196	2920	0	0	0	0	1782488812019
3925	4112	3346	2847	0	0	0	0	1782488813026
4012	4013	3271	2819	0	0	0	0	1782488814023
3957	4055	3338	2831	0	0	0	0	1782488815026
4000	4101	3342	2916	0	0	0	0	1782488816018
3842	4181	3219	2932	0	0	0	0	1782488817026
3965	4152	3230	2932	0	0	0	0	1782488818019
3868	4146	3350	2908	0	0	0	0	1782488819020
3874	4066	3271	2856	0	0	0	0	1782488820018
3884	4039	3277	2872	0	0	0	0	1782488821027
3911	4002	3256	2807	0	0	0	0	1782488822032
4003	4071	3257	2916	0	0	0	0	1782488823026
3973	3997	3330	2868	0	0	0	0	1782488824018
3992	4107	3321	2944	0	0	0	0	1782488825026
3888	4152	3231	2858	0	0	0	0	1782488826018
3832	4125	3281	2905	0	0	0	0	1782488827026
3953	4084	3349	2822	0	0	0	0	1782488828034
3998	4106	3263	2828	0	0	0	0	1782488829037
3961	4072	3322	2856	0	0	0	0	1782488830035
3979	4129	3320	2886	0	0	0	0	1782488831042
3929	4016	3282	2943	0	0	0	0	1782488832035
3902	4033	3323	2895	0	0	0	0	1782488833042
3855	4085	3312	2900	0	0	0	0	1782488834034
3870	4005	3327	2887	0	0	0	0	1782488835043
3863	4101	3285	2823	0	0	0	0	1782488836034
3852	4014	3281	2832	0	0	0	0	1782488837042
3898	4026	3221	2938	0	0	0	0	1782488838035
3850	4029	3275	2850	0	0	0	0	1782488839042
3857	4111	3260	2888	0	0	0	0	1782488840049
3869	4022	3263	2834	0	0	0	0	1782488841055
3975	4085	3205	2895	0	0	0	0	1782488842051
4022	4082	3348	2923	0	0	0	0	1782488843055
3966	4067	3263	2878	0	0	0	0	1782488844050
3971	4057	3198	2896	0	0	0	0	1782488845050
3871	3995	3263	2908	0	0	0	0	1782488846051
3838	4031	3326	2828	0	0	0	0	1782488847052
3941	4094	3279	2879	0	0	0	0	1782488848050
3965	4066	3313	2876	0	0	0	0	1782488849059
3944	4013	3292	2882	0	0	0	0	1782488850049
3931	4047	3280	2845	0	0	0	0	1782488851058
3952	4128	3215	2924	0	0	0	0	1782488852051
4016	3991	3216	2927	0	0	0	0	1782488853059
3945	4106	3277	2835	0	0	0	0	1782488854065
3879	4123	3270	2891	0	0	0	0	1782488855071
3969	4110	3336	2877	0	0	0	0	1782488856066
3907	4153	3214	2870	0	0	0	0	1782488857074
3925	4063	3343	2926	0	0	0	0	1782488858067
3905	4055	3221	2816	0	0	0	0	1782488859065
3832	4026	3246	2937	0	0	0	0	1782488860066
3908	4169	3251	2893	0	0	0	0	1782488861076
3961	4149	3293	2942	0	0	0	0	1782488862066
3864	4158	3201	2868	0	0	0	0	1782488863066
3924	4162	3308	2898	0	0	0	0	1782488864066
3947	4135	3216	2887	0	0	0	0	1782488865074
3983	4089	3340	2867	0	0	0	0	1782488866066
3936	3988	3315	2888	0	0	0	0	1782488867065
3859	4094	3323	2808	0	0	0	0	1782488868066
3932	4075	3250	2924	0	0	0	0	1782488869065
3951	4111	3231	2810	0	0	0	0	1782488870066
3993	4183	3285	2902	0	0	0	0	1782488871065
4007	4121	3269	2826	0	0	0	0	1782488872066
3917	4126	3296	2856	0	0	0	0	1782488873069
3869	4140	3247	2864	0	0	0	0	1782488874066
3917	3993	3261	2886	0	0	0	0	1782488875074
3843	4067	3282	2873	0	0	0	0	1782488876088
3999	3987	3340	2925	0	0	0	0	1782488877081
3917	4172	3329	2899	0	0	0	0	1782488878088
3938	4177	3232	2926	0	0	0	0	1782488879096
3916	4050	3307	2903	0	0	0	0	1782488880099
3975	4167	3278	2936	0	0	0	0	1782488881112
3999	3998	3284	2838	0	0	0	0	1782488882135
4001	4010	3252	2826	0	0	0	0	1782488883128
3983	4073	3328	2833	0	0	0	0	1782488884127
3982	4175	3227	2858	0	0	0	0	1782488885138
3965	4178	3226	2876	0	0	0	0	1782488886131
3866	4111	3257	2883	0	0	0	0	1782488887128
3903	4073	3227	2832	0	0	0	0	1782488888130
3836	4163	3349	2880	0	0	0	0	1782488889128
3900	4037	3335	2904	0	0	0	0	1782488890130
3964	4043	3198	2899	0	0	0	0	1782488891128
3952	4037	3203	2832	0	0	0	0	1782488892130
3843	4047	3274	2851	0	0	0	0	1782488893140
3873	4167	3225	2869	0	0	0	0	1782488894131
4010	4152	3292	2934	0	0	0	0	1782488895142
3911	4049	3208	2935	0	0	0	0	1782488896129
3880	4018	3223	2904	0	0	0	0	1782488897144
3849	4094	3337	2923	0	0	0	0	1782488898146
4010	4027	3196	2914	0	0	0	0	1782488899144
3853	4013	3320	2929	0	0	0	0	1782488900167
3911	4131	3197	2928	0	0	0	0	1782488901174
3992	4109	3215	2915	0	0	0	0	1782488902162
3911	4002	3272	2831	0	0	0	0	1782488903176
3907	4094	3280	2868	0	0	0	0	1782488904178
4003	4025	3338	2871	0	0	0	0	1782488905192
3852	4004	3224	2827	0	0	0	0	1782488906194
3884	4023	3233	2870	0	0	0	0	1782488907192
3984	4180	3312	2813	0	0	0	0	1782488908191
3927	4158	3290	2908	0	0	0	0	1782488909206
3982	4037	3216	2810	0	0	0	0	1782488910210
3962	4084	3206	2805	0	0	0	0	1782488911223
3969	3990	3310	2896	0	0	0	0	1782488912221
3895	4143	3285	2806	0	0	0	0	1782488913224
3942	4063	3315	2835	0	0	0	0	1782488914222
3889	4155	3270	2820	0	0	0	0	1782488915240
3844	4122	3352	2903	0	0	0	0	1782488916242
3996	4184	3321	2903	0	0	0	0	1782488917255
3889	4174	3328	2817	0	0	0	0	1782488918256
