1337	2375	586	1404	0	0	0	0	1775586863384
1344	2378	600	1429	0	0	0	0	1775586864780
1370	2397	598	1432	0	0	0	0	1775586866153
1400	2420	612	0	0	0	0	0	1775586867767
1420	2455	607	1440	0	0	0	0	1775586868765
1390	2445	606	1484	0	0	0	0	1775586869764
1367	2441	623	1491	0	0	0	0	1775586870758
1364	2476	609	1436	0	0	0	0	1775586871767
1415	2442	618	1439	0	0	0	0	1775586872759
1399	2409	624	1458	0	0	0	0	1775586873758
1357	2485	613	1478	0	0	0	0	1775586874765
1357	2423	604	1465	0	0	0	0	1775586875767
1416	2434	621	1474	0	0	0	0	1775586876759
1362	2403	603	1487	0	0	0	0	1775586877758
1398	2398	613	1471	0	0	0	0	1775586878765
1396	2504	607	1464	0	0	0	0	1775586879762
1395	2414	602	1464	0	0	0	0	1775586880758
1373	2451	612	1432	0	0	0	0	1775586881761
1403	2410	621	1487	0	0	0	0	1775586882765
1374	2483	615	1485	0	0	0	0	1775586883761
1377	2513	619	1442	0	0	0	0	1775586884764
1409	2501	614	1494	0	0	0	0	1775586885765
1404	2504	617	1451	0	0	0	0	1775586886771
1369	2449	617	1451	0	0	0	0	1775586887773
1371	2493	604	1447	0	0	0	0	1775586888774
1359	2431	607	1462	0	0	0	0	1775586889783
1354	2428	612	1466	0	0	0	0	1775586890775
1413	2435	612	1475	0	0	0	0	1775586891778
1369	2474	601	1486	0	0	0	0	1775586892812
1418	2503	623	1485	0	0	0	0	1775586893789
1392	2437	607	1459	0	0	0	0	1775586894791
1399	2453	603	1463	0	0	0	0	1775586895789
1377	2466	602	1456	0	0	0	0	1775586896797
1376	2414	623	1441	0	0	0	0	1775586898995
1410	2455	621	1454	0	0	0	0	1775586900007
1402	2443	612	1469	0	0	0	0	1775586900999
1393	2463	613	1462	0	0	0	0	1775586901992
1401	2462	609	1486	0	0	0	0	1775586902999
1373	2470	619	1474	0	0	0	0	1775586904009
1376	2510	601	1439	0	0	0	0	1775586905029
1379	2484	624	1452	0	0	0	0	1775586906036
1411	2437	598	1458	0	0	0	0	1775586907026
1395	2461	608	1450	0	0	0	0	1775586908029
1399	2418	621	1448	0	0	0	0	1775586909031
1385	2478	599	1433	0	0	0	0	1775586910029
1404	2400	621	1501	0	0	0	0	1775586911031
1365	2499	600	1476	0	0	0	0	1775586912041
1371	2511	613	1502	0	0	0	0	1775586913042
1366	2474	620	1461	0	0	0	0	1775586914039
1379	2434	604	1468	0	0	0	0	1775586915047
1404	2468	612	1444	0	0	0	0	1775586916039
1414	2425	625	1473	0	0	0	0	1775586917041
1382	2490	608	1460	0	0	0	0	1775586918039
1381	2398	613	1475	0	0	0	0	1775586919047
1408	2513	622	1436	0	0	0	0	1775586920039
1355	2435	615	1438	0	0	0	0	1775586921044
1402	2456	617	1501	0	0	0	0	1775586922039
1417	2427	618	1475	0	0	0	0	1775586923047
1404	2425	598	1462	0	0	0	0	1775586924038
1390	2436	603	1475	0	0	0	0	1775586925039
1403	2494	617	1484	0	0	0	0	1775586926039
1409	2499	607	1470	0	0	0	0	1775586927039
1411	2469	601	1499	0	0	0	0	1775586928038
1361	2475	615	1467	0	0	0	0	1775586929054
1354	2460	605	1479	0	0	0	0	1775586930055
1394	2414	598	1498	0	0	0	0	1775586931055
1382	2417	608	1447	0	0	0	0	1775586932055
1369	2471	608	1471	0	0	0	0	1775586933055
1365	2439	622	1448	0	0	0	0	1775586934072
1401	2414	616	1457	0	0	0	0	1775586935073
1356	2420	617	1446	0	0	0	0	1775586936071
1377	2435	625	1435	0	0	0	0	1775586937075
1374	2496	611	1477	0	0	0	0	1775586938071
1399	2480	610	1457	0	0	0	0	1775586939069
1393	2507	612	1482	0	0	0	0	1775586940071
1369	2479	619	1449	0	0	0	0	1775586941079
1389	2499	602	1498	0	0	0	0	1775586942071
1376	2454	610	1489	0	0	0	0	1775586943079
1384	2429	618	1448	0	0	0	0	1775586944071
1388	2495	619	1446	0	0	0	0	1775586945079
1415	2495	598	1494	0	0	0	0	1775586946071
1387	2448	616	1500	0	0	0	0	1775586947079
1381	2477	625	1502	0	0	0	0	1775586948071
1391	2424	606	1452	0	0	0	0	1775586949079
1406	2461	613	1458	0	0	0	0	1775586950072
1406	2426	608	1486	0	0	0	0	1775586951077
1359	2450	626	1489	0	0	0	0	1775586952071
1416	2447	620	1438	0	0	0	0	1775586953079
1386	2452	598	1493	0	0	0	0	1775586954071
1416	2434	602	1466	0	0	0	0	1775586955073
1354	2497	619	1472	0	0	0	0	1775586956093
1413	2405	613	1494	0	0	0	0	1775586957089
1358	2476	614	1498	0	0	0	0	1775586958088
1396	2510	610	1457	0	0	0	0	1775586959093
1379	2457	624	1443	0	0	0	0	1775586960104
1381	2488	606	1434	0	0	0	0	1775586961101
1398	2405	608	1502	0	0	0	0	1775586962103
1375	2441	617	1455	0	0	0	0	1775586963111
1400	2420	618	1494	0	0	0	0	1775586964101
1381	2490	610	1499	0	0	0	0	1775586965110
1391	2435	602	1465	0	0	0	0	1775586966117
1375	2498	607	1454	0	0	0	0	1775586967117
1395	2468	611	1460	0	0	0	0	1775586968118
1396	2400	600	1432	0	0	0	0	1775586969133
1371	2488	607	1437	0	0	0	0	1775586970132
1419	2486	618	1476	0	0	0	0	1775586971140
1360	2512	623	1482	0	0	0	0	1775586972133
1365	2441	614	1433	0	0	0	0	1775586973146
1404	2477	599	1451	0	0	0	0	1775586974138
1408	2438	610	1436	0	0	0	0	1775586975144
1390	2475	601	1437	0	0	0	0	1775586976134
1420	2410	612	1444	0	0	0	0	1775586977133
1380	2412	619	1452	0	0	0	0	1775586978135
1397	2485	607	1442	0	0	0	0	1775586979133
1410	2453	600	1495	0	0	0	0	1775586980150
1399	2511	601	1459	0	0	0	0	1775586981148
1368	2437	606	1502	0	0	0	0	1775586982151
1401	2502	608	1481	0	0	0	0	1775586983149
1404	2407	624	1482	0	0	0	0	1775586984151
1366	2513	613	1457	0	0	0	0	1775586985165
1359	2493	600	1455	0	0	0	0	1775586986168
1404	2442	600	1451	0	0	0	0	1775586987181
1407	2496	618	1439	0	0	0	0	1775586988183
1368	2446	623	1499	0	0	0	0	1775586989181
1404	2399	618	1486	0	0	0	0	1775586990183
1376	2484	616	1432	0	0	0	0	1775586991180
1377	2484	612	1444	0	0	0	0	1775586992183
1420	2448	617	1473	0	0	0	0	1775586993192
1408	2505	610	1484	0	0	0	0	1775586994183
1387	2486	602	1477	0	0	0	0	1775586995197
1412	2511	618	1499	0	0	0	0	1775586996221
1402	2411	600	1487	0	0	0	0	1775586997213
1368	2464	612	1438	0	0	0	0	1775586998232
1392	2425	599	1461	0	0	0	0	1775586999245
1368	2457	598	1488	0	0	0	0	1775587000247
1395	2478	626	1432	0	0	0	0	1775587001245
1419	2513	607	1434	0	0	0	0	1775587002247
1398	2490	604	1468	0	0	0	0	1775587003261
1373	2448	609	1500	0	0	0	0	1775587004262
1405	2453	614	1477	0	0	0	0	1775587005274
1395	2498	615	1500	0	0	0	0	1775587006280
1359	2420	602	1435	0	0	0	0	1775587007286
1396	2448	607	1455	0	0	0	0	1775587008279
1410	2481	602	1465	0	0	0	0	1775587009277
1367	2474	624	1438	0	0	0	0	1775587010293
1393	2418	613	1458	0	0	0	0	1775587011293
1373	2402	624	1437	0	0	0	0	1775587012291
1395	2476	621	1500	0	0	0	0	1775587013309
1373	2429	609	1448	0	0	0	0	1775587014320
1365	2454	599	1445	0	0	0	0	1775587015324
1419	2476	614	1463	0	0	0	0	1775587016323
1375	2469	605	1464	0	0	0	0	1775587017341
1376	2514	622	1450	0	0	0	0	1775587018343
1383	2478	598	1490	0	0	0	0	1775587019357
1374	2515	623	1482	0	0	0	0	1775587020359
1357	2439	616	1494	0	0	0	0	1775587021351
1389	2510	625	1444	0	0	0	0	1775587022359
1401	2415	606	1452	0	0	0	0	1775587023357
1410	2488	621	1445	0	0	0	0	1775587024355
1376	2503	602	1484	0	0	0	0	1775587025357
1370	2459	611	1490	0	0	0	0	1775587026352
1418	2500	626	1443	0	0	0	0	1775587027351
1359	2460	606	1477	0	0	0	0	1775587028359
1395	2468	619	1440	0	0	0	0	1775587029351
1413	2492	616	1434	0	0	0	0	1775587030351
1370	2424	599	1502	0	0	0	0	1775587031373
1410	2405	607	1440	0	0	0	0	1775587032368
1391	2461	602	1474	0	0	0	0	1775587033367
1358	2422	612	1461	0	0	0	0	1775587034375
1392	2441	608	1454	0	0	0	0	1775587035373
1369	2450	599	1438	0	0	0	0	1775587036375
1396	2426	604	1442	0	0	0	0	1775587037366
1417	2454	620	1498	0	0	0	0	1775587038375
1356	2511	601	1437	0	0	0	0	1775587039373
1412	2483	603	1444	0	0	0	0	1775587040367
1398	2467	601	1439	0	0	0	0	1775587041388
1360	2411	609	1481	0	0	0	0	1775587042387
1370	2511	619	1501	0	0	0	0	1775587043383
1405	2416	606	1447	0	0	0	0	1775587044383
1408	2512	616	1473	0	0	0	0	1775587045382
1397	2448	623	1464	0	0	0	0	1775587046391
1354	2437	621	1434	0	0	0	0	1775587047383
1412	2426	626	1479	0	0	0	0	1775587048384
1404	2465	610	1499	0	0	0	0	1775587049384
1402	2483	601	1440	0	0	0	0	1775587050387
1406	2499	604	1463	0	0	0	0	1775587051383
1406	2441	626	1436	0	0	0	0	1775587052391
1399	2445	606	1483	0	0	0	0	1775587053382
1356	2464	603	1473	0	0	0	0	1775587054413
1403	2488	622	1432	0	0	0	0	1775587055414
1358	2476	618	1494	0	0	0	0	1775587056420
1396	2444	604	1469	0	0	0	0	1775587057415
1389	2514	604	1479	0	0	0	0	1775587058418
1395	2474	611	1478	0	0	0	0	1775587059414
1382	2443	610	1476	0	0	0	0	1775587060424
1385	2412	624	1468	0	0	0	0	1775587061414
1361	2456	614	1481	0	0	0	0	1775587062423
1371	2446	622	1490	0	0	0	0	1775587063421
1401	2402	604	1436	0	0	0	0	1775587064423
1413	2455	625	1456	0	0	0	0	1775587065415
1366	2506	617	1446	0	0	0	0	1775587066420
1395	2450	614	1455	0	0	0	0	1775587067437
1363	2404	615	1454	0	0	0	0	1775587068429
1416	2476	623	1473	0	0	0	0	1775587069437
1373	2475	609	1476	0	0	0	0	1775587070431
1395	2508	617	1463	0	0	0	0	1775587071430
1374	2467	615	1451	0	0	0	0	1775587072437
1399	2474	620	1443	0	0	0	0	1775587073431
1398	2515	602	1434	0	0	0	0	1775587074430
1392	2483	608	1485	0	0	0	0	1775587075431
1386	2468	600	1464	0	0	0	0	1775587076434
1393	2487	603	1487	0	0	0	0	1775587077431
1354	2429	613	1477	0	0	0	0	1775587078436
1366	2401	625	1471	0	0	0	0	1775587079431
1390	2433	623	1472	0	0	0	0	1775587080439
1402	2410	610	1492	0	0	0	0	1775587081431
1417	2454	623	1454	0	0	0	0	1775587082437
1404	2413	603	1461	0	0	0	0	1775587083437
1366	2485	626	1491	0	0	0	0	1775587084439
1392	2463	601	1433	0	0	0	0	1775587085431
1411	2467	611	1461	0	0	0	0	1775587086439
1371	2502	620	1466	0	0	0	0	1775587087431
1361	2422	602	1463	0	0	0	0	1775587088429
1383	2465	602	1467	0	0	0	0	1775587089448
1368	2401	616	1484	0	0	0	0	1775587090457
1373	2399	598	1432	0	0	0	0	1775587091448
1359	2468	623	1437	0	0	0	0	1775587092445
1392	2510	624	1468	0	0	0	0	1775587093447
1395	2484	604	1468	0	0	0	0	1775587094460
1387	2406	619	1483	0	0	0	0	1775587095482
1419	2456	616	1485	0	0	0	0	1775587096492
1361	2457	619	1488	0	0	0	0	1775587097494
1414	2494	619	1453	0	0	0	0	1775587098493
1401	2466	602	1492	0	0	0	0	1775587099495
1363	2404	601	1489	0	0	0	0	1775587100492
1364	2471	598	1434	0	0	0	0	1775587101493
1373	2495	612	1465	0	0	0	0	1775587102493
1392	2436	605	1500	0	0	0	0	1775587103495
1371	2415	615	1489	0	0	0	0	1775587104492
1376	2457	614	1446	0	0	0	0	1775587105494
1386	2439	599	1433	0	0	0	0	1775587106507
1377	2403	620	1466	0	0	0	0	1775587107507
1394	2412	606	1470	0	0	0	0	1775587108525
1383	2399	619	1475	0	0	0	0	1775587109527
1416	2460	607	1482	0	0	0	0	1775587110537
1387	2412	626	1470	0	0	0	0	1775587111527
1366	2461	604	1492	0	0	0	0	1775587112523
1399	2497	617	1450	0	0	0	0	1775587113527
1394	2515	598	1488	0	0	0	0	1775587114525
1370	2491	608	1435	0	0	0	0	1775587115523
1404	2426	624	1482	0	0	0	0	1775587116538
1355	2402	617	1493	0	0	0	0	1775587117527
1399	2455	613	1475	0	0	0	0	1775587118524
1366	2404	607	1502	0	0	0	0	1775587119525
1363	2492	600	1469	0	0	0	0	1775587120539
1365	2475	610	1448	0	0	0	0	1775587121541
1362	2456	617	1461	0	0	0	0	1775587122557
1415	2507	600	1464	0	0	0	0	1775587123559
1365	2506	618	1480	0	0	0	0	1775587124567
1384	2478	602	1478	0	0	0	0	1775587125559
1358	2427	610	1497	0	0	0	0	1775587126573
1414	2491	605	1467	0	0	0	0	1775587127576
1404	2463	610	1461	0	0	0	0	1775587128573
1386	2497	626	1434	0	0	0	0	1775587129593
1354	2442	615	1442	0	0	0	0	1775587130602
1404	2405	619	1481	0	0	0	0	1775587131606
1377	2422	607	1485	0	0	0	0	1775587132604
1405	2441	599	1469	0	0	0	0	1775587133603
1397	2484	623	1459	0	0	0	0	1775587134621
1417	2450	603	1498	0	0	0	0	1775587135623
1400	2454	626	1466	0	0	0	0	1775587136621
1359	2401	624	1451	0	0	0	0	1775587137619
1375	2434	624	1442	0	0	0	0	1775587138633
1391	2458	610	1466	0	0	0	0	1775587139639
1368	2492	618	1438	0	0	0	0	1775587140650
1395	2514	618	1475	0	0	0	0	1775587141654
1420	2431	603	1437	0	0	0	0	1775587142668
1415	2506	606	1490	0	0	0	0	1775587143668
1412	2483	598	1479	0	0	0	0	1775587144680
1358	2476	612	1445	0	0	0	0	1775587145683
1384	2480	610	1500	0	0	0	0	1775587146679
1357	2445	600	1445	0	0	0	0	1775587147680
1395	2463	612	1494	0	0	0	0	1775587148684
1390	2413	604	1451	0	0	0	0	1775587149687
1364	2437	610	1473	0	0	0	0	1775587150679
1382	2426	599	1458	0	0	0	0	1775587151679
1373	2423	609	1490	0	0	0	0	1775587152701
1358	2506	609	1450	0	0	0	0	1775587153703
1408	2483	605	1443	0	0	0	0	1775587154694
1380	2432	600	1456	0	0	0	0	1775587155703
1405	2413	620	1475	0	0	0	0	1775587156694
1381	2507	600	1435	0	0	0	0	1775587157703
1358	2499	601	1493	0	0	0	0	1775587158694
1377	2412	618	1465	0	0	0	0	1775587159703
1368	2428	616	1481	0	0	0	0	1775587160716
1383	2485	598	1472	0	0	0	0	1775587161715
1420	2479	604	1478	0	0	0	0	1775587162737
1393	2454	612	1443	0	0	0	0	1775587163713
1415	2506	605	1454	0	0	0	0	1775587164711
1354	2459	607	1476	0	0	0	0	1775587165711
1413	2452	611	1452	0	0	0	0	1775587166712
1389	2497	625	1478	0	0	0	0	1775587167713
1411	2437	617	1500	0	0	0	0	1775587168711
1373	2423	602	1495	0	0	0	0	1775587169715
1404	2510	623	1450	0	0	0	0	1775587170711
1357	2445	616	1435	0	0	0	0	1775587171710
1384	2443	607	1456	0	0	0	0	1775587172725
1401	2463	615	1493	0	0	0	0	1775587173719
1419	2473	625	1445	0	0	0	0	1775587174711
1377	2438	603	1445	0	0	0	0	1775587175719
1407	2515	598	1447	0	0	0	0	1775587176711
1367	2461	609	1447	0	0	0	0	1775587177719
1355	2480	625	1452	0	0	0	0	1775587178711
1362	2506	620	1436	0	0	0	0	1775587179719
1417	2418	618	1467	0	0	0	0	1775587180722
1383	2405	605	1490	0	0	0	0	1775587181711
1411	2425	598	1488	0	0	0	0	1775587182717
1409	2397	604	1496	0	0	0	0	1775587183717
1406	2424	625	1433	0	0	0	0	1775587184711
1393	2468	614	1477	0	0	0	0	1775587185719
1410	2419	604	1460	0	0	0	0	1775587186710
1396	2479	611	1462	0	0	0	0	1775587187712
1368	2474	625	1436	0	0	0	0	1775587188712
1413	2424	599	1446	0	0	0	0	1775587189719
1368	2508	606	1449	0	0	0	0	1775587190711
