7180	6975	5689	9319	0	0	0	0	1775572159947
7122	6957	5733	9297	0	0	0	0	1775572161451
7214	6948	5717	9266	0	0	0	0	1775572162884
7523	6955	5960	0	0	0	0	0	1775572164461
7461	7061	5720	9392	0	0	0	0	1775572165457
7512	7097	5730	9496	0	0	0	0	1775572166465
7248	7204	5869	9585	0	0	0	0	1775572167457
7265	7218	5725	9284	0	0	0	0	1775572168480
7378	7193	5745	9718	0	0	0	0	1775572169473
7487	7094	5988	9427	0	0	0	0	1775572170481
7246	6977	5997	9319	0	0	0	0	1775572171570
7272	7014	5911	9635	0	0	0	0	1775572172478
7435	7089	5760	9484	0	0	0	0	1775572173473
7196	7089	5884	9613	0	0	0	0	1775572174476
7377	7283	5764	9409	0	0	0	0	1775572175479
7530	6956	5831	9716	0	0	0	0	1775572176472
7300	7096	5959	9721	0	0	0	0	1775572177492
7495	7234	5936	9418	0	0	0	0	1775572178497
7406	7028	5969	9278	0	0	0	0	1775572179511
7228	7066	5962	9675	0	0	0	0	1775572180513
7459	7124	5805	9384	0	0	0	0	1775572181505
7185	7067	5894	9403	0	0	0	0	1775572182513
7354	7136	5911	9542	0	0	0	0	1775572183506
7490	6981	5764	9551	0	0	0	0	1775572184513
7376	7094	5854	9592	0	0	0	0	1775572185505
7510	7155	5960	9329	0	0	0	0	1775572186506
7465	7086	5719	9612	0	0	0	0	1775572187505
7335	6951	5812	9635	0	0	0	0	1775572188513
7246	7293	5855	9394	0	0	0	0	1775572189572
7262	6971	5810	9292	0	0	0	0	1775572190507
7439	7192	5928	9589	0	0	0	0	1775572191505
7298	7096	5869	9612	0	0	0	0	1775572192505
7298	6989	5999	9397	0	0	0	0	1775572193505
7276	7228	5770	9523	0	0	0	0	1775572195853
7369	7030	5847	9721	0	0	0	0	1775572196855
7220	6975	5875	9529	0	0	0	0	1775572197849
7355	7070	5906	9598	0	0	0	0	1775572198865
7300	7060	5835	9624	0	0	0	0	1775572199863
7308	7127	5968	9671	0	0	0	0	1775572200865
7342	7222	5764	9612	0	0	0	0	1775572201870
7416	6971	5823	9555	0	0	0	0	1775572202866
7296	7249	5761	9400	0	0	0	0	1775572203866
7427	7281	5799	9567	0	0	0	0	1775572204865
7506	6975	5852	9440	0	0	0	0	1775572205879
7228	7215	5937	9358	0	0	0	0	1775572206881
7214	7015	5723	9275	0	0	0	0	1775572207894
7500	6964	5920	9694	0	0	0	0	1775572208897
7361	7203	5790	9391	0	0	0	0	1775572209895
7366	7278	5863	9550	0	0	0	0	1775572210896
7278	7284	5900	9521	0	0	0	0	1775572211895
7190	7065	5876	9313	0	0	0	0	1775572212897
7214	6998	5837	9474	0	0	0	0	1775572213910
7221	7093	5924	9420	0	0	0	0	1775572214931
7512	7284	5948	9712	0	0	0	0	1775572215942
7296	7067	5926	9302	0	0	0	0	1775572216945
7494	6999	5815	9321	0	0	0	0	1775572217959
7290	7101	5804	9281	0	0	0	0	1775572218959
7478	7168	5729	9692	0	0	0	0	1775572219969
7244	7090	5791	9476	0	0	0	0	1775572220960
7266	7117	5795	9550	0	0	0	0	1775572221959
7245	7261	5832	9444	0	0	0	0	1775572222961
7358	7290	5958	9542	0	0	0	0	1775572223975
7367	7001	5840	9628	0	0	0	0	1775572224977
7443	7040	5888	9333	0	0	0	0	1775572225991
7462	7063	5901	9459	0	0	0	0	1775572226989
7189	7206	5759	9322	0	0	0	0	1775572227991
7273	7167	5830	9382	0	0	0	0	1775572228993
7365	7027	5816	9403	0	0	0	0	1775572229992
7407	7023	5904	9552	0	0	0	0	1775572230996
7393	7175	5910	9397	0	0	0	0	1775572232003
7271	7022	5804	9691	0	0	0	0	1775572232993
7459	7177	5866	9532	0	0	0	0	1775572234002
7251	7093	5811	9507	0	0	0	0	1775572235010
7324	7124	5796	9550	0	0	0	0	1775572236007
7448	7105	5973	9491	0	0	0	0	1775572237006
7277	7086	5837	9358	0	0	0	0	1775572238023
7414	7171	5799	9390	0	0	0	0	1775572239025
7416	7247	5815	9471	0	0	0	0	1775572240039
7286	7083	5932	9326	0	0	0	0	1775572241041
7185	7187	5755	9477	0	0	0	0	1775572242035
7230	7208	5768	9509	0	0	0	0	1775572243041
7475	7118	5767	9266	0	0	0	0	1775572244054
7226	7198	5915	9328	0	0	0	0	1775572245056
7196	7227	5934	9704	0	0	0	0	1775572246071
7482	7006	5739	9381	0	0	0	0	1775572247074
7484	7239	5823	9518	0	0	0	0	1775572248084
7439	7181	5768	9601	0	0	0	0	1775572249102
7383	6963	5985	9322	0	0	0	0	1775572250118
7258	7029	5981	9652	0	0	0	0	1775572251128
7278	7106	5752	9593	0	0	0	0	1775572252113
7436	6950	5900	9442	0	0	0	0	1775572253121
7380	6959	5748	9468	0	0	0	0	1775572254113
7262	7258	5949	9473	0	0	0	0	1775572255113
7338	7154	5913	9611	0	0	0	0	1775572256129
7423	7113	5989	9619	0	0	0	0	1775572257137
7238	7061	5978	9536	0	0	0	0	1775572258151
7323	6962	5821	9651	0	0	0	0	1775572259147
7298	7173	5935	9722	0	0	0	0	1775572260145
7455	6994	5904	9448	0	0	0	0	1775572261144
7414	6948	5897	9703	0	0	0	0	1775572262151
7437	7267	5767	9714	0	0	0	0	1775572263146
7524	7111	5928	9701	0	0	0	0	1775572264145
7207	7115	5842	9361	0	0	0	0	1775572265153
7285	7071	5851	9543	0	0	0	0	1775572266144
7205	7063	5764	9319	0	0	0	0	1775572267148
7493	6978	5798	9480	0	0	0	0	1775572268145
7191	7119	5858	9480	0	0	0	0	1775572269146
7330	7138	6001	9274	0	0	0	0	1775572270151
7431	7111	5970	9326	0	0	0	0	1775572271148
7200	7154	5850	9447	0	0	0	0	1775572272151
7499	7070	5978	9620	0	0	0	0	1775572273153
7410	7046	5856	9295	0	0	0	0	1775572274145
7215	7235	6001	9701	0	0	0	0	1775572275151
7315	7146	5813	9538	0	0	0	0	1775572276144
7396	7157	5995	9709	0	0	0	0	1775572277147
7372	7048	5811	9325	0	0	0	0	1775572278146
7344	7062	5882	9476	0	0	0	0	1775572279153
7191	7146	5772	9604	0	0	0	0	1775572280162
7496	7058	5908	9332	0	0	0	0	1775572281160
7331	7206	5818	9588	0	0	0	0	1775572282161
7242	7078	5861	9420	0	0	0	0	1775572283169
7528	7030	5725	9306	0	0	0	0	1775572284161
7373	7285	5963	9329	0	0	0	0	1775572285169
7325	7007	5790	9276	0	0	0	0	1775572286167
7259	7090	5974	9582	0	0	0	0	1775572287169
7502	7169	5947	9672	0	0	0	0	1775572288183
7321	7006	5985	9591	0	0	0	0	1775572289176
7425	6952	5975	9645	0	0	0	0	1775572290177
7371	7080	5809	9612	0	0	0	0	1775572291185
7191	7191	5981	9652	0	0	0	0	1775572292177
7457	6980	5976	9378	0	0	0	0	1775572293185
7396	7073	5953	9286	0	0	0	0	1775572294181
7217	6962	5837	9368	0	0	0	0	1775572295179
7467	7128	5880	9318	0	0	0	0	1775572296198
7186	7229	5985	9276	0	0	0	0	1775572297201
7205	7042	5841	9638	0	0	0	0	1775572298193
7265	7229	5723	9557	0	0	0	0	1775572299200
7199	7024	5742	9509	0	0	0	0	1775572300193
7440	7249	5932	9710	0	0	0	0	1775572301197
7311	7119	5881	9435	0	0	0	0	1775572302193
7410	7083	5927	9625	0	0	0	0	1775572303201
7393	6996	5802	9520	0	0	0	0	1775572304207
7494	7049	5969	9467	0	0	0	0	1775572305217
7304	6965	5927	9447	0	0	0	0	1775572306208
7286	7211	5762	9304	0	0	0	0	1775572307223
7246	7084	5719	9478	0	0	0	0	1775572308225
7243	7263	5747	9349	0	0	0	0	1775572309223
7221	7141	5868	9510	0	0	0	0	1775572310223
7487	7113	5817	9704	0	0	0	0	1775572311222
7293	7263	5784	9679	0	0	0	0	1775572312225
7535	6972	5965	9345	0	0	0	0	1775572313239
7199	7173	5719	9545	0	0	0	0	1775572314240
7420	7250	5779	9717	0	0	0	0	1775572315254
7286	7052	5917	9720	0	0	0	0	1775572316277
7483	6982	5890	9524	0	0	0	0	1775572317282
7319	7204	5752	9682	0	0	0	0	1775572318273
7223	6954	5949	9518	0	0	0	0	1775572319287
7225	7053	5744	9685	0	0	0	0	1775572320289
7297	7252	5737	9363	0	0	0	0	1775572321289
7318	7047	6000	9338	0	0	0	0	1775572322286
7424	7074	5926	9550	0	0	0	0	1775572323303
7505	7175	5886	9641	0	0	0	0	1775572324305
7518	7101	5950	9455	0	0	0	0	1775572325316
7339	6995	5815	9324	0	0	0	0	1775572326317
7451	7196	5868	9437	0	0	0	0	1775572327335
7313	7288	5732	9493	0	0	0	0	1775572328347
7255	7096	5869	9614	0	0	0	0	1775572329351
7395	7078	5965	9492	0	0	0	0	1775572330353
7225	6948	5750	9502	0	0	0	0	1775572331348
7438	7175	5888	9703	0	0	0	0	1775572332352
7529	7225	5821	9388	0	0	0	0	1775572333351
7271	7017	5890	9622	0	0	0	0	1775572334354
7529	7286	5720	9570	0	0	0	0	1775572335362
7390	7183	5940	9294	0	0	0	0	1775572336352
7339	7097	5812	9361	0	0	0	0	1775572337365
7275	7232	5799	9462	0	0	0	0	1775572338370
7259	7185	5948	9345	0	0	0	0	1775572339422
7381	7043	5753	9405	0	0	0	0	1775572340385
7530	7096	5928	9561	0	0	0	0	1775572341383
7486	6951	5932	9472	0	0	0	0	1775572342385
7349	7011	5891	9450	0	0	0	0	1775572343399
7354	7110	5834	9702	0	0	0	0	1775572344396
7437	7245	5861	9563	0	0	0	0	1775572345415
7371	7200	5811	9332	0	0	0	0	1775572346411
7207	7247	5781	9722	0	0	0	0	1775572347415
7360	7186	5725	9300	0	0	0	0	1775572348427
7310	7056	5859	9488	0	0	0	0	1775572349447
7367	7236	5767	9542	0	0	0	0	1775572350442
7308	7050	5922	9383	0	0	0	0	1775572351447
7525	7064	5856	9610	0	0	0	0	1775572352442
7423	7132	5717	9322	0	0	0	0	1775572353447
7447	6986	5896	9321	0	0	0	0	1775572354442
7446	7141	5921	9567	0	0	0	0	1775572355463
7278	7187	5903	9396	0	0	0	0	1775572356465
7518	7235	5741	9603	0	0	0	0	1775572357457
7439	7248	5902	9492	0	0	0	0	1775572358462
7385	7279	5916	9308	0	0	0	0	1775572359458
7533	7159	5753	9471	0	0	0	0	1775572360465
7486	6988	5960	9374	0	0	0	0	1775572361457
7524	7017	5772	9457	0	0	0	0	1775572362457
7240	7262	5886	9617	0	0	0	0	1775572363479
7248	7147	5933	9665	0	0	0	0	1775572364481
7358	7020	5989	9724	0	0	0	0	1775572365473
7195	7120	5857	9616	0	0	0	0	1775572366481
7393	7225	5965	9727	0	0	0	0	1775572367475
7305	7234	5953	9298	0	0	0	0	1775572368476
7441	7188	5980	9688	0	0	0	0	1775572369473
7497	6991	5877	9374	0	0	0	0	1775572370474
7457	7159	5764	9570	0	0	0	0	1775572371474
7304	7037	5891	9491	0	0	0	0	1775572372481
7255	7277	5870	9447	0	0	0	0	1775572373473
7459	7010	5854	9561	0	0	0	0	1775572374481
7274	7105	5859	9639	0	0	0	0	1775572375495
7317	6948	5890	9278	0	0	0	0	1775572376488
7440	7061	5769	9554	0	0	0	0	1775572377511
7306	7273	5929	9404	0	0	0	0	1775572378513
7304	7071	5917	9536	0	0	0	0	1775572379505
7335	7197	5992	9713	0	0	0	0	1775572380506
7428	7087	5780	9608	0	0	0	0	1775572381506
7499	7046	5937	9669	0	0	0	0	1775572382513
7479	7080	5955	9279	0	0	0	0	1775572383505
7250	7070	5981	9515	0	0	0	0	1775572384513
7220	7268	5840	9287	0	0	0	0	1775572385505
7316	7256	5770	9482	0	0	0	0	1775572386504
7400	6984	5848	9305	0	0	0	0	1775572387505
7505	7289	5728	9596	0	0	0	0	1775572388508
7527	7011	5813	9389	0	0	0	0	1775572389527
7344	7125	5757	9678	0	0	0	0	1775572390522
7364	7061	5745	9547	0	0	0	0	1775572391522
7521	6953	5916	9676	0	0	0	0	1775572392531
7232	7228	5882	9509	0	0	0	0	1775572393521
7451	7147	5947	9671	0	0	0	0	1775572394529
7274	7178	5894	9646	0	0	0	0	1775572395521
7457	7200	5845	9461	0	0	0	0	1775572396526
7524	7257	5789	9609	0	0	0	0	1775572397521
7299	7266	5910	9664	0	0	0	0	1775572398533
7514	7248	5864	9273	0	0	0	0	1775572399520
7227	7259	5823	9493	0	0	0	0	1775572400534
7534	7051	5820	9340	0	0	0	0	1775572401521
7282	7075	5718	9535	0	0	0	0	1775572402525
7487	6984	5822	9724	0	0	0	0	1775572403519
7464	6980	5828	9695	0	0	0	0	1775572404529
7203	7039	5774	9649	0	0	0	0	1775572405526
7356	7260	5741	9559	0	0	0	0	1775572406529
7226	7098	5771	9554	0	0	0	0	1775572407521
7274	7035	5941	9292	0	0	0	0	1775572408535
7257	7286	5889	9494	0	0	0	0	1775572409536
7390	7184	5909	9333	0	0	0	0	1775572410545
7319	7119	5955	9369	0	0	0	0	1775572411543
7322	6949	5840	9424	0	0	0	0	1775572412536
7380	7153	5855	9345	0	0	0	0	1775572413557
7362	6967	5832	9635	0	0	0	0	1775572414567
7362	7047	5797	9416	0	0	0	0	1775572415566
7228	6982	5800	9464	0	0	0	0	1775572416583
7473	7088	5725	9393	0	0	0	0	1775572417585
7309	7149	5750	9498	0	0	0	0	1775572418582
7464	7103	5757	9539	0	0	0	0	1775572419585
7226	7199	5908	9590	0	0	0	0	1775572420582
7426	7048	5799	9451	0	0	0	0	1775572421585
7272	7111	5781	9306	0	0	0	0	1775572422582
7185	7287	5971	9331	0	0	0	0	1775572423585
7391	7277	5920	9605	0	0	0	0	1775572424583
7447	7198	5822	9377	0	0	0	0	1775572425585
7352	7109	5757	9455	0	0	0	0	1775572426599
7503	7047	5822	9692	0	0	0	0	1775572427601
7461	7200	5906	9515	0	0	0	0	1775572428598
7192	7168	5964	9537	0	0	0	0	1775572429601
7254	7096	5885	9546	0	0	0	0	1775572430599
7519	7059	5742	9342	0	0	0	0	1775572431601
7289	7125	5803	9482	0	0	0	0	1775572432600
7476	7009	5802	9632	0	0	0	0	1775572433598
7374	6973	5723	9726	0	0	0	0	1775572434615
7523	7208	5878	9701	0	0	0	0	1775572435617
7447	7132	5826	9621	0	0	0	0	1775572436614
7253	7050	5820	9374	0	0	0	0	1775572437619
7353	6993	5999	9353	0	0	0	0	1775572438614
7527	7187	5966	9296	0	0	0	0	1775572439615
7526	7238	5962	9706	0	0	0	0	1775572440615
7482	7153	5847	9412	0	0	0	0	1775572441614
7293	7119	5865	9574	0	0	0	0	1775572442631
7426	7044	5938	9322	0	0	0	0	1775572443629
7413	7050	5813	9322	0	0	0	0	1775572444630
7406	7076	5977	9444	0	0	0	0	1775572445644
7532	6989	5839	9432	0	0	0	0	1775572446645
7470	7148	5795	9432	0	0	0	0	1775572447649
7213	7212	5873	9420	0	0	0	0	1775572448663
7348	7215	5850	9352	0	0	0	0	1775572449665
7243	7002	5950	9719	0	0	0	0	1775572450678
7243	7048	5987	9698	0	0	0	0	1775572451681
7268	6979	5854	9697	0	0	0	0	1775572452679
7451	7275	5891	9356	0	0	0	0	1775572453681
7229	6996	5816	9338	0	0	0	0	1775572454690
7358	7066	5788	9583	0	0	0	0	1775572455680
7253	7003	5738	9326	0	0	0	0	1775572456678
7485	7218	5982	9363	0	0	0	0	1775572457681
7254	7237	5891	9620	0	0	0	0	1775572458695
7343	7067	5725	9500	0	0	0	0	1775572459697
7182	7060	5790	9430	0	0	0	0	1775572460711
7504	7223	5866	9325	0	0	0	0	1775572461713
7235	7095	5896	9614	0	0	0	0	1775572462727
7184	7203	5938	9679	0	0	0	0	1775572463729
7225	7090	5881	9331	0	0	0	0	1775572464741
7527	6988	5830	9561	0	0	0	0	1775572465742
7253	6974	5726	9370	0	0	0	0	1775572466743
7530	6988	5717	9454	0	0	0	0	1775572467762
7534	7012	5858	9335	0	0	0	0	1775572468753
7287	7237	5924	9620	0	0	0	0	1775572469757
7499	7089	5902	9440	0	0	0	0	1775572470775
7279	7225	5915	9432	0	0	0	0	1775572471772
7469	7274	5921	9303	0	0	0	0	1775572472770
7470	7086	5822	9590	0	0	0	0	1775572473770
7380	7017	5925	9341	0	0	0	0	1775572474770
7401	7046	5912	9500	0	0	0	0	1775572475777
7192	7217	5892	9681	0	0	0	0	1775572476769
7217	7084	5771	9471	0	0	0	0	1775572477770
7299	7098	5806	9663	0	0	0	0	1775572478786
7409	7236	5991	9432	0	0	0	0	1775572479788
7486	6978	5877	9448	0	0	0	0	1775572480785
7461	7227	5832	9552	0	0	0	0	1775572481793
7505	7149	5929	9464	0	0	0	0	1775572482785
7417	7170	5724	9634	0	0	0	0	1775572483793
7385	7235	5833	9624	0	0	0	0	1775572484791
7337	7120	5986	9386	0	0	0	0	1775572485793
7243	7164	5976	9659	0	0	0	0	1775572486805
7491	6993	5822	9334	0	0	0	0	1775572487805
