1702	2263	2551	736	0	0	0	0	1775677883725
1737	2252	2511	750	0	0	0	0	1775677884980
1712	2262	2462	760	0	0	0	0	1775677886413
1762	2310	2523	0	0	0	0	0	1775677888281
1798	2279	2501	774	0	0	0	0	1775677889331
1765	2318	2509	782	0	0	0	0	1775677890302
1782	2365	2583	785	0	0	0	0	1775677891305
1792	2339	2492	795	0	0	0	0	1775677892302
1776	2289	2551	762	0	0	0	0	1775677893296
1755	2327	2540	761	0	0	0	0	1775677894314
1745	2269	2497	780	0	0	0	0	1775677895327
1786	2274	2486	788	0	0	0	0	1775677896334
1760	2345	2523	760	0	0	0	0	1775677897328
1786	2343	2542	774	0	0	0	0	1775677898329
1764	2293	2474	769	0	0	0	0	1775677899336
1766	2350	2548	795	0	0	0	0	1775677900328
1789	2362	2573	778	0	0	0	0	1775677901336
1758	2285	2562	775	0	0	0	0	1775677902328
1739	2359	2512	778	0	0	0	0	1775677903332
1751	2310	2523	778	0	0	0	0	1775677904328
1721	2310	2479	772	0	0	0	0	1775677905328
1787	2324	2478	777	0	0	0	0	1775677906328
1763	2288	2501	796	0	0	0	0	1775677907328
1742	2342	2561	774	0	0	0	0	1775677908328
1729	2350	2508	764	0	0	0	0	1775677909331
1806	2354	2555	764	0	0	0	0	1775677910334
1751	2285	2464	785	0	0	0	0	1775677911329
1757	2310	2513	790	0	0	0	0	1775677912328
1738	2302	2550	771	0	0	0	0	1775677913336
1721	2361	2540	778	0	0	0	0	1775677914328
1746	2274	2563	786	0	0	0	0	1775677915328
1727	2350	2582	777	0	0	0	0	1775677916328
1752	2354	2516	775	0	0	0	0	1775677917336
1799	2331	2521	780	0	0	0	0	1775677919438
1802	2282	2501	776	0	0	0	0	1775677920440
1796	2336	2506	792	0	0	0	0	1775677921438
1806	2290	2529	770	0	0	0	0	1775677922440
1782	2282	2511	770	0	0	0	0	1775677923454
1784	2345	2540	773	0	0	0	0	1775677924475
1788	2357	2568	769	0	0	0	0	1775677925483
1776	2318	2488	790	0	0	0	0	1775677926472
1793	2297	2516	778	0	0	0	0	1775677927468
1761	2309	2528	782	0	0	0	0	1775677928469
1759	2293	2534	781	0	0	0	0	1775677929483
1769	2304	2505	777	0	0	0	0	1775677930472
1797	2317	2544	773	0	0	0	0	1775677931480
1721	2321	2507	778	0	0	0	0	1775677932469
1721	2296	2573	765	0	0	0	0	1775677933485
1746	2363	2515	772	0	0	0	0	1775677934488
1737	2289	2474	783	0	0	0	0	1775677935497
1788	2277	2500	786	0	0	0	0	1775677936488
1773	2371	2557	795	0	0	0	0	1775677937502
1755	2325	2520	787	0	0	0	0	1775677938505
1754	2307	2578	774	0	0	0	0	1775677939518
1767	2313	2499	769	0	0	0	0	1775677940542
1729	2281	2536	776	0	0	0	0	1775677941535
1803	2327	2568	786	0	0	0	0	1775677942533
1734	2294	2480	782	0	0	0	0	1775677943545
1800	2267	2502	777	0	0	0	0	1775677944536
1773	2263	2513	763	0	0	0	0	1775677945550
1747	2283	2500	766	0	0	0	0	1775677946547
1788	2268	2550	765	0	0	0	0	1775677947550
1725	2267	2550	785	0	0	0	0	1775677948549
1739	2372	2571	778	0	0	0	0	1775677949550
1767	2351	2474	777	0	0	0	0	1775677950547
1785	2360	2551	772	0	0	0	0	1775677951564
1741	2316	2495	772	0	0	0	0	1775677952568
1767	2289	2518	796	0	0	0	0	1775677953563
1748	2290	2567	769	0	0	0	0	1775677954568
1758	2281	2575	770	0	0	0	0	1775677955578
1766	2311	2575	791	0	0	0	0	1775677956580
1749	2356	2494	774	0	0	0	0	1775677957586
1741	2286	2555	794	0	0	0	0	1775677958577
1780	2373	2579	763	0	0	0	0	1775677959594
1754	2300	2544	783	0	0	0	0	1775677960600
1737	2264	2490	781	0	0	0	0	1775677961614
1786	2289	2577	760	0	0	0	0	1775677962617
1762	2269	2476	760	0	0	0	0	1775677963630
1745	2290	2493	773	0	0	0	0	1775677964629
1732	2308	2575	762	0	0	0	0	1775677965630
1766	2282	2472	779	0	0	0	0	1775677966632
1767	2286	2488	770	0	0	0	0	1775677967630
1746	2268	2544	795	0	0	0	0	1775677968630
1738	2297	2525	787	0	0	0	0	1775677969624
1742	2292	2561	789	0	0	0	0	1775677970624
1799	2321	2473	770	0	0	0	0	1775677971625
1792	2345	2495	778	0	0	0	0	1775677972632
1733	2367	2467	795	0	0	0	0	1775677973624
1734	2322	2528	787	0	0	0	0	1775677974632
1773	2335	2572	787	0	0	0	0	1775677975624
1734	2333	2493	767	0	0	0	0	1775677976632
1803	2333	2574	786	0	0	0	0	1775677977624
1783	2370	2580	762	0	0	0	0	1775677978626
1752	2372	2565	793	0	0	0	0	1775677979630
1725	2338	2555	776	0	0	0	0	1775677980632
1774	2285	2540	789	0	0	0	0	1775677981640
1736	2345	2487	782	0	0	0	0	1775677982640
1723	2373	2539	789	0	0	0	0	1775677983640
1760	2336	2462	794	0	0	0	0	1775677984646
1775	2271	2494	779	0	0	0	0	1775677985659
1747	2322	2522	766	0	0	0	0	1775677986664
1755	2307	2487	794	0	0	0	0	1775677987658
1726	2309	2477	786	0	0	0	0	1775677988664
1778	2327	2503	767	0	0	0	0	1775677989656
1799	2348	2489	768	0	0	0	0	1775677990664
1780	2318	2467	766	0	0	0	0	1775677991656
1804	2288	2529	793	0	0	0	0	1775677992664
1736	2289	2485	784	0	0	0	0	1775677993656
1764	2348	2501	767	0	0	0	0	1775677994664
1742	2298	2467	765	0	0	0	0	1775677995656
1743	2360	2488	788	0	0	0	0	1775677996664
1730	2373	2489	794	0	0	0	0	1775677997662
1801	2278	2574	764	0	0	0	0	1775677998663
1738	2371	2539	775	0	0	0	0	1775677999678
1782	2269	2479	791	0	0	0	0	1775678000681
1750	2303	2560	774	0	0	0	0	1775678001672
1723	2373	2488	795	0	0	0	0	1775678002672
1806	2354	2466	766	0	0	0	0	1775678003671
1750	2321	2496	781	0	0	0	0	1775678004672
1770	2362	2556	762	0	0	0	0	1775678005672
1735	2267	2493	797	0	0	0	0	1775678006678
1727	2350	2567	767	0	0	0	0	1775678007691
1724	2307	2492	777	0	0	0	0	1775678008696
1777	2285	2507	777	0	0	0	0	1775678009688
1800	2272	2504	789	0	0	0	0	1775678010696
1760	2324	2547	775	0	0	0	0	1775678011694
1743	2308	2462	780	0	0	0	0	1775678012694
1760	2302	2571	770	0	0	0	0	1775678013691
1781	2273	2514	795	0	0	0	0	1775678014694
1763	2361	2568	782	0	0	0	0	1775678015687
1768	2271	2582	789	0	0	0	0	1775678016687
1755	2270	2515	772	0	0	0	0	1775678017688
1759	2321	2551	787	0	0	0	0	1775678018686
1747	2347	2478	795	0	0	0	0	1775678019694
1744	2274	2500	782	0	0	0	0	1775678020692
1721	2373	2551	782	0	0	0	0	1775678021688
1728	2326	2543	790	0	0	0	0	1775678022696
1764	2346	2583	776	0	0	0	0	1775678023688
1733	2316	2540	772	0	0	0	0	1775678024690
1776	2361	2577	784	0	0	0	0	1775678025694
1742	2300	2507	774	0	0	0	0	1775678026696
1796	2283	2477	774	0	0	0	0	1775678027689
1799	2353	2501	796	0	0	0	0	1775678028696
1732	2368	2469	779	0	0	0	0	1775678029710
1803	2289	2559	785	0	0	0	0	1775678030704
1796	2313	2485	764	0	0	0	0	1775678031719
1806	2322	2583	785	0	0	0	0	1775678032718
1744	2267	2495	765	0	0	0	0	1775678033726
1734	2274	2479	785	0	0	0	0	1775678034718
1753	2284	2517	778	0	0	0	0	1775678035720
1721	2287	2486	765	0	0	0	0	1775678036731
1772	2371	2566	773	0	0	0	0	1775678037721
1752	2318	2471	770	0	0	0	0	1775678038729
1739	2332	2571	786	0	0	0	0	1775678039720
1766	2346	2485	795	0	0	0	0	1775678040722
1799	2330	2538	770	0	0	0	0	1775678041720
1749	2371	2478	775	0	0	0	0	1775678042718
1788	2340	2500	775	0	0	0	0	1775678043719
1773	2334	2552	770	0	0	0	0	1775678044722
1803	2301	2476	777	0	0	0	0	1775678045726
1772	2292	2514	794	0	0	0	0	1775678046730
1791	2311	2521	763	0	0	0	0	1775678047720
1763	2283	2492	781	0	0	0	0	1775678048718
1723	2279	2539	773	0	0	0	0	1775678049720
1736	2333	2488	763	0	0	0	0	1775678050728
1792	2278	2530	762	0	0	0	0	1775678051726
1732	2363	2576	789	0	0	0	0	1775678052735
1768	2368	2525	762	0	0	0	0	1775678053756
1739	2265	2504	765	0	0	0	0	1775678054766
1796	2334	2489	770	0	0	0	0	1775678055768
1798	2320	2584	770	0	0	0	0	1775678056781
1787	2352	2552	765	0	0	0	0	1775678057806
1760	2304	2480	789	0	0	0	0	1775678058798
1726	2325	2562	791	0	0	0	0	1775678059796
1738	2310	2515	771	0	0	0	0	1775678060814
1756	2282	2522	764	0	0	0	0	1775678061838
1726	2357	2557	795	0	0	0	0	1775678062830
1745	2326	2484	774	0	0	0	0	1775678063830
1725	2361	2568	787	0	0	0	0	1775678064830
1734	2290	2462	778	0	0	0	0	1775678065845
1730	2266	2471	764	0	0	0	0	1775678066862
1786	2325	2510	769	0	0	0	0	1775678067864
1787	2285	2522	767	0	0	0	0	1775678068878
1759	2266	2578	760	0	0	0	0	1775678069878
1744	2299	2546	773	0	0	0	0	1775678070878
1783	2268	2517	796	0	0	0	0	1775678071880
1766	2271	2527	779	0	0	0	0	1775678072878
1803	2350	2481	797	0	0	0	0	1775678073881
1758	2263	2482	764	0	0	0	0	1775678074893
1723	2295	2509	782	0	0	0	0	1775678075890
1726	2348	2584	784	0	0	0	0	1775678076910
1748	2270	2583	782	0	0	0	0	1775678077912
1745	2334	2469	770	0	0	0	0	1775678078926
1783	2326	2554	773	0	0	0	0	1775678079921
1739	2306	2474	767	0	0	0	0	1775678080941
1782	2286	2500	763	0	0	0	0	1775678081944
1804	2290	2490	787	0	0	0	0	1775678082958
1784	2316	2576	795	0	0	0	0	1775678083960
1770	2283	2468	781	0	0	0	0	1775678084974
1761	2304	2578	767	0	0	0	0	1775678085968
1786	2325	2527	786	0	0	0	0	1775678086968
1763	2274	2539	786	0	0	0	0	1775678087976
1737	2344	2472	797	0	0	0	0	1775678088968
1785	2366	2539	771	0	0	0	0	1775678089972
1770	2294	2475	762	0	0	0	0	1775678090968
1765	2303	2582	777	0	0	0	0	1775678091976
1728	2281	2486	775	0	0	0	0	1775678092974
1733	2331	2535	781	0	0	0	0	1775678093973
1780	2301	2502	771	0	0	0	0	1775678094968
1729	2285	2468	794	0	0	0	0	1775678095976
1798	2321	2491	770	0	0	0	0	1775678096974
1739	2361	2470	796	0	0	0	0	1775678097977
1750	2283	2517	774	0	0	0	0	1775678098989
1793	2355	2526	777	0	0	0	0	1775678099986
1774	2365	2561	795	0	0	0	0	1775678100985
1747	2267	2477	793	0	0	0	0	1775678101986
1749	2364	2526	762	0	0	0	0	1775678102985
1752	2263	2488	785	0	0	0	0	1775678103993
1726	2352	2504	779	0	0	0	0	1775678105005
1803	2330	2466	766	0	0	0	0	1775678106008
1778	2332	2476	772	0	0	0	0	1775678107000
1797	2292	2555	760	0	0	0	0	1775678108008
1770	2285	2566	780	0	0	0	0	1775678109001
1783	2312	2479	766	0	0	0	0	1775678110005
1740	2334	2511	793	0	0	0	0	1775678111006
1797	2283	2527	788	0	0	0	0	1775678112008
1778	2271	2557	785	0	0	0	0	1775678112999
1780	2277	2481	788	0	0	0	0	1775678114008
1744	2350	2514	787	0	0	0	0	1775678115000
1779	2335	2575	771	0	0	0	0	1775678116008
1768	2308	2527	767	0	0	0	0	1775678117022
1723	2281	2571	765	0	0	0	0	1775678118022
1736	2325	2521	781	0	0	0	0	1775678119016
1726	2263	2518	764	0	0	0	0	1775678120018
1801	2324	2557	763	0	0	0	0	1775678121016
1792	2281	2547	786	0	0	0	0	1775678122020
1724	2314	2501	765	0	0	0	0	1775678123016
1804	2316	2520	797	0	0	0	0	1775678124015
1760	2310	2573	792	0	0	0	0	1775678125016
1766	2280	2465	787	0	0	0	0	1775678126024
1747	2283	2500	797	0	0	0	0	1775678127016
1724	2293	2469	776	0	0	0	0	1775678128024
1759	2358	2583	796	0	0	0	0	1775678129016
1776	2359	2475	765	0	0	0	0	1775678130024
1746	2372	2577	780	0	0	0	0	1775678131016
1749	2362	2499	766	0	0	0	0	1775678132024
1762	2345	2463	774	0	0	0	0	1775678133017
1749	2360	2517	767	0	0	0	0	1775678134025
1804	2339	2542	778	0	0	0	0	1775678135016
1788	2303	2539	767	0	0	0	0	1775678136024
1725	2295	2544	767	0	0	0	0	1775678137015
1733	2374	2573	771	0	0	0	0	1775678138016
1763	2284	2492	779	0	0	0	0	1775678139023
1728	2321	2573	773	0	0	0	0	1775678140016
1730	2305	2555	796	0	0	0	0	1775678141016
1755	2303	2469	774	0	0	0	0	1775678142024
1796	2338	2572	777	0	0	0	0	1775678143016
1722	2285	2546	784	0	0	0	0	1775678144018
1790	2337	2529	782	0	0	0	0	1775678145016
1731	2360	2489	765	0	0	0	0	1775678146017
1764	2334	2471	792	0	0	0	0	1775678147016
1751	2327	2512	792	0	0	0	0	1775678148024
1724	2370	2565	785	0	0	0	0	1775678149016
1755	2290	2487	790	0	0	0	0	1775678150020
1799	2311	2569	794	0	0	0	0	1775678151016
1743	2295	2533	766	0	0	0	0	1775678152019
1730	2301	2550	780	0	0	0	0	1775678153017
1734	2310	2584	778	0	0	0	0	1775678154020
1750	2297	2516	786	0	0	0	0	1775678155022
1727	2356	2582	791	0	0	0	0	1775678156024
1750	2329	2535	796	0	0	0	0	1775678157017
1787	2340	2566	790	0	0	0	0	1775678158024
1749	2348	2584	774	0	0	0	0	1775678159016
1790	2340	2545	771	0	0	0	0	1775678160024
1777	2294	2480	787	0	0	0	0	1775678161016
1775	2269	2487	768	0	0	0	0	1775678162025
1757	2350	2487	764	0	0	0	0	1775678163022
1797	2337	2535	775	0	0	0	0	1775678164024
1749	2271	2583	765	0	0	0	0	1775678165016
1791	2310	2483	779	0	0	0	0	1775678166024
1777	2265	2505	775	0	0	0	0	1775678167016
1783	2267	2532	794	0	0	0	0	1775678168024
1756	2263	2560	781	0	0	0	0	1775678169038
1779	2356	2566	784	0	0	0	0	1775678170036
1753	2282	2490	764	0	0	0	0	1775678171033
1746	2369	2544	797	0	0	0	0	1775678172036
1770	2337	2535	779	0	0	0	0	1775678173051
1766	2347	2462	790	0	0	0	0	1775678174056
1778	2276	2465	766	0	0	0	0	1775678175047
1793	2319	2522	787	0	0	0	0	1775678176046
1770	2324	2519	767	0	0	0	0	1775678177048
1740	2297	2555	794	0	0	0	0	1775678178058
1733	2289	2565	796	0	0	0	0	1775678179048
1764	2281	2515	797	0	0	0	0	1775678180052
1804	2286	2467	770	0	0	0	0	1775678181046
1787	2320	2555	774	0	0	0	0	1775678182056
1757	2329	2578	777	0	0	0	0	1775678183048
1793	2358	2568	784	0	0	0	0	1775678184058
1778	2325	2485	770	0	0	0	0	1775678185054
1804	2329	2558	769	0	0	0	0	1775678186059
1798	2290	2577	795	0	0	0	0	1775678187048
1769	2298	2478	783	0	0	0	0	1775678188052
1777	2275	2504	785	0	0	0	0	1775678189054
1728	2278	2477	760	0	0	0	0	1775678190050
1744	2315	2515	795	0	0	0	0	1775678191046
1731	2303	2531	792	0	0	0	0	1775678192062
1765	2288	2486	768	0	0	0	0	1775678193070
1757	2310	2462	761	0	0	0	0	1775678194078
1736	2263	2475	767	0	0	0	0	1775678195101
1745	2267	2494	794	0	0	0	0	1775678196094
1727	2302	2508	778	0	0	0	0	1775678197097
1798	2333	2483	771	0	0	0	0	1775678198105
1795	2302	2569	783	0	0	0	0	1775678199096
1794	2370	2572	792	0	0	0	0	1775678200094
1733	2298	2507	791	0	0	0	0	1775678201096
1791	2270	2525	761	0	0	0	0	1775678202094
1784	2367	2500	769	0	0	0	0	1775678203096
1740	2316	2503	796	0	0	0	0	1775678204094
1803	2317	2513	776	0	0	0	0	1775678205108
1750	2318	2514	782	0	0	0	0	1775678206097
1728	2311	2541	764	0	0	0	0	1775678207096
1726	2265	2509	762	0	0	0	0	1775678208094
1802	2277	2463	766	0	0	0	0	1775678209093
1739	2298	2541	792	0	0	0	0	1775678210105
1775	2373	2481	790	0	0	0	0	1775678211093
1790	2298	2543	786	0	0	0	0	1775678212094
1746	2330	2534	770	0	0	0	0	1775678213132
1753	2361	2562	787	0	0	0	0	1775678214097
1735	2313	2581	773	0	0	0	0	1775678215103
1762	2328	2554	778	0	0	0	0	1775678216110
1769	2328	2565	795	0	0	0	0	1775678217113
1762	2331	2577	791	0	0	0	0	1775678218110
1737	2339	2496	794	0	0	0	0	1775678219112
1733	2360	2464	789	0	0	0	0	1775678220118
1752	2302	2463	795	0	0	0	0	1775678221110
1779	2309	2524	793	0	0	0	0	1775678222126
1768	2341	2473	790	0	0	0	0	1775678223128
1777	2286	2558	767	0	0	0	0	1775678224125
1799	2271	2485	773	0	0	0	0	1775678225126
1736	2359	2582	765	0	0	0	0	1775678226142
1723	2271	2477	769	0	0	0	0	1775678227140
1735	2370	2533	760	0	0	0	0	1775678228142
1782	2373	2541	760	0	0	0	0	1775678229145
1790	2304	2498	778	0	0	0	0	1775678230142
1721	2271	2569	782	0	0	0	0	1775678231144
1799	2262	2569	787	0	0	0	0	1775678232155
1737	2335	2494	773	0	0	0	0	1775678233160
1783	2328	2507	786	0	0	0	0	1775678234174
1726	2361	2482	761	0	0	0	0	1775678235176
1774	2374	2554	784	0	0	0	0	1775678236171
1739	2292	2546	763	0	0	0	0	1775678237176
1721	2320	2534	760	0	0	0	0	1775678238190
1770	2372	2463	764	0	0	0	0	1775678239192
1751	2335	2491	785	0	0	0	0	1775678240190
1797	2358	2540	764	0	0	0	0	1775678241193
1747	2360	2551	767	0	0	0	0	1775678242202
1758	2292	2526	778	0	0	0	0	1775678243204
1803	2369	2581	786	0	0	0	0	1775678244222
1806	2322	2528	783	0	0	0	0	1775678245224
1753	2287	2514	786	0	0	0	0	1775678246221
1771	2306	2464	775	0	0	0	0	1775678247224
1795	2308	2575	790	0	0	0	0	1775678248233
1785	2353	2478	777	0	0	0	0	1775678249224
1793	2302	2500	776	0	0	0	0	1775678250234
1776	2263	2574	789	0	0	0	0	1775678251240
1765	2300	2546	797	0	0	0	0	1775678252254
1755	2345	2541	786	0	0	0	0	1775678253257
1785	2309	2471	783	0	0	0	0	1775678254270
1773	2364	2515	776	0	0	0	0	1775678255273
1732	2273	2535	797	0	0	0	0	1775678256284
1793	2289	2512	775	0	0	0	0	1775678257281
1731	2290	2510	762	0	0	0	0	1775678258280
1757	2309	2498	785	0	0	0	0	1775678259302
1745	2294	2510	789	0	0	0	0	1775678260296
1738	2300	2543	788	0	0	0	0	1775678261297
1783	2325	2513	795	0	0	0	0	1775678262296
1769	2330	2539	788	0	0	0	0	1775678263304
1769	2270	2506	793	0	0	0	0	1775678264296
1763	2306	2576	761	0	0	0	0	1775678265304
1773	2295	2495	765	0	0	0	0	1775678266296
1787	2311	2542	782	0	0	0	0	1775678267304
1733	2309	2558	775	0	0	0	0	1775678268301
1746	2302	2568	774	0	0	0	0	1775678269304
1785	2344	2580	781	0	0	0	0	1775678270296
1772	2282	2486	794	0	0	0	0	1775678271299
1758	2294	2501	781	0	0	0	0	1775678272302
1747	2270	2511	796	0	0	0	0	1775678273299
1778	2356	2570	776	0	0	0	0	1775678274296
1722	2319	2557	777	0	0	0	0	1775678275301
1782	2369	2561	774	0	0	0	0	1775678276296
1804	2310	2484	783	0	0	0	0	1775678277303
1722	2318	2544	793	0	0	0	0	1775678278296
1732	2359	2528	761	0	0	0	0	1775678279303
1782	2287	2515	782	0	0	0	0	1775678280301
1736	2337	2577	790	0	0	0	0	1775678281297
1747	2346	2556	770	0	0	0	0	1775678282302
1783	2332	2574	796	0	0	0	0	1775678283304
1752	2338	2561	771	0	0	0	0	1775678284296
1785	2338	2478	782	0	0	0	0	1775678285304
1761	2267	2521	788	0	0	0	0	1775678286296
1801	2313	2575	794	0	0	0	0	1775678287303
1740	2370	2494	769	0	0	0	0	1775678288318
1743	2277	2522	786	0	0	0	0	1775678289320
1758	2319	2548	787	0	0	0	0	1775678290329
1789	2309	2474	797	0	0	0	0	1775678291331
1747	2368	2532	793	0	0	0	0	1775678292328
1759	2357	2571	794	0	0	0	0	1775678293331
1797	2275	2559	778	0	0	0	0	1775678294329
1804	2300	2510	781	0	0	0	0	1775678295336
1768	2273	2562	762	0	0	0	0	1775678296344
1723	2370	2516	792	0	0	0	0	1775678297352
1781	2273	2473	782	0	0	0	0	1775678298358
1751	2263	2564	774	0	0	0	0	1775678299343
1765	2335	2499	795	0	0	0	0	1775678300344
1735	2287	2514	771	0	0	0	0	1775678301352
1787	2263	2538	788	0	0	0	0	1775678302366
1770	2309	2542	783	0	0	0	0	1775678303368
1721	2357	2522	790	0	0	0	0	1775678304360
1738	2287	2482	786	0	0	0	0	1775678305360
1763	2275	2506	779	0	0	0	0	1775678306360
1790	2273	2535	768	0	0	0	0	1775678307368
1781	2289	2516	788	0	0	0	0	1775678308360
1742	2336	2530	779	0	0	0	0	1775678309369
1761	2326	2535	789	0	0	0	0	1775678310366
1744	2286	2536	787	0	0	0	0	1775678311368
1784	2368	2578	793	0	0	0	0	1775678312360
1788	2325	2500	782	0	0	0	0	1775678313368
1726	2340	2531	781	0	0	0	0	1775678314360
1798	2371	2528	771	0	0	0	0	1775678315368
1757	2349	2515	787	0	0	0	0	1775678316366
1752	2325	2526	770	0	0	0	0	1775678317368
1727	2285	2559	767	0	0	0	0	1775678318360
1802	2348	2537	762	0	0	0	0	1775678319368
1781	2339	2493	775	0	0	0	0	1775678320360
1730	2279	2500	766	0	0	0	0	1775678321368
1752	2322	2483	782	0	0	0	0	1775678322358
1773	2314	2560	796	0	0	0	0	1775678323362
1803	2357	2532	773	0	0	0	0	1775678324360
1759	2364	2582	765	0	0	0	0	1775678325366
1760	2368	2571	760	0	0	0	0	1775678326379
1781	2339	2563	765	0	0	0	0	1775678327390
1766	2372	2524	769	0	0	0	0	1775678328391
1781	2348	2492	789	0	0	0	0	1775678329397
1735	2362	2521	781	0	0	0	0	1775678330392
1740	2373	2531	779	0	0	0	0	1775678331406
1756	2329	2481	770	0	0	0	0	1775678332409
1784	2290	2512	788	0	0	0	0	1775678333769
1745	2293	2560	779	0	0	0	0	1775678334408
1806	2279	2517	787	0	0	0	0	1775678335405
1786	2288	2537	776	0	0	0	0	1775678336408
1762	2342	2512	769	0	0	0	0	1775678337406
1724	2331	2540	769	0	0	0	0	1775678338408
1744	2312	2490	779	0	0	0	0	1775678339419
1777	2345	2551	767	0	0	0	0	1775678340409
1782	2335	2552	797	0	0	0	0	1775678341406
1804	2302	2520	770	0	0	0	0	1775678342408
1761	2363	2571	781	0	0	0	0	1775678343409
1776	2313	2502	776	0	0	0	0	1775678344407
1768	2360	2477	789	0	0	0	0	1775678345406
1748	2271	2556	765	0	0	0	0	1775678346408
1773	2311	2467	767	0	0	0	0	1775678347406
1750	2323	2491	785	0	0	0	0	1775678348407
1733	2353	2495	796	0	0	0	0	1775678349422
1786	2354	2469	788	0	0	0	0	1775678350424
1731	2290	2558	796	0	0	0	0	1775678351438
1737	2285	2513	764	0	0	0	0	1775678352440
1749	2341	2576	790	0	0	0	0	1775678353436
1727	2288	2494	794	0	0	0	0	1775678354439
1750	2373	2492	786	0	0	0	0	1775678355437
1800	2362	2544	783	0	0	0	0	1775678356440
1732	2367	2487	788	0	0	0	0	1775678357437
1778	2367	2580	776	0	0	0	0	1775678358440
1738	2266	2536	770	0	0	0	0	1775678359442
1742	2330	2497	780	0	0	0	0	1775678360440
1767	2284	2563	774	0	0	0	0	1775678361451
1741	2331	2476	784	0	0	0	0	1775678362437
1794	2348	2476	789	0	0	0	0	1775678363450
1770	2279	2539	790	0	0	0	0	1775678364440
1806	2355	2547	775	0	0	0	0	1775678365438
1760	2312	2582	773	0	0	0	0	1775678366440
1744	2344	2566	772	0	0	0	0	1775678367438
1759	2302	2529	766	0	0	0	0	1775678368438
1733	2368	2557	769	0	0	0	0	1775678369438
1762	2291	2580	792	0	0	0	0	1775678370439
1795	2374	2506	777	0	0	0	0	1775678371439
1746	2296	2578	764	0	0	0	0	1775678372462
1752	2353	2532	770	0	0	0	0	1775678373470
1780	2347	2555	768	0	0	0	0	1775678374470
1732	2296	2563	760	0	0	0	0	1775678375470
1730	2338	2467	793	0	0	0	0	1775678376493
1756	2266	2465	796	0	0	0	0	1775678377486
1743	2356	2516	768	0	0	0	0	1775678378488
1746	2308	2548	789	0	0	0	0	1775678379502
1798	2363	2545	778	0	0	0	0	1775678380505
1730	2355	2567	771	0	0	0	0	1775678381502
1783	2350	2580	784	0	0	0	0	1775678382500
1798	2295	2545	764	0	0	0	0	1775678383517
1760	2307	2466	764	0	0	0	0	1775678384515
1798	2285	2489	778	0	0	0	0	1775678385530
1788	2324	2540	779	0	0	0	0	1775678386536
1755	2305	2475	797	0	0	0	0	1775678387534
1799	2372	2476	772	0	0	0	0	1775678388536
1760	2299	2489	797	0	0	0	0	1775678389548
1781	2373	2471	768	0	0	0	0	1775678390548
1800	2357	2483	787	0	0	0	0	1775678391561
1756	2364	2466	782	0	0	0	0	1775678392549
1758	2339	2538	785	0	0	0	0	1775678393566
1729	2276	2518	783	0	0	0	0	1775678394568
1783	2350	2529	796	0	0	0	0	1775678395570
1778	2290	2554	793	0	0	0	0	1775678396568
1797	2303	2553	767	0	0	0	0	1775678397567
1766	2309	2562	789	0	0	0	0	1775678398566
1798	2328	2525	768	0	0	0	0	1775678399566
1780	2275	2554	772	0	0	0	0	1775678400569
1731	2296	2528	783	0	0	0	0	1775678401578
1723	2369	2561	767	0	0	0	0	1775678402580
1723	2272	2564	792	0	0	0	0	1775678403593
1748	2362	2479	765	0	0	0	0	1775678404594
1730	2323	2478	786	0	0	0	0	1775678405614
1794	2341	2477	779	0	0	0	0	1775678406616
1785	2354	2522	793	0	0	0	0	1775678407609
1793	2322	2577	772	0	0	0	0	1775678408610
1749	2312	2571	777	0	0	0	0	1775678409624
1729	2358	2492	760	0	0	0	0	1775678410624
1757	2297	2533	767	0	0	0	0	1775678411630
1784	2342	2464	779	0	0	0	0	1775678412631
1736	2264	2551	769	0	0	0	0	1775678413624
1738	2373	2530	763	0	0	0	0	1775678414632
1782	2299	2581	771	0	0	0	0	1775678415646
1734	2284	2580	774	0	0	0	0	1775678416647
1786	2268	2563	793	0	0	0	0	1775678417662
1781	2300	2507	772	0	0	0	0	1775678418664
1744	2268	2468	770	0	0	0	0	1775678419656
1774	2266	2581	780	0	0	0	0	1775678420660
1755	2317	2571	765	0	0	0	0	1775678421662
1788	2265	2548	784	0	0	0	0	1775678422673
1747	2312	2463	760	0	0	0	0	1775678423672
1779	2349	2536	765	0	0	0	0	1775678424680
1751	2331	2476	780	0	0	0	0	1775678425672
1804	2305	2554	764	0	0	0	0	1775678426680
1741	2311	2477	792	0	0	0	0	1775678427672
1758	2350	2538	781	0	0	0	0	1775678428678
1752	2295	2487	761	0	0	0	0	1775678429672
1779	2273	2582	761	0	0	0	0	1775678430680
1747	2277	2498	779	0	0	0	0	1775678431672
1743	2310	2572	797	0	0	0	0	1775678432672
1749	2288	2554	773	0	0	0	0	1775678433694
1794	2327	2563	778	0	0	0	0	1775678434699
1740	2283	2549	767	0	0	0	0	1775678435706
1755	2306	2532	773	0	0	0	0	1775678436710
1801	2289	2571	767	0	0	0	0	1775678437726
1776	2270	2538	785	0	0	0	0	1775678438718
1787	2362	2480	782	0	0	0	0	1775678439739
1770	2364	2497	775	0	0	0	0	1775678440734
1741	2319	2483	793	0	0	0	0	1775678441736
1724	2268	2542	787	0	0	0	0	1775678442734
1759	2325	2477	779	0	0	0	0	1775678443736
1770	2365	2550	766	0	0	0	0	1775678444734
1747	2349	2579	788	0	0	0	0	1775678445740
1750	2303	2523	783	0	0	0	0	1775678446734
1727	2344	2526	782	0	0	0	0	1775678447734
1721	2318	2541	760	0	0	0	0	1775678448749
1794	2335	2537	783	0	0	0	0	1775678449758
1721	2321	2474	791	0	0	0	0	1775678450764
1756	2307	2576	761	0	0	0	0	1775678451766
1787	2370	2573	783	0	0	0	0	1775678452766
1797	2357	2546	793	0	0	0	0	1775678453765
1729	2371	2473	766	0	0	0	0	1775678454767
1792	2296	2580	780	0	0	0	0	1775678455768
1787	2274	2567	767	0	0	0	0	1775678456782
1742	2309	2505	785	0	0	0	0	1775678457782
1725	2290	2471	795	0	0	0	0	1775678458782
1795	2275	2549	769	0	0	0	0	1775678459803
1767	2334	2568	792	0	0	0	0	1775678460798
1753	2263	2506	783	0	0	0	0	1775678461809
1731	2306	2575	771	0	0	0	0	1775678462814
1802	2349	2569	774	0	0	0	0	1775678463817
1794	2282	2516	791	0	0	0	0	1775678464821
1789	2274	2571	788	0	0	0	0	1775678465815
1737	2269	2473	770	0	0	0	0	1775678466814
1799	2337	2568	792	0	0	0	0	1775678467838
1745	2342	2526	790	0	0	0	0	1775678468830
1790	2301	2497	787	0	0	0	0	1775678469851
1746	2351	2575	767	0	0	0	0	1775678470846
1776	2362	2519	771	0	0	0	0	1775678471848
1805	2341	2580	780	0	0	0	0	1775678472857
1732	2333	2504	766	0	0	0	0	1775678473848
1746	2299	2525	793	0	0	0	0	1775678474862
1791	2323	2562	769	0	0	0	0	1775678475883
1733	2309	2540	789	0	0	0	0	1775678476878
1760	2321	2511	776	0	0	0	0	1775678477880
1754	2354	2494	776	0	0	0	0	1775678478889
1753	2368	2583	791	0	0	0	0	1775678479886
1783	2286	2507	773	0	0	0	0	1775678480894
1734	2308	2518	771	0	0	0	0	1775678481896
1800	2265	2574	769	0	0	0	0	1775678482894
1742	2358	2562	775	0	0	0	0	1775678483896
1724	2333	2558	783	0	0	0	0	1775678484910
1794	2350	2543	763	0	0	0	0	1775678485908
1795	2340	2500	773	0	0	0	0	1775678486926
1799	2354	2499	789	0	0	0	0	1775678487928
1756	2358	2469	778	0	0	0	0	1775678488937
1729	2315	2488	796	0	0	0	0	1775678489944
1766	2336	2522	784	0	0	0	0	1775678490937
1727	2291	2506	769	0	0	0	0	1775678491945
1783	2347	2533	778	0	0	0	0	1775678492949
1797	2364	2567	791	0	0	0	0	1775678493938
1726	2286	2573	765	0	0	0	0	1775678494958
1745	2365	2523	767	0	0	0	0	1775678495960
1732	2296	2542	794	0	0	0	0	1775678496952
1758	2302	2462	773	0	0	0	0	1775678497960
1741	2296	2494	775	0	0	0	0	1775678498952
1764	2368	2528	772	0	0	0	0	1775678499956
1776	2344	2516	779	0	0	0	0	1775678500952
1777	2286	2560	779	0	0	0	0	1775678501957
1806	2349	2471	773	0	0	0	0	1775678502952
1792	2289	2499	788	0	0	0	0	1775678503953
1787	2355	2561	787	0	0	0	0	1775678504952
1800	2286	2518	796	0	0	0	0	1775678505953
1725	2329	2547	786	0	0	0	0	1775678506953
1805	2337	2473	777	0	0	0	0	1775678507959
1730	2275	2467	776	0	0	0	0	1775678508952
1769	2338	2476	795	0	0	0	0	1775678509960
1766	2289	2473	788	0	0	0	0	1775678510952
1730	2302	2467	789	0	0	0	0	1775678511957
1722	2288	2582	776	0	0	0	0	1775678512955
1773	2345	2537	793	0	0	0	0	1775678513952
1777	2345	2567	790	0	0	0	0	1775678514958
1742	2353	2531	764	0	0	0	0	1775678515960
1736	2374	2470	779	0	0	0	0	1775678516958
1746	2343	2546	788	0	0	0	0	1775678517960
1746	2275	2564	764	0	0	0	0	1775678518952
1723	2303	2474	791	0	0	0	0	1775678519958
1745	2359	2544	786	0	0	0	0	1775678520970
1792	2283	2480	775	0	0	0	0	1775678521969
1773	2320	2541	789	0	0	0	0	1775678522968
1748	2288	2504	772	0	0	0	0	1775678523971
1778	2264	2560	765	0	0	0	0	1775678524987
1792	2306	2532	785	0	0	0	0	1775678525992
1781	2316	2562	788	0	0	0	0	1775678526984
1788	2368	2565	789	0	0	0	0	1775678527987
1792	2341	2584	782	0	0	0	0	1775678528985
1736	2305	2580	780	0	0	0	0	1775678530012
1738	2285	2584	788	0	0	0	0	1775678531019
1766	2308	2563	787	0	0	0	0	1775678532024
1738	2308	2535	778	0	0	0	0	1775678533016
1758	2296	2522	783	0	0	0	0	1775678534024
1801	2362	2482	772	0	0	0	0	1775678535022
1786	2301	2550	788	0	0	0	0	1775678536015
1778	2285	2547	773	0	0	0	0	1775678537022
1769	2338	2582	793	0	0	0	0	1775678538018
1765	2347	2567	786	0	0	0	0	1775678539016
1757	2303	2540	785	0	0	0	0	1775678540022
1737	2366	2487	789	0	0	0	0	1775678541015
1773	2331	2583	779	0	0	0	0	1775678542018
1803	2322	2470	775	0	0	0	0	1775678543017
1782	2302	2577	767	0	0	0	0	1775678544024
1768	2314	2505	771	0	0	0	0	1775678545022
1734	2268	2553	796	0	0	0	0	1775678546016
1754	2327	2486	773	0	0	0	0	1775678547017
1795	2337	2565	797	0	0	0	0	1775678548024
1792	2368	2536	763	0	0	0	0	1775678549015
1733	2267	2512	779	0	0	0	0	1775678550024
1768	2280	2523	795	0	0	0	0	1775678551022
1777	2303	2559	778	0	0	0	0	1775678552024
1730	2271	2578	767	0	0	0	0	1775678553016
1756	2374	2563	782	0	0	0	0	1775678554016
1764	2340	2465	780	0	0	0	0	1775678555016
1724	2315	2526	794	0	0	0	0	1775678556020
1726	2301	2561	793	0	0	0	0	1775678557019
1737	2362	2579	788	0	0	0	0	1775678558021
1740	2267	2521	783	0	0	0	0	1775678559016
1795	2293	2531	794	0	0	0	0	1775678560031
1776	2289	2550	782	0	0	0	0	1775678561053
1723	2325	2489	780	0	0	0	0	1775678562049
1744	2340	2555	767	0	0	0	0	1775678563048
1751	2319	2580	780	0	0	0	0	1775678564058
1775	2330	2565	790	0	0	0	0	1775678565064
1729	2374	2538	770	0	0	0	0	1775678566078
1748	2269	2492	784	0	0	0	0	1775678567080
1798	2330	2482	776	0	0	0	0	1775678568094
1749	2344	2522	791	0	0	0	0	1775678569096
1725	2309	2507	779	0	0	0	0	1775678570105
1798	2342	2543	763	0	0	0	0	1775678571096
1767	2263	2525	795	0	0	0	0	1775678572094
1729	2346	2483	794	0	0	0	0	1775678573163
1764	2348	2542	764	0	0	0	0	1775678574110
1798	2333	2492	797	0	0	0	0	1775678575109
1775	2304	2505	769	0	0	0	0	1775678576110
1726	2354	2504	785	0	0	0	0	1775678577112
1787	2345	2474	792	0	0	0	0	1775678578110
1750	2311	2560	788	0	0	0	0	1775678579112
1768	2357	2501	790	0	0	0	0	1775678580124
1784	2304	2544	772	0	0	0	0	1775678581130
1753	2281	2475	796	0	0	0	0	1775678582142
1795	2341	2485	761	0	0	0	0	1775678583140
1737	2288	2519	780	0	0	0	0	1775678584142
1770	2306	2556	773	0	0	0	0	1775678585151
1786	2291	2523	779	0	0	0	0	1775678586158
1757	2278	2570	789	0	0	0	0	1775678587160
1781	2305	2579	765	0	0	0	0	1775678588174
1776	2333	2517	775	0	0	0	0	1775678589176
1798	2350	2520	797	0	0	0	0	1775678590174
1796	2360	2582	760	0	0	0	0	1775678591177
1806	2299	2526	762	0	0	0	0	1775678592171
1746	2362	2497	782	0	0	0	0	1775678593176
1797	2300	2567	785	0	0	0	0	1775678594190
1776	2336	2538	795	0	0	0	0	1775678595188
1763	2329	2490	791	0	0	0	0	1775678596187
1779	2289	2541	766	0	0	0	0	1775678597187
1772	2337	2567	788	0	0	0	0	1775678598206
1751	2285	2531	779	0	0	0	0	1775678599208
1783	2310	2477	768	0	0	0	0	1775678600222
1764	2296	2467	789	0	0	0	0	1775678601221
1746	2357	2523	766	0	0	0	0	1775678602238
1754	2303	2483	775	0	0	0	0	1775678603237
1793	2264	2483	775	0	0	0	0	1775678604254
1765	2316	2488	777	0	0	0	0	1775678605257
1741	2319	2509	762	0	0	0	0	1775678606265
1769	2307	2547	785	0	0	0	0	1775678607252
1751	2355	2477	774	0	0	0	0	1775678608270
1742	2285	2561	793	0	0	0	0	1775678609265
1754	2285	2580	779	0	0	0	0	1775678610264
1784	2287	2575	780	0	0	0	0	1775678611267
1787	2343	2565	786	0	0	0	0	1775678612281
1770	2285	2477	784	0	0	0	0	1775678613289
1798	2322	2565	774	0	0	0	0	1775678614297
1759	2338	2481	771	0	0	0	0	1775678615301
1732	2303	2558	789	0	0	0	0	1775678616316
1753	2342	2533	768	0	0	0	0	1775678617313
1796	2310	2565	762	0	0	0	0	1775678618313
1768	2347	2494	762	0	0	0	0	1775678619320
1783	2301	2573	777	0	0	0	0	1775678620313
1728	2352	2463	787	0	0	0	0	1775678621321
1798	2317	2558	774	0	0	0	0	1775678622315
1791	2356	2484	776	0	0	0	0	1775678623315
1775	2320	2582	785	0	0	0	0	1775678624312
1758	2319	2508	783	0	0	0	0	1775678625320
1786	2275	2501	766	0	0	0	0	1775678626312
1770	2262	2514	792	0	0	0	0	1775678627321
1754	2276	2570	775	0	0	0	0	1775678628312
1722	2287	2545	794	0	0	0	0	1775678629315
1797	2350	2541	761	0	0	0	0	1775678630334
1744	2287	2486	765	0	0	0	0	1775678631332
1777	2287	2517	770	0	0	0	0	1775678632334
1796	2357	2539	797	0	0	0	0	1775678633332
1743	2301	2464	790	0	0	0	0	1775678634334
1739	2334	2518	780	0	0	0	0	1775678635338
1783	2352	2546	779	0	0	0	0	1775678636328
1735	2266	2485	780	0	0	0	0	1775678637335
1786	2294	2566	771	0	0	0	0	1775678638328
1730	2350	2469	771	0	0	0	0	1775678639336
1746	2272	2576	785	0	0	0	0	1775678640328
1791	2323	2465	797	0	0	0	0	1775678641332
1805	2360	2510	768	0	0	0	0	1775678642328
1782	2359	2540	795	0	0	0	0	1775678643336
1803	2344	2471	763	0	0	0	0	1775678644328
1728	2298	2565	773	0	0	0	0	1775678645336
1782	2317	2543	788	0	0	0	0	1775678646339
1762	2372	2569	769	0	0	0	0	1775678647336
1801	2282	2484	797	0	0	0	0	1775678648328
1739	2370	2542	766	0	0	0	0	1775678649335
1780	2363	2475	795	0	0	0	0	1775678650335
1731	2310	2543	781	0	0	0	0	1775678651336
1774	2353	2490	772	0	0	0	0	1775678652328
1731	2344	2526	780	0	0	0	0	1775678653336
1735	2309	2481	791	0	0	0	0	1775678654328
1745	2359	2578	788	0	0	0	0	1775678655336
1740	2285	2462	768	0	0	0	0	1775678656328
1792	2264	2466	787	0	0	0	0	1775678657332
1767	2292	2471	761	0	0	0	0	1775678658347
1737	2334	2518	763	0	0	0	0	1775678659352
1763	2316	2482	775	0	0	0	0	1775678660344
1753	2316	2583	763	0	0	0	0	1775678661353
1802	2342	2518	787	0	0	0	0	1775678662345
1741	2266	2536	774	0	0	0	0	1775678663346
1734	2307	2512	760	0	0	0	0	1775678664343
1732	2291	2549	775	0	0	0	0	1775678665352
1800	2302	2560	761	0	0	0	0	1775678666350
1769	2311	2557	772	0	0	0	0	1775678667353
1780	2348	2573	763	0	0	0	0	1775678668344
1784	2299	2507	790	0	0	0	0	1775678669352
1722	2316	2572	764	0	0	0	0	1775678670344
1787	2338	2514	764	0	0	0	0	1775678671352
1798	2325	2466	796	0	0	0	0	1775678672350
1759	2341	2566	774	0	0	0	0	1775678673352
1761	2275	2565	769	0	0	0	0	1775678674343
1767	2288	2584	790	0	0	0	0	1775678675352
1770	2292	2547	765	0	0	0	0	1775678676344
1802	2337	2470	766	0	0	0	0	1775678677349
1783	2316	2515	772	0	0	0	0	1775678678344
1736	2319	2534	763	0	0	0	0	1775678679344
1722	2270	2554	796	0	0	0	0	1775678680343
1793	2263	2566	793	0	0	0	0	1775678681343
1734	2268	2581	772	0	0	0	0	1775678682344
1746	2267	2501	780	0	0	0	0	1775678683345
1788	2276	2463	780	0	0	0	0	1775678684366
1757	2301	2545	782	0	0	0	0	1775678685362
1778	2373	2542	786	0	0	0	0	1775678686360
1760	2356	2501	792	0	0	0	0	1775678687375
1741	2357	2567	789	0	0	0	0	1775678688376
1734	2300	2527	770	0	0	0	0	1775678689383
1740	2288	2533	781	0	0	0	0	1775678690377
1787	2315	2531	770	0	0	0	0	1775678691378
1742	2268	2483	795	0	0	0	0	1775678692376
1756	2361	2564	776	0	0	0	0	1775678693377
1779	2359	2483	763	0	0	0	0	1775678694387
1759	2320	2468	764	0	0	0	0	1775678695391
1779	2302	2469	793	0	0	0	0	1775678696413
1722	2312	2528	791	0	0	0	0	1775678697420
1738	2294	2499	765	0	0	0	0	1775678698408
1774	2334	2583	797	0	0	0	0	1775678699406
1735	2298	2572	767	0	0	0	0	1775678700406
1803	2292	2487	796	0	0	0	0	1775678701406
1803	2318	2463	763	0	0	0	0	1775678702430
1785	2371	2516	796	0	0	0	0	1775678703422
1779	2341	2473	760	0	0	0	0	1775678704424
1796	2334	2553	761	0	0	0	0	1775678705422
1793	2306	2557	781	0	0	0	0	1775678706424
1753	2290	2544	785	0	0	0	0	1775678707422
1727	2347	2529	769	0	0	0	0	1775678708424
1794	2274	2568	779	0	0	0	0	1775678709422
1801	2363	2540	775	0	0	0	0	1775678710424
1784	2282	2557	785	0	0	0	0	1775678711422
1794	2313	2480	763	0	0	0	0	1775678712422
1799	2352	2515	787	0	0	0	0	1775678713422
1741	2298	2496	782	0	0	0	0	1775678714424
1747	2326	2498	789	0	0	0	0	1775678715436
1781	2348	2522	779	0	0	0	0	1775678716424
1780	2326	2501	793	0	0	0	0	1775678717437
1747	2327	2552	768	0	0	0	0	1775678718437
1768	2338	2558	782	0	0	0	0	1775678719442
1730	2353	2510	791	0	0	0	0	1775678720456
1730	2301	2551	773	0	0	0	0	1775678721454
1786	2307	2573	797	0	0	0	0	1775678722456
1759	2310	2488	794	0	0	0	0	1775678723469
1730	2294	2553	788	0	0	0	0	1775678724470
1794	2301	2523	795	0	0	0	0	1775678725481
1728	2334	2514	777	0	0	0	0	1775678726472
1733	2328	2584	792	0	0	0	0	1775678727482
1780	2320	2567	774	0	0	0	0	1775678728470
1739	2297	2533	767	0	0	0	0	1775678729482
1725	2318	2534	788	0	0	0	0	1775678730472
1774	2283	2505	787	0	0	0	0	1775678731470
1774	2360	2527	773	0	0	0	0	1775678732483
1762	2344	2581	762	0	0	0	0	1775678733470
1766	2348	2564	793	0	0	0	0	1775678734470
1743	2327	2556	787	0	0	0	0	1775678735470
1723	2360	2508	782	0	0	0	0	1775678736481
1788	2286	2531	774	0	0	0	0	1775678737470
1723	2269	2493	764	0	0	0	0	1775678738472
1761	2356	2499	775	0	0	0	0	1775678739470
1798	2326	2499	769	0	0	0	0	1775678740472
1765	2327	2523	761	0	0	0	0	1775678741470
1742	2280	2574	784	0	0	0	0	1775678742472
1752	2362	2523	768	0	0	0	0	1775678743470
1797	2345	2489	782	0	0	0	0	1775678744491
1732	2286	2517	788	0	0	0	0	1775678745496
1796	2273	2475	786	0	0	0	0	1775678746485
1752	2359	2494	768	0	0	0	0	1775678747486
1789	2269	2577	775	0	0	0	0	1775678748510
1778	2292	2525	777	0	0	0	0	1775678749503
1725	2331	2568	772	0	0	0	0	1775678750504
1786	2295	2535	792	0	0	0	0	1775678751513
