947	1168	1085	2231	0	0	0	0	1773871972921
915	1198	1080	2222	0	0	0	0	1773871974262
950	1100	1051	2245	0	0	0	0	1773871975690
904	0	1059	2174	0	0	0	0	1773871977132
920	1130	1071	2094	0	0	0	0	1773871978336
920	1152	0	2143	0	0	0	0	1773871979792
928	1160	1068	2228	0	0	0	0	1773871981035
937	0	1039	2244	0	0	0	0	1773871982440
915	1137	1071	2206	0	0	0	0	1773871983785
892	1142	1074	0	0	0	0	0	1773871985115
921	1154	0	2179	0	0	0	0	1773871986535
931	1188	1015	2205	0	0	0	0	1773871987867
907	1188	1017	2206	0	0	0	0	1773871989141
926	1149	1049	0	0	0	0	0	1773871990529
869	1080	1085	2208	0	0	0	0	1773871991581
897	1139	1012	2217	0	0	0	0	1773871992758
920	1169	1022	2231	0	0	0	0	1773871993833
902	1170	1003	2215	0	0	0	0	1773871994934
908	1128	1045	2188	0	0	0	0	1773871996162
885	1143	1058	2206	0	0	0	0	1773871997611
917	1174	1013	2189	0	0	0	0	1773871998941
899	1175	1025	2206	0	0	0	0	1773872000257
904	1173	1030	2216	0	0	0	0	1773872001603
894	0	1064	2216	0	0	0	0	1773872002898
905	1173	1065	2224	0	0	0	0	1773872004267
908	1180	1029	2197	0	0	0	0	1773872005696
880	1153	1022	2210	0	0	0	0	1773872007033
922	1155	1050	0	0	0	0	0	1773872008330
899	1173	1080	2213	0	0	0	0	1773872009594
926	1117	1053	2203	0	0	0	0	1773872010912
897	1118	983	2215	0	0	0	0	1773872012340
919	1130	0	2190	0	0	0	0	1773872013879
904	1168	990	2215	0	0	0	0	1773872014913
924	1186	1004	2212	0	0	0	0	1773872016037
918	1130	1091	2207	0	0	0	0	1773872017142
881	1092	1000	2164	0	0	0	0	1773872018262
912	1145	1001	2232	0	0	0	0	1773872019531
902	1133	1015	2087	0	0	0	0	1773872020853
904	1151	1035	2149	0	0	0	0	1773872022187
935	1156	1057	2166	0	0	0	0	1773872023635
911	0	1034	2185	0	0	0	0	1773872024850
917	1147	1028	2197	0	0	0	0	1773872026191
905	1117	1009	2205	0	0	0	0	1773872027609
905	1156	1057	2208	0	0	0	0	1773872028843
936	1189	1078	2182	0	0	0	0	1773872030269
895	1093	1019	0	0	0	0	0	1773872031606
914	1118	1018	2192	0	0	0	0	1773872032937
918	1140	1031	2192	0	0	0	0	1773872034364
892	1170	1061	2201	0	0	0	0	1773872035587
931	1130	1025	2213	0	0	0	0	1773872036931
897	1143	0	2080	0	0	0	0	1773872038283
916	1121	1044	2181	0	0	0	0	1773872039376
907	1142	1006	2188	0	0	0	0	1773872040547
917	1138	1036	2195	0	0	0	0	1773872041728
912	1158	1040	2204	0	0	0	0	1773872042793
923	1130	1041	2223	0	0	0	0	1773872044212
914	1143	1051	2158	0	0	0	0	1773872045624
869	1143	1051	2181	0	0	0	0	1773872046962
915	0	1051	2182	0	0	0	0	1773872048300
903	1176	1058	2187	0	0	0	0	1773872049456
911	1124	1038	2207	0	0	0	0	1773872050665
919	1101	1065	2246	0	0	0	0	1773872052099
863	1135	1075	2109	0	0	0	0	1773872053545
892	1099	1041	2126	0	0	0	0	1773872054952
904	1139	995	0	0	0	0	0	1773872056111
907	1170	1041	2218	0	0	0	0	1773872057501
885	1133	1071	2199	0	0	0	0	1773872058773
912	1134	1024	2189	0	0	0	0	1773872060265
893	1169	987	2084	0	0	0	0	1773872061697
933	1181	0	2134	0	0	0	0	1773872062839
901	1147	1020	2229	0	0	0	0	1773872063965
876	1126	1047	2200	0	0	0	0	1773872065199
905	1140	1065	2186	0	0	0	0	1773872066287
888	1155	1056	2201	0	0	0	0	1773872067535
897	1183	975	2209	0	0	0	0	1773872068771
928	1181	1003	2210	0	0	0	0	1773872070129
893	1149	1049	2186	0	0	0	0	1773872071536
901	0	1058	2202	0	0	0	0	1773872072971
910	1077	1033	2169	0	0	0	0	1773872074103
892	1132	1046	2206	0	0	0	0	1773872075229
927	1158	1034	2193	0	0	0	0	1773872076663
886	1165	1077	2197	0	0	0	0	1773872077878
892	1148	1051	2202	0	0	0	0	1773872079313
864	1148	1051	0	0	0	0	0	1773872080729
891	1171	992	2182	0	0	0	0	1773872082010
910	1137	0	2129	0	0	0	0	1773872083384
895	1131	1079	0	0	0	0	0	1773872084753
914	1150	1004	2159	0	0	0	0	1773872086105
895	1121	0	2092	0	0	0	0	1773872087328
913	1161	987	2165	0	0	0	0	1773872088428
907	1124	1008	2185	0	0	0	0	1773872089567
919	1149	1055	2197	0	0	0	0	1773872090723
925	1116	1080	2207	0	0	0	0	1773872092228
859	1136	1024	2205	0	0	0	0	1773872093656
887	1144	1016	2253	0	0	0	0	1773872094992
915	0	1032	2087	0	0	0	0	1773872096220
918	1159	1051	2143	0	0	0	0	1773872097341
888	1198	1057	2160	0	0	0	0	1773872098646
914	1105	1054	2169	0	0	0	0	1773872100074
895	1109	981	2235	0	0	0	0	1773872101506
897	1137	1003	2084	0	0	0	0	1773872102898
925	1160	1051	0	0	0	0	0	1773872104090
889	1169	1030	2143	0	0	0	0	1773872105302
897	1121	994	2156	0	0	0	0	1773872106650
906	1147	1002	2176	0	0	0	0	1773872108120
910	1155	1028	2233	0	0	0	0	1773872109552
888	1167	0	2064	0	0	0	0	1773872110778
926	1157	1054	2125	0	0	0	0	1773872111877
880	1158	1005	2157	0	0	0	0	1773872112999
891	1127	1044	2214	0	0	0	0	1773872114262
906	1126	1008	2168	0	0	0	0	1773872115560
898	1158	1036	2187	0	0	0	0	1773872116898
901	1185	1006	2194	0	0	0	0	1773872118341
932	1125	1020	2202	0	0	0	0	1773872119657
887	0	1050	2211	0	0	0	0	1773872120927
909	1126	990	2173	0	0	0	0	1773872122218
890	1145	1013	2187	0	0	0	0	1773872123575
912	1166	1032	2195	0	0	0	0	1773872124955
917	1155	1034	2196	0	0	0	0	1773872126218
910	1085	1048	0	0	0	0	0	1773872127454
881	1098	1059	2252	0	0	0	0	1773872128729
890	1142	1026	2048	0	0	0	0	1773872130217
915	1159	1032	2100	0	0	0	0	1773872131464
891	1142	1023	2131	0	0	0	0	1773872132869
894	1078	0	2163	0	0	0	0	1773872134195
905	1149	1044	2173	0	0	0	0	1773872135259
899	1153	1053	2160	0	0	0	0	1773872136384
927	1156	975	2175	0	0	0	0	1773872137692
885	1161	985	2186	0	0	0	0	1773872139025
896	1110	1029	2193	0	0	0	0	1773872140443
877	1132	1068	2148	0	0	0	0	1773872141797
910	0	1034	2174	0	0	0	0	1773872143119
891	1136	951	2178	0	0	0	0	1773872144233
909	1162	984	2184	0	0	0	0	1773872145435
907	1115	1018	2178	0	0	0	0	1773872146806
883	1116	1076	2178	0	0	0	0	1773872148254
888	1145	981	2194	0	0	0	0	1773872149774
888	1170	968	0	0	0	0	0	1773872150907
900	1118	1016	2187	0	0	0	0	1773872152029
913	1146	1055	2183	0	0	0	0	1773872153162
862	1095	1019	2237	0	0	0	0	1773872154591
880	1110	934	2162	0	0	0	0	1773872156109
887	1137	0	2066	0	0	0	0	1773872157554
919	1159	946	2116	0	0	0	0	1773872158584
881	1156	980	2149	0	0	0	0	1773872159798
888	1108	1020	2160	0	0	0	0	1773872160906
904	1090	1022	2169	0	0	0	0	1773872162398
862	1115	960	2176	0	0	0	0	1773872163807
889	1151	991	2195	0	0	0	0	1773872165030
880	0	1022	2203	0	0	0	0	1773872166364
889	1106	1052	2183	0	0	0	0	1773872167578
895	1144	1057	2184	0	0	0	0	1773872168996
893	1096	972	2191	0	0	0	0	1773872170489
902	1149	973	2187	0	0	0	0	1773872171866
915	1103	999	0	0	0	0	0	1773872173138
876	1094	1071	2191	0	0	0	0	1773872174351
883	1119	972	2173	0	0	0	0	1773872175344
892	1100	975	2177	0	0	0	0	1773872176770
890	1145	990	2182	0	0	0	0	1773872178230
881	1108	1041	2179	0	0	0	0	1773872179572
916	1134	1046	2184	0	0	0	0	1773872180815
883	1108	0	2185	0	0	0	0	1773872182028
898	1117	1016	2155	0	0	0	0	1773872183195
899	1120	1017	2075	0	0	0	0	1773872184456
878	1155	1016	2124	0	0	0	0	1773872185797
913	1083	1048	2193	0	0	0	0	1773872187365
885	0	1057	2180	0	0	0	0	1773872188710
905	1109	962	2182	0	0	0	0	1773872190019
892	1140	980	0	0	0	0	0	1773872191384
903	1153	990	2169	0	0	0	0	1773872192696
891	1171	1073	2182	0	0	0	0	1773872194016
912	0	962	2240	0	0	0	0	1773872195447
854	1117	1016	2198	0	0	0	0	1773872196572
891	1080	971	2047	0	0	0	0	1773872197617
893	1132	982	2092	0	0	0	0	1773872198722
882	1145	1027	2143	0	0	0	0	1773872199953
919	1136	1033	2164	0	0	0	0	1773872201291
878	1095	1040	2172	0	0	0	0	1773872202613
888	1149	1002	2180	0	0	0	0	1773872204012
869	1159	0	2154	0	0	0	0	1773872205384
900	1171	1028	2145	0	0	0	0	1773872206474
903	1115	1052	2157	0	0	0	0	1773872207799
883	1113	969	2170	0	0	0	0	1773872209267
888	1150	1020	2189	0	0	0	0	1773872210703
909	1161	1034	2136	0	0	0	0	1773872212036
901	1149	1047	0	0	0	0	0	1773872213186
910	1130	978	2136	0	0	0	0	1773872214614
872	1146	1017	2136	0	0	0	0	1773872216046
886	1107	1037	2151	0	0	0	0	1773872217347
872	1125	1021	2178	0	0	0	0	1773872218702
906	0	971	2147	0	0	0	0	1773872219904
874	1147	1008	2150	0	0	0	0	1773872221045
900	1134	1039	2150	0	0	0	0	1773872222162
865	1095	1047	2173	0	0	0	0	1773872223199
885	1127	1008	2175	0	0	0	0	1773872224540
894	1132	1020	2231	0	0	0	0	1773872225990
879	1136	957	2152	0	0	0	0	1773872227278
901	1152	1006	2176	0	0	0	0	1773872228639
863	1134	0	2097	0	0	0	0	1773872229861
897	1141	1033	2165	0	0	0	0	1773872231273
890	1129	978	2178	0	0	0	0	1773872232590
875	1158	987	2182	0	0	0	0	1773872233858
913	1095	1014	2173	0	0	0	0	1773872235244
884	1095	1058	0	0	0	0	0	1773872236507
890	1095	1039	2177	0	0	0	0	1773872237946
869	1134	957	2139	0	0	0	0	1773872239299
896	1160	998	2163	0	0	0	0	1773872240528
902	1088	966	2171	0	0	0	0	1773872241948
898	0	1025	2175	0	0	0	0	1773872243150
875	1092	1020	2058	0	0	0	0	1773872244211
879	1137	948	2144	0	0	0	0	1773872245383
899	1162	985	2160	0	0	0	0	1773872246618
901	1120	1024	2157	0	0	0	0	1773872247876
898	1137	1066	2180	0	0	0	0	1773872249168
913	1080	975	2160	0	0	0	0	1773872250535
861	1109	944	2203	0	0	0	0	1773872251971
896	1124	0	2053	0	0	0	0	1773872253371
905	1144	969	2103	0	0	0	0	1773872254705
882	1117	1040	0	0	0	0	0	1773872255959
896	1096	1034	2134	0	0	0	0	1773872257395
883	1102	0	2149	0	0	0	0	1773872258752
900	1115	1014	2153	0	0	0	0	1773872260027
874	1152	1016	2160	0	0	0	0	1773872261199
915	1078	1056	2176	0	0	0	0	1773872262621
882	1122	1059	2174	0	0	0	0	1773872264071
890	1147	974	2185	0	0	0	0	1773872265448
871	0	986	2143	0	0	0	0	1773872266600
894	1133	999	2157	0	0	0	0	1773872267661
902	1177	1069	2160	0	0	0	0	1773872268761
881	1080	959	2043	0	0	0	0	1773872269911
906	1101	1004	2141	0	0	0	0	1773872271147
