2739	1956	2730	5804	0	0	0	0	1775250770421
2749	1961	2763	5861	0	0	0	0	1775250771835
2701	1946	2797	5869	0	0	0	0	1775250773201
2826	1983	2876	0	0	0	0	0	1775250774875
2911	1956	2877	5999	0	0	0	0	1775250775874
2920	1966	2803	5927	0	0	0	0	1775250776877
2853	1992	2889	5886	0	0	0	0	1775250777890
2861	1957	2898	6067	0	0	0	0	1775250778892
2789	2000	2807	6031	0	0	0	0	1775250779905
2799	2009	2843	6022	0	0	0	0	1775250780909
2904	1956	2823	6126	0	0	0	0	1775250781905
2822	2038	2859	5913	0	0	0	0	1775250782921
2876	1958	2874	6150	0	0	0	0	1775250783938
2854	1992	2844	6094	0	0	0	0	1775250784940
2805	1954	2926	6023	0	0	0	0	1775250785937
2821	2024	2907	5962	0	0	0	0	1775250786939
2921	2014	2818	5971	0	0	0	0	1775250787945
2890	1987	2804	6129	0	0	0	0	1775250788962
2869	1974	2886	6061	0	0	0	0	1775250789970
2795	1982	2802	5953	0	0	0	0	1775250790981
2867	1993	2860	6021	0	0	0	0	1775250791970
2829	1982	2842	5941	0	0	0	0	1775250792969
2918	2007	2865	5983	0	0	0	0	1775250793971
2815	1959	2834	5901	0	0	0	0	1775250794972
2915	1952	2898	5899	0	0	0	0	1775250795986
2816	1967	2922	5920	0	0	0	0	1775250796992
2808	2017	2913	6078	0	0	0	0	1775250797996
2918	1991	2930	6018	0	0	0	0	1775250798988
2892	2021	2849	6002	0	0	0	0	1775250800002
2832	1982	2874	5934	0	0	0	0	1775250801026
2905	2022	2814	6124	0	0	0	0	1775250802031
2882	2006	2812	5900	0	0	0	0	1775250803036
2874	1999	2890	6131	0	0	0	0	1775250804034
2863	1947	2923	5973	0	0	0	0	1775250806109
2900	1978	2822	6046	0	0	0	0	1775250807117
2785	1970	2903	5914	0	0	0	0	1775250808109
2907	2039	2863	6140	0	0	0	0	1775250809116
2895	1970	2873	6076	0	0	0	0	1775250810109
2813	2011	2889	6072	0	0	0	0	1775250811116
2857	2028	2897	5997	0	0	0	0	1775250812109
2820	2007	2825	5958	0	0	0	0	1775250813116
2908	1978	2808	5910	0	0	0	0	1775250814130
2851	2042	2933	6030	0	0	0	0	1775250815127
2820	2000	2899	6059	0	0	0	0	1775250816129
2788	2027	2870	5896	0	0	0	0	1775250817124
2912	1949	2802	6101	0	0	0	0	1775250818124
2846	2005	2806	5940	0	0	0	0	1775250819133
2889	1962	2866	6157	0	0	0	0	1775250820130
2865	2024	2850	6034	0	0	0	0	1775250821127
2793	1948	2886	6110	0	0	0	0	1775250822130
2842	2025	2911	6141	0	0	0	0	1775250823124
2830	2022	2812	6112	0	0	0	0	1775250824136
2917	1967	2814	5946	0	0	0	0	1775250825126
2916	1996	2828	6007	0	0	0	0	1775250826131
2813	1957	2914	6033	0	0	0	0	1775250827124
2787	1985	2905	6074	0	0	0	0	1775250828125
2791	1963	2913	6036	0	0	0	0	1775250829133
2922	1964	2832	6048	0	0	0	0	1775250830124
2867	1981	2921	6148	0	0	0	0	1775250831130
2866	2023	2911	5996	0	0	0	0	1775250832124
2793	1954	2861	6041	0	0	0	0	1775250833126
2914	1986	2867	5914	0	0	0	0	1775250834124
2824	1997	2848	6070	0	0	0	0	1775250835132
2846	1972	2917	6148	0	0	0	0	1775250836146
2820	2026	2874	5933	0	0	0	0	1775250837144
2898	2011	2875	5903	0	0	0	0	1775250838162
2871	2019	2831	6159	0	0	0	0	1775250839161
2876	1982	2907	5954	0	0	0	0	1775250840173
2908	2009	2872	5881	0	0	0	0	1775250841180
2843	2031	2833	6113	0	0	0	0	1775250842193
2798	2019	2879	6061	0	0	0	0	1775250843192
2877	1988	2868	5924	0	0	0	0	1775250844188
2883	2031	2811	6033	0	0	0	0	1775250845203
2854	1987	2854	6075	0	0	0	0	1775250846202
2889	1976	2934	5989	0	0	0	0	1775250847218
2920	1949	2919	5906	0	0	0	0	1775250848220
2907	2035	2899	5944	0	0	0	0	1775250849219
2923	1966	2803	6036	0	0	0	0	1775250850240
2884	2041	2802	6064	0	0	0	0	1775250851234
2804	2025	2895	6140	0	0	0	0	1775250852236
2859	1952	2918	6010	0	0	0	0	1775250853234
2819	2013	2812	6056	0	0	0	0	1775250854249
2801	1946	2804	5986	0	0	0	0	1775250855267
2816	2020	2925	6092	0	0	0	0	1775250856271
2839	1958	2897	5926	0	0	0	0	1775250857267
2854	1949	2821	6068	0	0	0	0	1775250858268
2869	1975	2841	6036	0	0	0	0	1775250859280
2826	1956	2884	6143	0	0	0	0	1775250860283
2789	1954	2846	6119	0	0	0	0	1775250861302
2863	1987	2822	5998	0	0	0	0	1775250862312
2789	1960	2901	6011	0	0	0	0	1775250863330
2801	1992	2861	6089	0	0	0	0	1775250864333
2907	1992	2837	5911	0	0	0	0	1775250865347
2899	2026	2850	5979	0	0	0	0	1775250866343
2875	1974	2818	6080	0	0	0	0	1775250867347
2802	1988	2819	5938	0	0	0	0	1775250868346
2804	2031	2917	6079	0	0	0	0	1775250869346
2811	2032	2880	5978	0	0	0	0	1775250870349
2807	1957	2824	6116	0	0	0	0	1775250871346
2840	1982	2864	5935	0	0	0	0	1775250872344
2786	1968	2802	5888	0	0	0	0	1775250873346
2832	2026	2815	5959	0	0	0	0	1775250874352
2905	2016	2809	6104	0	0	0	0	1775250875362
2905	2012	2892	6135	0	0	0	0	1775250876370
2880	1963	2841	5900	0	0	0	0	1775250877362
2808	2007	2873	6145	0	0	0	0	1775250878365
2871	1952	2811	6159	0	0	0	0	1775250879376
2827	2042	2931	6035	0	0	0	0	1775250880381
2791	2024	2927	5986	0	0	0	0	1775250881374
2853	1979	2810	5920	0	0	0	0	1775250882376
2910	1998	2934	6011	0	0	0	0	1775250883391
2790	1964	2831	6151	0	0	0	0	1775250884396
2877	2016	2893	6078	0	0	0	0	1775250885394
2897	2001	2928	5937	0	0	0	0	1775250886395
2842	1983	2798	6141	0	0	0	0	1775250887394
2839	2036	2877	6085	0	0	0	0	1775250888392
2812	2009	2798	5943	0	0	0	0	1775250889411
2920	2005	2888	6094	0	0	0	0	1775250890406
2867	2016	2842	5901	0	0	0	0	1775250891406
2915	2012	2817	5912	0	0	0	0	1775250892407
2848	2029	2911	6083	0	0	0	0	1775250893422
2846	1988	2921	5938	0	0	0	0	1775250894429
2874	2006	2872	5917	0	0	0	0	1775250895421
2883	1960	2894	5997	0	0	0	0	1775250896429
2894	1967	2920	6133	0	0	0	0	1775250897421
2854	1961	2922	6005	0	0	0	0	1775250898424
2876	1970	2920	5968	0	0	0	0	1775250899420
2908	2015	2845	6146	0	0	0	0	1775250900421
2798	1961	2883	5871	0	0	0	0	1775250901426
2811	1999	2896	6074	0	0	0	0	1775250902429
2802	1982	2822	5875	0	0	0	0	1775250903426
2829	2029	2822	6000	0	0	0	0	1775250904428
2860	2039	2833	5950	0	0	0	0	1775250905435
2827	2005	2851	5927	0	0	0	0	1775250906429
2810	1955	2876	6160	0	0	0	0	1775250907420
2850	1983	2876	5897	0	0	0	0	1775250908440
2821	2039	2880	6030	0	0	0	0	1775250909442
2909	1992	2860	5996	0	0	0	0	1775250910436
2789	1967	2863	6158	0	0	0	0	1775250911436
2869	1987	2911	6004	0	0	0	0	1775250912444
2832	2001	2892	6152	0	0	0	0	1775250913451
2843	1978	2920	5919	0	0	0	0	1775250914444
2882	1991	2844	5938	0	0	0	0	1775250915438
2793	2034	2897	6041	0	0	0	0	1775250916445
2893	1970	2807	5930	0	0	0	0	1775250917437
2853	2018	2845	6019	0	0	0	0	1775250918444
2883	2019	2840	5884	0	0	0	0	1775250919437
2811	1954	2853	6039	0	0	0	0	1775250920444
2884	2030	2906	6131	0	0	0	0	1775250921436
2906	2040	2848	6010	0	0	0	0	1775250922440
2799	1999	2902	5881	0	0	0	0	1775250923437
2862	2038	2856	6008	0	0	0	0	1775250924440
2873	1983	2935	6156	0	0	0	0	1775250925458
2909	1958	2881	6036	0	0	0	0	1775250926460
2838	2020	2821	6120	0	0	0	0	1775250927452
2882	1967	2851	6159	0	0	0	0	1775250928451
2866	1981	2836	6008	0	0	0	0	1775250929452
2885	1973	2905	6009	0	0	0	0	1775250930461
2920	1999	2826	6033	0	0	0	0	1775250931451
2797	2018	2832	6083	0	0	0	0	1775250932475
2881	2000	2914	5876	0	0	0	0	1775250933468
2861	1962	2886	6112	0	0	0	0	1775250934473
2915	2032	2881	5981	0	0	0	0	1775250935468
2864	2009	2829	6146	0	0	0	0	1775250936477
2826	2036	2827	6099	0	0	0	0	1775250937469
2829	2037	2831	5893	0	0	0	0	1775250938476
2888	2012	2821	6092	0	0	0	0	1775250939485
2836	2024	2834	5987	0	0	0	0	1775250940492
2921	1959	2829	6114	0	0	0	0	1775250941484
2810	2011	2879	6138	0	0	0	0	1775250942484
2842	1975	2869	5993	0	0	0	0	1775250943484
2890	2002	2805	6149	0	0	0	0	1775250944490
2791	1990	2899	5889	0	0	0	0	1775250945484
2820	2014	2921	6006	0	0	0	0	1775250946494
2858	1999	2933	6145	0	0	0	0	1775250947487
2798	2020	2826	6051	0	0	0	0	1775250948494
2845	1996	2809	6086	0	0	0	0	1775250949488
2894	2018	2837	6128	0	0	0	0	1775250950491
2814	1990	2885	6099	0	0	0	0	1775250951485
2852	2011	2866	6144	0	0	0	0	1775250952493
2817	2028	2875	5934	0	0	0	0	1775250953484
2878	2008	2804	6079	0	0	0	0	1775250954493
2899	2001	2903	5888	0	0	0	0	1775250955485
2856	1977	2910	5943	0	0	0	0	1775250956486
2870	1957	2923	5979	0	0	0	0	1775250957484
2840	2028	2907	6018	0	0	0	0	1775250958487
2810	2019	2906	5943	0	0	0	0	1775250959484
2886	2014	2849	5982	0	0	0	0	1775250960489
2902	1963	2797	6153	0	0	0	0	1775250961494
2817	2000	2898	6160	0	0	0	0	1775250962491
2825	1963	2869	5895	0	0	0	0	1775250963504
2870	1959	2829	5991	0	0	0	0	1775250964508
2886	1977	2807	5886	0	0	0	0	1775250965500
2789	1974	2844	6064	0	0	0	0	1775250966508
2860	2027	2813	6051	0	0	0	0	1775250967522
2891	1981	2860	5978	0	0	0	0	1775250968520
2900	1982	2825	5882	0	0	0	0	1775250969516
2834	1997	2821	6023	0	0	0	0	1775250970524
2815	2025	2842	5907	0	0	0	0	1775250971530
2844	2036	2849	6155	0	0	0	0	1775250972530
2878	1958	2866	5992	0	0	0	0	1775250973532
2892	1957	2823	5954	0	0	0	0	1775250974530
2809	1958	2850	6113	0	0	0	0	1775250975532
2873	1971	2901	5980	0	0	0	0	1775250976532
2819	2000	2920	6158	0	0	0	0	1775250977530
2889	1980	2843	6007	0	0	0	0	1775250978531
2794	1977	2876	6005	0	0	0	0	1775250979532
2890	1983	2910	5881	0	0	0	0	1775250980531
2846	2004	2828	6091	0	0	0	0	1775250981532
2882	1955	2830	5989	0	0	0	0	1775250982546
2798	2011	2815	6064	0	0	0	0	1775250983549
2910	1992	2929	6007	0	0	0	0	1775250984546
2826	2028	2814	6118	0	0	0	0	1775250985547
2839	1979	2851	6128	0	0	0	0	1775250986562
2809	1977	2799	6076	0	0	0	0	1775250987565
2880	2023	2852	6003	0	0	0	0	1775250988563
2813	2035	2846	6075	0	0	0	0	1775250989565
2811	2010	2818	6052	0	0	0	0	1775250990576
2815	2017	2908	6130	0	0	0	0	1775250991583
2876	1947	2899	5953	0	0	0	0	1775250992578
2836	2017	2807	6114	0	0	0	0	1775250993577
2893	2030	2929	6136	0	0	0	0	1775250994581
2825	1993	2829	6049	0	0	0	0	1775250995597
2794	2012	2882	6061	0	0	0	0	1775250996611
2789	2015	2807	5980	0	0	0	0	1775250997612
2836	2023	2800	6146	0	0	0	0	1775250998626
2871	1981	2885	5998	0	0	0	0	1775250999650
2821	1986	2826	6029	0	0	0	0	1775251000642
2918	1965	2828	5914	0	0	0	0	1775251001641
2879	2032	2917	6044	0	0	0	0	1775251002639
2863	2012	2922	6053	0	0	0	0	1775251003644
2889	1964	2860	5911	0	0	0	0	1775251004656
2907	2027	2891	5986	0	0	0	0	1775251005659
2805	2039	2823	5955	0	0	0	0	1775251006674
2858	1967	2930	5891	0	0	0	0	1775251007677
2832	1972	2934	6126	0	0	0	0	1775251008684
2852	2037	2922	6161	0	0	0	0	1775251009677
2841	2006	2855	5940	0	0	0	0	1775251010690
2856	2020	2902	5919	0	0	0	0	1775251011694
2876	2001	2918	5969	0	0	0	0	1775251012706
2834	2037	2801	5978	0	0	0	0	1775251013702
2885	1995	2817	6065	0	0	0	0	1775251014716
2825	1982	2894	6031	0	0	0	0	1775251015709
2830	1976	2810	5964	0	0	0	0	1775251016720
2923	1958	2866	5983	0	0	0	0	1775251017725
2856	2020	2917	6128	0	0	0	0	1775251018738
2799	2022	2852	5915	0	0	0	0	1775251019740
2813	2007	2833	6136	0	0	0	0	1775251020748
2852	1988	2809	6037	0	0	0	0	1775251021756
2859	2018	2818	6061	0	0	0	0	1775251022770
2844	2013	2882	6100	0	0	0	0	1775251023772
2801	2022	2909	5969	0	0	0	0	1775251024782
2884	1956	2905	5874	0	0	0	0	1775251025784
2903	2019	2927	6105	0	0	0	0	1775251026780
2877	2009	2866	6115	0	0	0	0	1775251027788
2795	2027	2829	5946	0	0	0	0	1775251028780
2805	2025	2886	5949	0	0	0	0	1775251029788
2829	1968	2923	5988	0	0	0	0	1775251030786
2904	1991	2907	6073	0	0	0	0	1775251031789
2812	2025	2877	6149	0	0	0	0	1775251032780
2852	2026	2877	5987	0	0	0	0	1775251033782
2790	2019	2873	6124	0	0	0	0	1775251034785
2914	1988	2805	6150	0	0	0	0	1775251035786
2852	1983	2850	6129	0	0	0	0	1775251036781
2843	1996	2908	5985	0	0	0	0	1775251037789
2866	1974	2910	6014	0	0	0	0	1775251038782
2909	1981	2924	6117	0	0	0	0	1775251039851
2822	1950	2916	6097	0	0	0	0	1775251040781
2830	2028	2907	5980	0	0	0	0	1775251041781
2814	1985	2915	6023	0	0	0	0	1775251042781
2791	1949	2927	5894	0	0	0	0	1775251043783
2880	2001	2862	5969	0	0	0	0	1775251044781
2819	2005	2907	5878	0	0	0	0	1775251045782
2868	2013	2866	5985	0	0	0	0	1775251046791
2852	2034	2899	5911	0	0	0	0	1775251047788
2835	1987	2801	6112	0	0	0	0	1775251048781
2906	2001	2895	6100	0	0	0	0	1775251049784
2790	2007	2893	6049	0	0	0	0	1775251050799
2789	1958	2910	6100	0	0	0	0	1775251051804
2913	2023	2798	5949	0	0	0	0	1775251052796
2887	1981	2853	6093	0	0	0	0	1775251053805
2877	1961	2800	5968	0	0	0	0	1775251054796
2888	1962	2918	6059	0	0	0	0	1775251055798
2920	2006	2893	5979	0	0	0	0	1775251056800
2845	2018	2817	6152	0	0	0	0	1775251057806
2848	2017	2920	5990	0	0	0	0	1775251058797
2832	2007	2826	6051	0	0	0	0	1775251059804
2856	2001	2894	6133	0	0	0	0	1775251060818
2907	2012	2836	6117	0	0	0	0	1775251061820
2837	1956	2930	6051	0	0	0	0	1775251062812
2914	1992	2935	6138	0	0	0	0	1775251063819
2913	1963	2819	6090	0	0	0	0	1775251064813
2919	1980	2835	5887	0	0	0	0	1775251065812
2877	2026	2929	5894	0	0	0	0	1775251066811
2859	1950	2827	5911	0	0	0	0	1775251067816
2817	1959	2896	5877	0	0	0	0	1775251068813
2902	1986	2815	5922	0	0	0	0	1775251069841
2792	2007	2837	6152	0	0	0	0	1775251070814
2918	2036	2920	6116	0	0	0	0	1775251071820
2894	1965	2931	5936	0	0	0	0	1775251072813
2864	1982	2849	5941	0	0	0	0	1775251073820
2877	1968	2883	6129	0	0	0	0	1775251074813
2868	1994	2871	6134	0	0	0	0	1775251075821
2811	1982	2893	6121	0	0	0	0	1775251076812
2806	2012	2833	6066	0	0	0	0	1775251077821
2899	1981	2933	5964	0	0	0	0	1775251078815
2800	1989	2852	5957	0	0	0	0	1775251079817
2837	2024	2809	6151	0	0	0	0	1775251080818
2851	1987	2837	6062	0	0	0	0	1775251081820
2814	1974	2809	6061	0	0	0	0	1775251082812
2807	1995	2926	6050	0	0	0	0	1775251083820
2817	2035	2826	5925	0	0	0	0	1775251084813
2857	2039	2877	5885	0	0	0	0	1775251085813
2903	1988	2932	6037	0	0	0	0	1775251086813
2869	2038	2829	6161	0	0	0	0	1775251087820
2868	1996	2898	5976	0	0	0	0	1775251088812
2868	1996	2858	6098	0	0	0	0	1775251089820
2795	2031	2904	6055	0	0	0	0	1775251090828
2889	2022	2905	6012	0	0	0	0	1775251091836
2888	1960	2912	5981	0	0	0	0	1775251092829
2896	2020	2871	6078	0	0	0	0	1775251093826
2787	1994	2885	6014	0	0	0	0	1775251094829
2859	1983	2853	6154	0	0	0	0	1775251095836
2831	2017	2870	5995	0	0	0	0	1775251096827
2815	1947	2812	5992	0	0	0	0	1775251097837
2863	2007	2903	5909	0	0	0	0	1775251098829
2894	2013	2868	6078	0	0	0	0	1775251099850
2872	1969	2806	5885	0	0	0	0	1775251100829
2882	2006	2930	5978	0	0	0	0	1775251101842
2862	2012	2807	5901	0	0	0	0	1775251102851
2841	1953	2872	6140	0	0	0	0	1775251103851
2818	2016	2919	6080	0	0	0	0	1775251104847
2893	2020	2817	5929	0	0	0	0	1775251105842
2857	2042	2820	5890	0	0	0	0	1775251106845
2867	2037	2857	5964	0	0	0	0	1775251107854
2793	2004	2919	6031	0	0	0	0	1775251108845
2805	1967	2831	6138	0	0	0	0	1775251109843
2840	1969	2844	5975	0	0	0	0	1775251110844
2834	2039	2810	6078	0	0	0	0	1775251111842
2855	1954	2811	5981	0	0	0	0	1775251112844
2873	2022	2901	6145	0	0	0	0	1775251113858
2788	2024	2799	6086	0	0	0	0	1775251114860
2876	1973	2921	5874	0	0	0	0	1775251115874
2853	1989	2898	6060	0	0	0	0	1775251116878
2809	1993	2883	5982	0	0	0	0	1775251117890
2792	1957	2930	6143	0	0	0	0	1775251118892
2881	1984	2880	6122	0	0	0	0	1775251119906
2904	2017	2899	6058	0	0	0	0	1775251120909
2855	2013	2893	5893	0	0	0	0	1775251121920
2814	1981	2907	5930	0	0	0	0	1775251122909
2865	1974	2846	6007	0	0	0	0	1775251123906
2910	1998	2829	6025	0	0	0	0	1775251124920
2847	2021	2891	6061	0	0	0	0	1775251125922
2857	2002	2819	6139	0	0	0	0	1775251126925
2797	1999	2820	6079	0	0	0	0	1775251127922
2893	2012	2872	6104	0	0	0	0	1775251128925
2895	2015	2880	6038	0	0	0	0	1775251129938
2852	1951	2827	6045	0	0	0	0	1775251130940
2838	2015	2847	5976	0	0	0	0	1775251131954
2859	2039	2868	6147	0	0	0	0	1775251132957
2795	1964	2803	6089	0	0	0	0	1775251133970
2901	2042	2918	6113	0	0	0	0	1775251134973
2912	2020	2801	6100	0	0	0	0	1775251135968
2789	1950	2862	5890	0	0	0	0	1775251136970
2789	1955	2922	6126	0	0	0	0	1775251137969
2820	2028	2828	5909	0	0	0	0	1775251138972
2818	2015	2802	5881	0	0	0	0	1775251139970
2911	2030	2815	5939	0	0	0	0	1775251140973
2790	2012	2830	6076	0	0	0	0	1775251141986
2898	2008	2870	5892	0	0	0	0	1775251142984
2876	2006	2862	6138	0	0	0	0	1775251143998
2837	2029	2892	6087	0	0	0	0	1775251145005
2909	1954	2817	5894	0	0	0	0	1775251146014
2921	1997	2891	6095	0	0	0	0	1775251147016
2813	1969	2880	5921	0	0	0	0	1775251148034
2865	1961	2815	5913	0	0	0	0	1775251149037
2885	1947	2912	5930	0	0	0	0	1775251150047
2860	2032	2824	5916	0	0	0	0	1775251151052
2879	1993	2812	6144	0	0	0	0	1775251152067
2874	1969	2879	5973	0	0	0	0	1775251153061
2816	1997	2859	6010	0	0	0	0	1775251154066
2905	1970	2821	6124	0	0	0	0	1775251155065
2855	2035	2809	5945	0	0	0	0	1775251156077
2833	1983	2899	5870	0	0	0	0	1775251157086
2875	1977	2863	5999	0	0	0	0	1775251158077
2799	1969	2865	5961	0	0	0	0	1775251159084
2895	2036	2893	6116	0	0	0	0	1775251160082
2840	1989	2904	6022	0	0	0	0	1775251161084
2819	2031	2834	6158	0	0	0	0	1775251162077
2877	1990	2905	5933	0	0	0	0	1775251163083
2820	1974	2853	5905	0	0	0	0	1775251164088
2829	1991	2818	5978	0	0	0	0	1775251165086
2856	2002	2823	5943	0	0	0	0	1775251166092
2876	1971	2856	5878	0	0	0	0	1775251167088
2809	1982	2831	5907	0	0	0	0	1775251168077
2821	2023	2837	5899	0	0	0	0	1775251169080
2869	1987	2853	5927	0	0	0	0	1775251170082
2907	2031	2865	6015	0	0	0	0	1775251171086
2882	1961	2832	6137	0	0	0	0	1775251172076
2869	2023	2906	6037	0	0	0	0	1775251173085
2802	2038	2804	6059	0	0	0	0	1775251174098
2796	1992	2865	5978	0	0	0	0	1775251175101
2844	2021	2821	6144	0	0	0	0	1775251176093
2867	2019	2887	5879	0	0	0	0	1775251177098
2793	1984	2933	5880	0	0	0	0	1775251178093
2898	1962	2838	5963	0	0	0	0	1775251179100
2785	2017	2824	6052	0	0	0	0	1775251180098
2903	2030	2800	6063	0	0	0	0	1775251181100
2818	2023	2863	6005	0	0	0	0	1775251182092
2861	1993	2819	5961	0	0	0	0	1775251183100
2821	2000	2823	6139	0	0	0	0	1775251184092
2790	1993	2916	6112	0	0	0	0	1775251185101
2792	1956	2860	6139	0	0	0	0	1775251186093
2858	2033	2816	5926	0	0	0	0	1775251187099
2816	1985	2816	6032	0	0	0	0	1775251188098
2919	1956	2857	6000	0	0	0	0	1775251189093
2813	1957	2898	6073	0	0	0	0	1775251190092
2894	1963	2914	6037	0	0	0	0	1775251191093
2898	2015	2917	5885	0	0	0	0	1775251192092
2896	2008	2911	6039	0	0	0	0	1775251193095
2876	1986	2818	6043	0	0	0	0	1775251194095
2834	2016	2853	6128	0	0	0	0	1775251195099
2865	1983	2802	6020	0	0	0	0	1775251196098
2802	1946	2805	6155	0	0	0	0	1775251197097
2864	1993	2818	5967	0	0	0	0	1775251198093
2854	1965	2855	5903	0	0	0	0	1775251199092
2802	1951	2880	6106	0	0	0	0	1775251200092
2897	2021	2929	6054	0	0	0	0	1775251201093
2831	1967	2927	6148	0	0	0	0	1775251202092
2909	2005	2894	5884	0	0	0	0	1775251203096
2876	1954	2864	6106	0	0	0	0	1775251204092
2894	1946	2926	6028	0	0	0	0	1775251205093
2851	1973	2857	6024	0	0	0	0	1775251206094
2808	1972	2897	6158	0	0	0	0	1775251207100
2870	1985	2812	6007	0	0	0	0	1775251208093
2857	1984	2882	6133	0	0	0	0	1775251209100
2918	2004	2871	6037	0	0	0	0	1775251210098
2825	1989	2845	5953	0	0	0	0	1775251211100
2815	2036	2846	5934	0	0	0	0	1775251212092
2847	1948	2829	6069	0	0	0	0	1775251213101
2825	2034	2877	6094	0	0	0	0	1775251214114
2832	2004	2909	6104	0	0	0	0	1775251215117
2836	2022	2932	6019	0	0	0	0	1775251216109
2848	1953	2918	5930	0	0	0	0	1775251217109
2793	1992	2833	5874	0	0	0	0	1775251218109
2813	1964	2920	5893	0	0	0	0	1775251219110
2877	1999	2922	5884	0	0	0	0	1775251220109
2799	1994	2924	6119	0	0	0	0	1775251221112
2879	2023	2824	5973	0	0	0	0	1775251222109
2791	2037	2857	6045	0	0	0	0	1775251223117
2834	1968	2915	5882	0	0	0	0	1775251224108
2835	2031	2869	6005	0	0	0	0	1775251225116
2827	2000	2869	5919	0	0	0	0	1775251226109
2792	2001	2839	5968	0	0	0	0	1775251227112
2860	1963	2892	5989	0	0	0	0	1775251228120
2790	1982	2915	6087	0	0	0	0	1775251229116
2896	1997	2931	5897	0	0	0	0	1775251230130
2902	1978	2807	5915	0	0	0	0	1775251231133
2812	2021	2933	6022	0	0	0	0	1775251232146
2825	1986	2872	5913	0	0	0	0	1775251233144
2889	1998	2904	6041	0	0	0	0	1775251234140
2825	2019	2873	6027	0	0	0	0	1775251235148
2827	2027	2918	5942	0	0	0	0	1775251236140
2793	1974	2886	6054	0	0	0	0	1775251237148
2876	2036	2891	6149	0	0	0	0	1775251238146
2868	2035	2855	6013	0	0	0	0	1775251239143
2808	2011	2892	5932	0	0	0	0	1775251240139
2826	1984	2851	5918	0	0	0	0	1775251241142
2907	1960	2845	5959	0	0	0	0	1775251242139
2805	1951	2907	5990	0	0	0	0	1775251243147
2895	2042	2895	6017	0	0	0	0	1775251244140
2886	1985	2847	5927	0	0	0	0	1775251245149
2842	1987	2820	6132	0	0	0	0	1775251246139
2806	2020	2845	6025	0	0	0	0	1775251247148
2810	1960	2884	6034	0	0	0	0	1775251248141
2921	1947	2935	5914	0	0	0	0	1775251249141
2896	2016	2818	6029	0	0	0	0	1775251250145
2802	1992	2851	5948	0	0	0	0	1775251251142
2820	1994	2835	6048	0	0	0	0	1775251252140
2910	1965	2799	6125	0	0	0	0	1775251253149
2906	1950	2819	5879	0	0	0	0	1775251254158
2838	1968	2863	6154	0	0	0	0	1775251255157
2865	1992	2840	6066	0	0	0	0	1775251256157
2917	2041	2862	6160	0	0	0	0	1775251257164
2786	2021	2853	5967	0	0	0	0	1775251258156
2819	1977	2859	5963	0	0	0	0	1775251259164
2866	1946	2828	5967	0	0	0	0	1775251260156
2813	1964	2844	5918	0	0	0	0	1775251261164
2822	2005	2854	6159	0	0	0	0	1775251262169
2920	1982	2918	6080	0	0	0	0	1775251263164
2793	2034	2805	5906	0	0	0	0	1775251264171
2866	1996	2817	6009	0	0	0	0	1775251265180
2916	1972	2825	5929	0	0	0	0	1775251266173
2791	1948	2868	6073	0	0	0	0	1775251267176
2899	2002	2878	5898	0	0	0	0	1775251268172
2790	1973	2836	6063	0	0	0	0	1775251269172
2813	2022	2804	6126	0	0	0	0	1775251270172
2833	2020	2874	6148	0	0	0	0	1775251271172
2818	2036	2908	6121	0	0	0	0	1775251272171
2861	2019	2843	5964	0	0	0	0	1775251273180
2908	1956	2858	5874	0	0	0	0	1775251274172
2905	1997	2877	5948	0	0	0	0	1775251275170
2842	1954	2925	6013	0	0	0	0	1775251276178
2864	1990	2866	6120	0	0	0	0	1775251277171
2844	2023	2802	6053	0	0	0	0	1775251278172
2849	2014	2798	5891	0	0	0	0	1775251279182
2909	2042	2837	6097	0	0	0	0	1775251280172
2891	1997	2803	5913	0	0	0	0	1775251281180
2864	1974	2919	5953	0	0	0	0	1775251282174
2825	2026	2848	6014	0	0	0	0	1775251283180
2879	1987	2854	6141	0	0	0	0	1775251284173
2885	2042	2808	5916	0	0	0	0	1775251285180
2834	1976	2886	6019	0	0	0	0	1775251286172
2792	2018	2859	5992	0	0	0	0	1775251287181
2844	2004	2919	6054	0	0	0	0	1775251288194
2811	2000	2866	5912	0	0	0	0	1775251289187
2866	2018	2844	6122	0	0	0	0	1775251290188
2880	2033	2875	5986	0	0	0	0	1775251291186
2873	2029	2807	5961	0	0	0	0	1775251292188
2819	1972	2920	5936	0	0	0	0	1775251293203
2860	2022	2833	6103	0	0	0	0	1775251294204
2836	1967	2799	6078	0	0	0	0	1775251295218
2841	1987	2898	5916	0	0	0	0	1775251296220
2828	2014	2812	5996	0	0	0	0	1775251297230
2812	2028	2934	5994	0	0	0	0	1775251298236
2881	2019	2873	5944	0	0	0	0	1775251299234
2805	1992	2902	5885	0	0	0	0	1775251300236
2834	1985	2926	6002	0	0	0	0	1775251301235
2812	1974	2878	5889	0	0	0	0	1775251302237
2879	2014	2844	6096	0	0	0	0	1775251303250
2893	1961	2812	5948	0	0	0	0	1775251304273
2871	2014	2871	5974	0	0	0	0	1775251305281
2861	1999	2913	6057	0	0	0	0	1775251306285
2850	2020	2858	6091	0	0	0	0	1775251307282
2854	1964	2920	6079	0	0	0	0	1775251308281
2830	2042	2862	6011	0	0	0	0	1775251309295
2805	2014	2893	6135	0	0	0	0	1775251310285
2860	1956	2797	6014	0	0	0	0	1775251311282
2913	1975	2814	6117	0	0	0	0	1775251312281
2807	2007	2883	5972	0	0	0	0	1775251313298
2882	1970	2898	5874	0	0	0	0	1775251314295
2813	2004	2835	6062	0	0	0	0	1775251315314
2908	2012	2933	6073	0	0	0	0	1775251316316
2846	1978	2861	6027	0	0	0	0	1775251317325
2914	2012	2821	5987	0	0	0	0	1775251318317
2826	1949	2803	6117	0	0	0	0	1775251319311
2901	2039	2930	6052	0	0	0	0	1775251320316
2916	1967	2928	5945	0	0	0	0	1775251321330
2866	2036	2808	6075	0	0	0	0	1775251322332
2837	1946	2880	6009	0	0	0	0	1775251323330
2802	2032	2851	5882	0	0	0	0	1775251324350
2892	1950	2875	6040	0	0	0	0	1775251325362
2808	1996	2907	6003	0	0	0	0	1775251326364
2820	1966	2862	6075	0	0	0	0	1775251327368
2809	2010	2816	6010	0	0	0	0	1775251328363
2797	2021	2833	6114	0	0	0	0	1775251329375
2830	1981	2925	6121	0	0	0	0	1775251330390
2847	2028	2815	6151	0	0	0	0	1775251331406
2918	1994	2910	6107	0	0	0	0	1775251332413
2804	2009	2926	6063	0	0	0	0	1775251333426
2878	1977	2911	5910	0	0	0	0	1775251334450
2796	1972	2830	6123	0	0	0	0	1775251335437
2887	1995	2868	5958	0	0	0	0	1775251336445
2876	1951	2842	6138	0	0	0	0	1775251337458
2842	1999	2807	6056	0	0	0	0	1775251338455
2809	1957	2808	6049	0	0	0	0	1775251339453
2923	2010	2903	5882	0	0	0	0	1775251340456
2805	2023	2919	6083	0	0	0	0	1775251341456
2803	2022	2889	5923	0	0	0	0	1775251342452
2907	1995	2872	5928	0	0	0	0	1775251343453
2816	1988	2870	6055	0	0	0	0	1775251344455
2893	2017	2911	5940	0	0	0	0	1775251345453
2851	1994	2831	6020	0	0	0	0	1775251346452
2905	1993	2809	5919	0	0	0	0	1775251347453
2825	1971	2882	6098	0	0	0	0	1775251348452
2879	1946	2932	6110	0	0	0	0	1775251349471
2805	1984	2907	6108	0	0	0	0	1775251350469
2867	2022	2900	6111	0	0	0	0	1775251351474
2922	1981	2896	6066	0	0	0	0	1775251352476
2903	2004	2923	6008	0	0	0	0	1775251353487
2900	1983	2822	5956	0	0	0	0	1775251354485
2861	1961	2870	6003	0	0	0	0	1775251355484
2888	1991	2840	5934	0	0	0	0	1775251356485
2842	1976	2898	6128	0	0	0	0	1775251357484
2918	2012	2801	6041	0	0	0	0	1775251358483
2911	1951	2860	5996	0	0	0	0	1775251359507
2859	2006	2858	6099	0	0	0	0	1775251360508
2859	1962	2862	5969	0	0	0	0	1775251361500
2806	2031	2868	6002	0	0	0	0	1775251362504
2897	1947	2863	6029	0	0	0	0	1775251363516
2879	1947	2886	5937	0	0	0	0	1775251364515
2852	1991	2812	5900	0	0	0	0	1775251365516
2918	1979	2904	6126	0	0	0	0	1775251366516
2791	1979	2828	6151	0	0	0	0	1775251367515
2821	1962	2922	5967	0	0	0	0	1775251368530
2787	2005	2909	6111	0	0	0	0	1775251369554
2824	1999	2924	5901	0	0	0	0	1775251370563
2821	1972	2896	6086	0	0	0	0	1775251371564
2902	2009	2930	5917	0	0	0	0	1775251372578
2838	1976	2910	5943	0	0	0	0	1775251373579
2810	1957	2831	5986	0	0	0	0	1775251374578
2919	2025	2878	5945	0	0	0	0	1775251375578
2917	1980	2853	6113	0	0	0	0	1775251376578
2892	2009	2898	6011	0	0	0	0	1775251377585
2886	2008	2822	5985	0	0	0	0	1775251378578
2855	1967	2833	5897	0	0	0	0	1775251379580
2865	1975	2933	6125	0	0	0	0	1775251380593
2792	2008	2828	6066	0	0	0	0	1775251381593
2900	1998	2904	5926	0	0	0	0	1775251382607
2814	2017	2866	5945	0	0	0	0	1775251383597
2898	1977	2873	5910	0	0	0	0	1775251384610
2857	1976	2898	5952	0	0	0	0	1775251385612
2801	1965	2923	6042	0	0	0	0	1775251386620
2814	2031	2910	6089	0	0	0	0	1775251387609
2807	1981	2935	5979	0	0	0	0	1775251388615
2892	2031	2860	6149	0	0	0	0	1775251389634
2850	2015	2869	6150	0	0	0	0	1775251390642
2898	1990	2821	6103	0	0	0	0	1775251391654
2880	1990	2803	6142	0	0	0	0	1775251392642
2858	2012	2837	6094	0	0	0	0	1775251393666
2815	2008	2873	6108	0	0	0	0	1775251394674
2791	2021	2872	6137	0	0	0	0	1775251395671
2857	1963	2886	5920	0	0	0	0	1775251396691
2860	2007	2806	6046	0	0	0	0	1775251397690
2834	1986	2862	5885	0	0	0	0	1775251398706
2829	1972	2866	6150	0	0	0	0	1775251399709
2827	1974	2826	6028	0	0	0	0	1775251400706
2866	2024	2804	6133	0	0	0	0	1775251401710
2922	2006	2922	5969	0	0	0	0	1775251402722
2881	1959	2911	6028	0	0	0	0	1775251403720
2814	1978	2847	6096	0	0	0	0	1775251404735
2876	1962	2811	5880	0	0	0	0	1775251405733
2904	2002	2824	5918	0	0	0	0	1775251406733
2898	1980	2881	5940	0	0	0	0	1775251407737
2829	1968	2921	5911	0	0	0	0	1775251408738
2852	1947	2891	5933	0	0	0	0	1775251409740
2785	1984	2911	6045	0	0	0	0	1775251410749
2803	1993	2868	5871	0	0	0	0	1775251411756
2881	2041	2933	6067	0	0	0	0	1775251412748
2847	1950	2907	6134	0	0	0	0	1775251413756
2821	1962	2815	5963	0	0	0	0	1775251414766
2875	2002	2907	6128	0	0	0	0	1775251415768
2821	2027	2846	5886	0	0	0	0	1775251416786
2864	1960	2901	6064	0	0	0	0	1775251417788
2853	2005	2802	5927	0	0	0	0	1775251418784
2903	1972	2855	5943	0	0	0	0	1775251419788
2831	1959	2916	6074	0	0	0	0	1775251420792
2887	2042	2914	6049	0	0	0	0	1775251421784
2855	1996	2798	5973	0	0	0	0	1775251422802
2849	1960	2915	6027	0	0	0	0	1775251423804
2828	1995	2811	6098	0	0	0	0	1775251424797
2880	2037	2807	6095	0	0	0	0	1775251425796
2797	2036	2806	6131	0	0	0	0	1775251426818
2837	2028	2836	6055	0	0	0	0	1775251427820
2874	2040	2897	5919	0	0	0	0	1775251428812
2913	2003	2922	6059	0	0	0	0	1775251429829
2878	1987	2822	6000	0	0	0	0	1775251430830
2911	2020	2837	5949	0	0	0	0	1775251431836
2898	1968	2908	5957	0	0	0	0	1775251432829
2919	1990	2891	6056	0	0	0	0	1775251433835
2795	2027	2804	6045	0	0	0	0	1775251434829
2886	1969	2881	5896	0	0	0	0	1775251435839
2790	2012	2886	6086	0	0	0	0	1775251436829
2799	1978	2881	6084	0	0	0	0	1775251437828
2885	1988	2839	5947	0	0	0	0	1775251438829
2874	1949	2874	6129	0	0	0	0	1775251439827
2888	1986	2891	5992	0	0	0	0	1775251440828
2897	1968	2868	6097	0	0	0	0	1775251441836
2800	1965	2896	6039	0	0	0	0	1775251442828
2853	2027	2910	6105	0	0	0	0	1775251443836
2794	1992	2901	5882	0	0	0	0	1775251444828
2850	1989	2870	5919	0	0	0	0	1775251445836
2894	1999	2921	6154	0	0	0	0	1775251446850
2838	2009	2876	5950	0	0	0	0	1775251447858
2853	2030	2835	6149	0	0	0	0	1775251448877
2907	2018	2908	5904	0	0	0	0	1775251449890
2860	2033	2913	5888	0	0	0	0	1775251450914
2851	1992	2873	6123	0	0	0	0	1775251451922
2878	2019	2869	6081	0	0	0	0	1775251452921
2811	2007	2932	6020	0	0	0	0	1775251453933
2909	1978	2839	5984	0	0	0	0	1775251454921
2903	2008	2895	5985	0	0	0	0	1775251455921
2865	2021	2903	6075	0	0	0	0	1775251456938
2872	2000	2820	5919	0	0	0	0	1775251457952
2899	2006	2911	5956	0	0	0	0	1775251458957
2862	2037	2857	6049	0	0	0	0	1775251459970
2819	2018	2872	6138	0	0	0	0	1775251460994
2921	1978	2893	5982	0	0	0	0	1775251462002
2885	2025	2928	6067	0	0	0	0	1775251463005
2790	1998	2909	6152	0	0	0	0	1775251464018
2916	2021	2881	6054	0	0	0	0	1775251465042
2894	1961	2830	5873	0	0	0	0	1775251466046
2797	1990	2852	5922	0	0	0	0	1775251467052
2906	1957	2801	6102	0	0	0	0	1775251468067
2889	2030	2857	6137	0	0	0	0	1775251469068
2796	1952	2921	5917	0	0	0	0	1775251470061
2900	2037	2845	6008	0	0	0	0	1775251471064
2849	1981	2889	6142	0	0	0	0	1775251472067
2807	2014	2849	5976	0	0	0	0	1775251473063
2797	1976	2912	5910	0	0	0	0	1775251474061
2869	1959	2881	5998	0	0	0	0	1775251475062
2897	2039	2848	5889	0	0	0	0	1775251476078
2836	2036	2859	6066	0	0	0	0	1775251477079
2852	2029	2869	5956	0	0	0	0	1775251478083
2880	2020	2880	5896	0	0	0	0	1775251479084
2809	1951	2840	6014	0	0	0	0	1775251480098
2883	2039	2899	6120	0	0	0	0	1775251481093
2793	2015	2931	6004	0	0	0	0	1775251482092
2827	2036	2880	6103	0	0	0	0	1775251483101
2829	1984	2893	5919	0	0	0	0	1775251484098
2803	1964	2889	6156	0	0	0	0	1775251485096
2851	1970	2858	6009	0	0	0	0	1775251486093
2913	1970	2923	5871	0	0	0	0	1775251487113
2852	2009	2928	6143	0	0	0	0	1775251488114
2880	1986	2925	6080	0	0	0	0	1775251489108
2817	1961	2888	6051	0	0	0	0	1775251490112
2886	2040	2882	6058	0	0	0	0	1775251491116
2868	2002	2929	5992	0	0	0	0	1775251492108
2853	1991	2898	5998	0	0	0	0	1775251493115
2869	1956	2870	5912	0	0	0	0	1775251494123
2896	2028	2836	6068	0	0	0	0	1775251495113
2886	1975	2833	6095	0	0	0	0	1775251496110
2911	1973	2833	5937	0	0	0	0	1775251497117
2878	1998	2845	6070	0	0	0	0	1775251498114
2904	1981	2861	5923	0	0	0	0	1775251499111
2904	2008	2840	6127	0	0	0	0	1775251500108
2861	1987	2817	6113	0	0	0	0	1775251501112
2814	1980	2876	6110	0	0	0	0	1775251502108
2852	1962	2844	6036	0	0	0	0	1775251503111
2788	1952	2852	5950	0	0	0	0	1775251504108
2786	2007	2890	6065	0	0	0	0	1775251505114
2851	2029	2895	6152	0	0	0	0	1775251506114
2863	1971	2906	6054	0	0	0	0	1775251507116
2835	2003	2817	6071	0	0	0	0	1775251508108
2861	1996	2900	5946	0	0	0	0	1775251509116
2872	2031	2844	6143	0	0	0	0	1775251510108
2894	1969	2870	5907	0	0	0	0	1775251511116
2787	1957	2896	6148	0	0	0	0	1775251512109
2795	1956	2919	5954	0	0	0	0	1775251513116
2852	2011	2812	6066	0	0	0	0	1775251514124
2867	1962	2880	5922	0	0	0	0	1775251515132
2838	2016	2872	6131	0	0	0	0	1775251516125
2802	2042	2856	6061	0	0	0	0	1775251517132
2817	2008	2845	5963	0	0	0	0	1775251518146
2877	1996	2847	6109	0	0	0	0	1775251519145
2799	2032	2870	5936	0	0	0	0	1775251520139
2830	2002	2831	6024	0	0	0	0	1775251521141
2904	1998	2884	5900	0	0	0	0	1775251522141
2905	1968	2825	6125	0	0	0	0	1775251523148
2885	1992	2804	6150	0	0	0	0	1775251524140
2831	1995	2931	5996	0	0	0	0	1775251525152
2877	2033	2900	6135	0	0	0	0	1775251526141
2921	1985	2828	5889	0	0	0	0	1775251527149
2849	2020	2883	5900	0	0	0	0	1775251528144
2904	2034	2822	6056	0	0	0	0	1775251529148
2888	1985	2810	6008	0	0	0	0	1775251530140
2811	1946	2835	5887	0	0	0	0	1775251531148
2811	1962	2890	6043	0	0	0	0	1775251532139
2868	2039	2823	5926	0	0	0	0	1775251533148
2836	2008	2861	6118	0	0	0	0	1775251534140
2855	1982	2807	5966	0	0	0	0	1775251535148
2795	2029	2896	6062	0	0	0	0	1775251536141
2918	1964	2822	5927	0	0	0	0	1775251537148
2793	1977	2934	5889	0	0	0	0	1775251538162
2787	1948	2907	5897	0	0	0	0	1775251539162
2837	1968	2917	5941	0	0	0	0	1775251540179
2789	1985	2834	6017	0	0	0	0	1775251541184
2821	1960	2916	5888	0	0	0	0	1775251542171
2872	2012	2858	5878	0	0	0	0	1775251543177
2806	2016	2868	6030	0	0	0	0	1775251544172
2894	1971	2916	6150	0	0	0	0	1775251545180
2860	1986	2872	5892	0	0	0	0	1775251546173
2816	2010	2812	6112	0	0	0	0	1775251547180
2808	1965	2912	6145	0	0	0	0	1775251548171
2833	1958	2931	5904	0	0	0	0	1775251549181
2829	2005	2867	6026	0	0	0	0	1775251550193
2878	1983	2929	6093	0	0	0	0	1775251551202
2847	1952	2927	6068	0	0	0	0	1775251552226
2875	1990	2884	6159	0	0	0	0	1775251553230
2838	1977	2893	5903	0	0	0	0	1775251554218
2859	1993	2815	6094	0	0	0	0	1775251555218
2915	1979	2893	6104	0	0	0	0	1775251556221
2847	2027	2815	5996	0	0	0	0	1775251557235
2894	1978	2858	6013	0	0	0	0	1775251558237
2795	1999	2805	6053	0	0	0	0	1775251559234
2819	1972	2809	5926	0	0	0	0	1775251560236
2785	2008	2867	6123	0	0	0	0	1775251561234
2800	1964	2874	6125	0	0	0	0	1775251562254
2873	1989	2916	6138	0	0	0	0	1775251563250
2868	2021	2804	6161	0	0	0	0	1775251564268
2799	1947	2859	5874	0	0	0	0	1775251565264
2809	2015	2821	6039	0	0	0	0	1775251566268
2881	2007	2842	6026	0	0	0	0	1775251567282
2903	1970	2912	6060	0	0	0	0	1775251568284
2919	1996	2879	6009	0	0	0	0	1775251569293
2819	1975	2834	5949	0	0	0	0	1775251570304
2826	1958	2852	6048	0	0	0	0	1775251571298
2904	2005	2830	6104	0	0	0	0	1775251572302
2855	2020	2857	5995	0	0	0	0	1775251573309
2821	1971	2817	5923	0	0	0	0	1775251574300
2790	1999	2883	5987	0	0	0	0	1775251575310
2829	1987	2889	5876	0	0	0	0	1775251576301
2824	2023	2910	6128	0	0	0	0	1775251577296
2795	1984	2814	6113	0	0	0	0	1775251578301
2888	1977	2923	6116	0	0	0	0	1775251579314
2877	1960	2867	6130	0	0	0	0	1775251580337
2886	2003	2822	5984	0	0	0	0	1775251581346
2871	1985	2871	5900	0	0	0	0	1775251582349
2853	2019	2856	5956	0	0	0	0	1775251583361
2788	2014	2813	5974	0	0	0	0	1775251584383
2905	1983	2827	6055	0	0	0	0	1775251585388
2880	2037	2853	6007	0	0	0	0	1775251586389
2898	2042	2818	6143	0	0	0	0	1775251587409
2888	2032	2845	5872	0	0	0	0	1775251588410
2857	2006	2851	5955	0	0	0	0	1775251589427
2866	2027	2930	5983	0	0	0	0	1775251590428
2801	2036	2907	5908	0	0	0	0	1775251591420
2828	2034	2818	5999	0	0	0	0	1775251592424
2892	1947	2851	6050	0	0	0	0	1775251593424
2911	1996	2809	5876	0	0	0	0	1775251594429
2888	2038	2901	5928	0	0	0	0	1775251595421
2800	2007	2824	6113	0	0	0	0	1775251596422
2816	2000	2809	6114	0	0	0	0	1775251597420
2818	1965	2871	6159	0	0	0	0	1775251598428
2869	1948	2812	6054	0	0	0	0	1775251599421
2833	2040	2894	6160	0	0	0	0	1775251600421
2847	2023	2905	6026	0	0	0	0	1775251601426
2802	2024	2884	5888	0	0	0	0	1775251602428
2882	1966	2917	6053	0	0	0	0	1775251603420
2862	2005	2862	6094	0	0	0	0	1775251604439
2910	2018	2851	6035	0	0	0	0	1775251605436
2819	2029	2802	5948	0	0	0	0	1775251606437
2862	2032	2881	5925	0	0	0	0	1775251607436
2859	2017	2850	5951	0	0	0	0	1775251608439
2818	2029	2821	6043	0	0	0	0	1775251609438
2850	2003	2892	6041	0	0	0	0	1775251610444
2919	2019	2869	6019	0	0	0	0	1775251611436
2836	1991	2872	6055	0	0	0	0	1775251612446
2883	2015	2898	5873	0	0	0	0	1775251613437
2855	1946	2831	6069	0	0	0	0	1775251614444
2917	1952	2879	5975	0	0	0	0	1775251615439
2864	1996	2873	6065	0	0	0	0	1775251616445
2876	1960	2856	5964	0	0	0	0	1775251617458
2802	1983	2849	6159	0	0	0	0	1775251618454
2922	2025	2911	5964	0	0	0	0	1775251619458
2803	1990	2932	5869	0	0	0	0	1775251620457
2816	1966	2853	6126	0	0	0	0	1775251621452
2842	1967	2886	6040	0	0	0	0	1775251622454
2846	1969	2897	5974	0	0	0	0	1775251623452
2877	1946	2800	6044	0	0	0	0	1775251624453
2901	2025	2831	6041	0	0	0	0	1775251625452
2855	1981	2800	5992	0	0	0	0	1775251626461
2868	1985	2932	6073	0	0	0	0	1775251627452
2813	2023	2805	6066	0	0	0	0	1775251628453
2808	2038	2904	6020	0	0	0	0	1775251629453
2848	1998	2884	6133	0	0	0	0	1775251630452
2793	2040	2930	6083	0	0	0	0	1775251631467
2829	2015	2804	6040	0	0	0	0	1775251632461
2796	1964	2820	5890	0	0	0	0	1775251633453
2866	1970	2856	5996	0	0	0	0	1775251634455
2826	2038	2864	5943	0	0	0	0	1775251635457
2882	1985	2839	5882	0	0	0	0	1775251636461
2911	1996	2837	6047	0	0	0	0	1775251637475
2799	2017	2817	6109	0	0	0	0	1775251638478
