3239	3242	1989	3978	0	0	0	0	1772982732334
3170	3156	2005	3994	0	0	0	0	1772982733667
3133	3165	2002	3944	0	0	0	0	1772982735031
3119	3178	1851	0	0	0	0	0	1772982736328
3103	3030	1909	3922	0	0	0	0	1772982737769
3127	3139	1916	3961	0	0	0	0	1772982739193
3084	3152	1932	3900	0	0	0	0	1772982740561
3089	0	1912	3929	0	0	0	0	1772982741859
3056	3106	1832	0	0	0	0	0	1772982743122
3063	3130	1888	3764	0	0	0	0	1772982744489
3097	3035	1904	3832	0	0	0	0	1772982745952
3073	3146	1927	3875	0	0	0	0	1772982747404
3115	3154	0	3874	0	0	0	0	1772982748572
3098	3116	1949	3897	0	0	0	0	1772982749674
3112	3130	1799	3893	0	0	0	0	1772982750817
3082	3015	1868	3867	0	0	0	0	1772982751901
3055	3049	1905	3880	0	0	0	0	1772982753129
3091	3067	1929	3867	0	0	0	0	1772982754438
3101	3145	1798	3880	0	0	0	0	1772982755888
3080	2988	1866	3703	0	0	0	0	1772982757296
3072	3054	1902	0	0	0	0	0	1772982758654
3071	0	1912	3878	0	0	0	0	1772982759859
3114	3062	1930	3879	0	0	0	0	1772982761224
3075	3075	1826	3849	0	0	0	0	1772982762497
3082	3151	1871	3867	0	0	0	0	1772982763883
3058	2987	1911	0	0	0	0	0	1772982765309
3082	3049	1932	3861	0	0	0	0	1772982766467
3027	3067	1944	3871	0	0	0	0	1772982767874
3067	3095	1823	3874	0	0	0	0	1772982769096
3074	3068	1891	3829	0	0	0	0	1772982770464
3053	2978	1928	3834	0	0	0	0	1772982771760
3080	3098	0	3912	0	0	0	0	1772982773123
3036	3103	1937	3683	0	0	0	0	1772982774278
3066	3090	1769	3772	0	0	0	0	1772982775360
3078	3091	1840	3726	0	0	0	0	1772982776465
3047	2979	1881	3787	0	0	0	0	1772982777798
3064	3027	1910	3884	0	0	0	0	1772982779300
2996	3047	1776	3689	0	0	0	0	1772982780598
3037	3081	1826	3760	0	0	0	0	1772982781972
3048	3080	1875	0	0	0	0	0	1772982783202
3069	0	1892	3802	0	0	0	0	1772982784618
3082	3046	1799	3877	0	0	0	0	1772982786028
2995	3064	1851	3802	0	0	0	0	1772982787401
3036	3077	1763	0	0	0	0	0	1772982788688
3057	0	1837	3816	0	0	0	0	1772982789863
3043	3057	1875	3734	0	0	0	0	1772982791145
3042	3079	1913	3834	0	0	0	0	1772982792643
3030	3070	1930	3835	0	0	0	0	1772982794081
3062	3059	1789	3838	0	0	0	0	1772982795348
3045	3065	0	3845	0	0	0	0	1772982796544
3055	2917	1853	3698	0	0	0	0	1772982797598
2974	2980	1887	3823	0	0	0	0	1772982798685
3015	3079	1914	3805	0	0	0	0	1772982799986
3029	3050	1800	3786	0	0	0	0	1772982801427
3032	2956	1773	3794	0	0	0	0	1772982802717
3073	2985	1853	3823	0	0	0	0	1772982804061
3030	3022	1886	3825	0	0	0	0	1772982805291
3049	0	1907	3829	0	0	0	0	1772982806711
3030	3032	1772	0	0	0	0	0	1772982808152
3029	3059	1838	3702	0	0	0	0	1772982809372
3075	0	1892	3760	0	0	0	0	1772982810806
3019	3006	1921	0	0	0	0	0	1772982812116
3046	3020	1936	3844	0	0	0	0	1772982813228
3021	3022	1798	3831	0	0	0	0	1772982814663
3049	3037	1855	3685	0	0	0	0	1772982815994
3020	2913	1871	3721	0	0	0	0	1772982817325
3047	2977	1912	3752	0	0	0	0	1772982818556
2969	3068	0	3840	0	0	0	0	1772982819889
3008	2894	1793	3633	0	0	0	0	1772982821010
3033	2954	1843	3734	0	0	0	0	1772982822139
3024	2998	1926	3743	0	0	0	0	1772982823314
3055	3019	1937	3787	0	0	0	0	1772982824677
3055	3001	1809	3864	0	0	0	0	1772982826110
2962	3007	1855	3672	0	0	0	0	1772982827443
3017	3008	1878	0	0	0	0	0	1772982828801
3020	3010	1895	3725	0	0	0	0	1772982829916
3060	3025	1900	3785	0	0	0	0	1772982831353
3004	3022	1922	3866	0	0	0	0	1772982832822
2997	3037	1802	3855	0	0	0	0	1772982834255
3006	0	1834	3666	0	0	0	0	1772982835486
3030	2869	1874	3715	0	0	0	0	1772982836653
3042	2951	1894	3788	0	0	0	0	1772982837987
3003	3048	1911	3775	0	0	0	0	1772982839216
3024	3005	1805	3783	0	0	0	0	1772982840652
2944	2850	1884	3691	0	0	0	0	1772982842082
3019	2916	0	3739	0	0	0	0	1772982843231
3011	2967	1803	3814	0	0	0	0	1772982844395
3020	3047	1856	3811	0	0	0	0	1772982845529
3046	2889	1793	3784	0	0	0	0	1772982846646
2933	2953	1853	3798	0	0	0	0	1772982847949
2978	2976	1855	3807	0	0	0	0	1772982849152
3002	2993	1880	3752	0	0	0	0	1772982850510
3012	3060	1798	3774	0	0	0	0	1772982851971
3037	2820	1845	3770	0	0	0	0	1772982853210
2944	2908	1802	0	0	0	0	0	1772982854642
2993	2962	1884	3792	0	0	0	0	1772982856008
3005	2979	1770	3783	0	0	0	0	1772982857300
2993	2973	1829	3788	0	0	0	0	1772982858735
2973	0	1776	3704	0	0	0	0	1772982860032
2980	2870	1833	3643	0	0	0	0	1772982861540
3013	3017	0	3775	0	0	0	0	1772982862953
3001	2998	1914	3783	0	0	0	0	1772982864242
3023	0	1807	3728	0	0	0	0	1772982865544
2935	2851	1865	3740	0	0	0	0	1772982866618
2980	2912	1789	3750	0	0	0	0	1772982867784
2984	2947	1835	3764	0	0	0	0	1772982868868
2989	2975	1866	3765	0	0	0	0	1772982869941
3032	3058	1881	3785	0	0	0	0	1772982871271
2992	2847	1817	3799	0	0	0	0	1772982872663
2967	2902	1856	3756	0	0	0	0	1772982874111
2930	0	1883	3825	0	0	0	0	1772982875472
2982	2939	1889	3601	0	0	0	0	1772982876752
2998	3011	0	3679	0	0	0	0	1772982878186
3002	0	1845	3722	0	0	0	0	1772982879419
3011	2981	1776	3743	0	0	0	0	1772982880833
2962	2823	0	3787	0	0	0	0	1772982882121
2990	2959	1881	3648	0	0	0	0	1772982883476
2974	2989	1784	3696	0	0	0	0	1772982884843
3028	3007	1832	3743	0	0	0	0	1772982886201
2971	3000	1888	3819	0	0	0	0	1772982887503
2993	2804	1771	0	0	0	0	0	1772982888859
2949	2881	1825	3710	0	0	0	0	1772982890025
2968	2924	1866	3743	0	0	0	0	1772982891101
3011	3015	1882	3746	0	0	0	0	1772982892188
2982	2801	1913	3758	0	0	0	0	1772982893409
2966	2870	1901	3831	0	0	0	0	1772982894906
3003	2914	1871	3735	0	0	0	0	1772982896272
2954	2958	1838	3743	0	0	0	0	1772982897640
2997	0	1883	3764	0	0	0	0	1772982898869
3000	2874	1918	3723	0	0	0	0	1772982899951
3004	2926	1939	3738	0	0	0	0	1772982901359
2985	2915	1934	3739	0	0	0	0	1772982902795
2966	2937	1794	3682	0	0	0	0	1772982904094
3013	2953	1852	3712	0	0	0	0	1772982905436
2994	2971	0	3722	0	0	0	0	1772982906685
3019	2981	1912	0	0	0	0	0	1772982908107
2923	2969	1816	3724	0	0	0	0	1772982909544
2955	2979	1858	3730	0	0	0	0	1772982910955
2985	2979	0	3738	0	0	0	0	1772982912124
2986	2822	1912	3713	0	0	0	0	1772982913281
2987	2882	1929	3746	0	0	0	0	1772982914435
2999	2979	1938	3723	0	0	0	0	1772982915502
2969	2946	1784	3740	0	0	0	0	1772982916821
2940	2850	1841	3733	0	0	0	0	1772982918021
3002	2890	1875	3744	0	0	0	0	1772982919415
2953	2923	1910	3752	0	0	0	0	1772982920895
2973	0	1831	3728	0	0	0	0	1772982922248
2977	3003	1861	3722	0	0	0	0	1772982923343
2972	2952	1880	3736	0	0	0	0	1772982924712
3016	2821	1909	3804	0	0	0	0	1772982925975
2943	2879	1928	3763	0	0	0	0	1772982927346
2957	2977	1794	3715	0	0	0	0	1772982928772
2942	2906	1861	0	0	0	0	0	1772982930064
2954	2939	1868	3709	0	0	0	0	1772982931361
3001	2845	1900	3708	0	0	0	0	1772982932799
2955	2899	1922	3719	0	0	0	0	1772982934160
2936	2930	1783	3703	0	0	0	0	1772982935428
2908	2936	0	3708	0	0	0	0	1772982936657
2962	2957	1794	3720	0	0	0	0	1772982937811
2978	2977	1845	3703	0	0	0	0	1772982938919
2973	2818	1883	3710	0	0	0	0	1772982940054
2983	2931	1830	3765	0	0	0	0	1772982941503
2965	2901	1870	3550	0	0	0	0	1772982943004
2956	2807	1911	3616	0	0	0	0	1772982944232
2953	2894	1893	0	0	0	0	0	1772982945576
2981	0	1914	3759	0	0	0	0	1772982946802
2991	2924	1828	3564	0	0	0	0	1772982948229
2898	2931	1879	3625	0	0	0	0	1772982949660
2944	2910	1905	0	0	0	0	0	1772982951067
2949	2949	1918	3643	0	0	0	0	1772982952166
2994	2963	1804	3679	0	0	0	0	1772982953529
2982	2966	1875	3697	0	0	0	0	1772982954846
2931	2953	1796	3759	0	0	0	0	1772982956278
2947	2934	0	3551	0	0	0	0	1772982957749
2978	2953	1838	3595	0	0	0	0	1772982958931
2927	2961	1894	3685	0	0	0	0	1772982960002
2963	2962	1896	3692	0	0	0	0	1772982961091
2975	2951	1916	3640	0	0	0	0	1772982962220
2876	2759	1815	3537	0	0	0	0	1772982963588
2926	2833	1903	3631	0	0	0	0	1772982964958
2946	2878	1779	3667	0	0	0	0	1772982966248
2944	2902	1823	3690	0	0	0	0	1772982967546
2974	2781	1789	0	0	0	0	0	1772982968912
2867	2827	1851	3685	0	0	0	0	1772982970318
2923	2862	1867	3690	0	0	0	0	1772982971620
2923	2894	1895	3666	0	0	0	0	1772982972975
2962	2918	1729	3737	0	0	0	0	1772982974408
2922	0	1798	3665	0	0	0	0	1772982975640
2946	2929	1763	3539	0	0	0	0	1772982976915
2918	2906	1862	3588	0	0	0	0	1772982978398
2917	2921	1801	3592	0	0	0	0	1772982979729
2967	2923	1841	3688	0	0	0	0	1772982981025
2949	2826	0	3710	0	0	0	0	1772982982300
2956	2876	1898	3482	0	0	0	0	1772982983500
2927	2888	1927	3552	0	0	0	0	1772982984541
2932	2968	1871	3649	0	0	0	0	1772982985644
2975	2924	1810	3633	0	0	0	0	1772982986840
2925	2938	1851	3675	0	0	0	0	1772982988134
2930	2781	1890	3537	0	0	0	0	1772982989576
2949	2836	1898	3648	0	0	0	0	1772982990995
2923	2860	1899	0	0	0	0	0	1772982992374
2960	2882	1890	3606	0	0	0	0	1772982993589
2938	2919	1783	3631	0	0	0	0	1772982994818
2950	2915	1837	3660	0	0	0	0	1772982996318
2924	2918	1866	3474	0	0	0	0	1772982997749
2938	0	1876	3610	0	0	0	0	1772982999094
2903	2921	0	3585	0	0	0	0	1772983000331
2929	2921	1719	3604	0	0	0	0	1772983001679
2932	0	1779	3614	0	0	0	0	1772983003117
2910	2901	1882	3622	0	0	0	0	1772983004549
2936	2906	0	3623	0	0	0	0	1772983005776
2882	2910	1889	3584	0	0	0	0	1772983006901
2914	2916	1777	3601	0	0	0	0	1772983007993
2943	2766	1843	3625	0	0	0	0	1772983009096
2844	2820	1790	3620	0	0	0	0	1772983010178
2887	2912	1836	3618	0	0	0	0	1772983011522
2897	2883	1843	3634	0	0	0	0	1772983012840
2901	2748	1729	3628	0	0	0	0	1772983014273
2941	2815	1815	3506	0	0	0	0	1772983015607
2907	2909	0	3613	0	0	0	0	1772983016839
2929	2870	1881	0	0	0	0	0	1772983018338
2860	2892	1891	3611	0	0	0	0	1772983019708
2903	2710	1858	3500	0	0	0	0	1772983020996
2922	0	1877	3545	0	0	0	0	1772983022363
2926	2788	1890	3603	0	0	0	0	1772983023700
2910	2901	1880	3670	0	0	0	0	1772983025203
2896	2879	1774	3634	0	0	0	0	1772983026480
2918	2725	0	3500	0	0	0	0	1772983027960
2955	0	1817	3549	0	0	0	0	1772983029089
2885	2806	1863	3586	0	0	0	0	1772983030190
2895	2840	1875	3660	0	0	0	0	1772983031272
