2040	1243	1408	3145	0	0	0	0	1775597241520
2062	1250	1431	3187	0	0	0	0	1775597242875
2059	1244	1434	3204	0	0	0	0	1775597244285
2107	1297	1449	0	0	0	0	0	1775597246017
2077	1282	1481	3304	0	0	0	0	1775597247023
2145	1280	1459	3282	0	0	0	0	1775597248032
2069	1269	1455	3349	0	0	0	0	1775597249040
2074	1282	1504	3215	0	0	0	0	1775597250053
2115	1278	1502	3360	0	0	0	0	1775597251049
2152	1288	1460	3357	0	0	0	0	1775597252049
2111	1299	1485	3360	0	0	0	0	1775597253047
2108	1250	1457	3330	0	0	0	0	1775597254047
2086	1255	1500	3276	0	0	0	0	1775597255055
2135	1247	1445	3338	0	0	0	0	1775597256047
2126	1258	1452	3297	0	0	0	0	1775597257048
2097	1292	1492	3235	0	0	0	0	1775597258053
2077	1265	1449	3328	0	0	0	0	1775597259055
2137	1251	1486	3263	0	0	0	0	1775597260069
2125	1303	1472	3342	0	0	0	0	1775597261071
2148	1280	1457	3286	0	0	0	0	1775597262085
2069	1262	1474	3346	0	0	0	0	1775597263087
2094	1277	1451	3329	0	0	0	0	1775597264079
2137	1283	1474	3354	0	0	0	0	1775597265081
2125	1281	1449	3232	0	0	0	0	1775597266078
2076	1304	1501	3318	0	0	0	0	1775597267080
2092	1264	1480	3220	0	0	0	0	1775597268079
2075	1283	1504	3323	0	0	0	0	1775597269080
2116	1280	1501	3302	0	0	0	0	1775597270085
2161	1297	1458	3265	0	0	0	0	1775597271087
2110	1254	1495	3262	0	0	0	0	1775597272079
2118	1248	1485	3270	0	0	0	0	1775597273087
2107	1282	1456	3309	0	0	0	0	1775597274079
2166	1255	1490	3273	0	0	0	0	1775597275086
2156	1266	1436	3236	0	0	0	0	1775597277158
2070	1273	1446	3280	0	0	0	0	1775597278160
2080	1268	1449	3258	0	0	0	0	1775597279171
2115	1268	1484	3234	0	0	0	0	1775597280159
2067	1303	1478	3274	0	0	0	0	1775597281174
2073	1255	1497	3341	0	0	0	0	1775597282173
2076	1287	1480	3347	0	0	0	0	1775597283173
2082	1294	1466	3362	0	0	0	0	1775597284175
2071	1254	1446	3350	0	0	0	0	1775597285189
2142	1285	1452	3252	0	0	0	0	1775597286191
2069	1279	1439	3259	0	0	0	0	1775597287205
2087	1279	1481	3261	0	0	0	0	1775597288229
2166	1290	1501	3245	0	0	0	0	1775597289236
2067	1290	1486	3320	0	0	0	0	1775597290240
2119	1255	1435	3225	0	0	0	0	1775597291237
2107	1266	1487	3208	0	0	0	0	1775597292240
2116	1282	1447	3283	0	0	0	0	1775597293237
2168	1277	1470	3312	0	0	0	0	1775597294239
2097	1283	1491	3217	0	0	0	0	1775597295253
2162	1289	1456	3225	0	0	0	0	1775597296250
2161	1296	1483	3278	0	0	0	0	1775597297269
2066	1285	1481	3215	0	0	0	0	1775597298293
2101	1291	1481	3240	0	0	0	0	1775597299285
2142	1303	1442	3332	0	0	0	0	1775597300286
2068	1269	1474	3266	0	0	0	0	1775597301302
2101	1281	1496	3307	0	0	0	0	1775597302304
2098	1272	1473	3267	0	0	0	0	1775597303301
2149	1262	1464	3262	0	0	0	0	1775597304297
2085	1272	1469	3285	0	0	0	0	1775597305315
2144	1244	1441	3321	0	0	0	0	1775597306318
2130	1305	1448	3336	0	0	0	0	1775597307329
2093	1297	1440	3261	0	0	0	0	1775597308334
2167	1285	1448	3212	0	0	0	0	1775597309346
2133	1273	1456	3278	0	0	0	0	1775597310351
2163	1294	1494	3290	0	0	0	0	1775597311350
2168	1298	1493	3317	0	0	0	0	1775597312351
2111	1250	1461	3340	0	0	0	0	1775597313350
2096	1301	1441	3295	0	0	0	0	1775597314351
2148	1267	1468	3360	0	0	0	0	1775597315365
2091	1274	1492	3356	0	0	0	0	1775597316363
2108	1300	1487	3353	0	0	0	0	1775597317376
2077	1299	1466	3233	0	0	0	0	1775597318383
2146	1299	1471	3229	0	0	0	0	1775597319375
2152	1255	1468	3270	0	0	0	0	1775597320376
2115	1290	1453	3256	0	0	0	0	1775597321375
2163	1263	1459	3273	0	0	0	0	1775597322383
2067	1259	1460	3256	0	0	0	0	1775597323375
2091	1270	1475	3273	0	0	0	0	1775597324383
2154	1277	1456	3344	0	0	0	0	1775597325375
2071	1262	1436	3307	0	0	0	0	1775597326383
2161	1259	1491	3253	0	0	0	0	1775597327381
2156	1251	1465	3353	0	0	0	0	1775597328380
2130	1291	1498	3300	0	0	0	0	1775597329375
2161	1248	1443	3326	0	0	0	0	1775597330383
2070	1269	1469	3225	0	0	0	0	1775597331381
2156	1295	1450	3307	0	0	0	0	1775597332383
2154	1264	1491	3257	0	0	0	0	1775597333381
2156	1286	1497	3349	0	0	0	0	1775597334375
2125	1264	1489	3242	0	0	0	0	1775597335381
2087	1254	1463	3348	0	0	0	0	1775597336383
2142	1296	1460	3285	0	0	0	0	1775597337376
2162	1265	1456	3270	0	0	0	0	1775597338383
2118	1304	1460	3243	0	0	0	0	1775597339381
2073	1247	1485	3274	0	0	0	0	1775597340378
2111	1304	1472	3357	0	0	0	0	1775597341376
2107	1291	1500	3302	0	0	0	0	1775597342381
2071	1273	1499	3235	0	0	0	0	1775597343375
2110	1276	1445	3298	0	0	0	0	1775597344383
2130	1253	1481	3318	0	0	0	0	1775597345375
2137	1269	1497	3274	0	0	0	0	1775597346376
2123	1274	1493	3221	0	0	0	0	1775597347375
2160	1279	1483	3312	0	0	0	0	1775597348380
2130	1245	1479	3204	0	0	0	0	1775597349375
2105	1265	1486	3303	0	0	0	0	1775597350378
2068	1270	1502	3208	0	0	0	0	1775597351377
2066	1272	1473	3305	0	0	0	0	1775597352381
2131	1255	1477	3277	0	0	0	0	1775597353375
2087	1282	1434	3346	0	0	0	0	1775597354383
2095	1296	1482	3264	0	0	0	0	1775597355387
2122	1274	1456	3298	0	0	0	0	1775597356383
2104	1274	1444	3317	0	0	0	0	1775597357375
2141	1270	1503	3231	0	0	0	0	1775597358384
2083	1292	1479	3298	0	0	0	0	1775597359391
2068	1300	1443	3249	0	0	0	0	1775597360398
2133	1266	1497	3266	0	0	0	0	1775597361413
2124	1246	1458	3237	0	0	0	0	1775597362415
2070	1270	1465	3348	0	0	0	0	1775597363407
2123	1248	1498	3211	0	0	0	0	1775597364411
2100	1285	1496	3321	0	0	0	0	1775597365407
2161	1248	1498	3351	0	0	0	0	1775597366415
2120	1280	1463	3353	0	0	0	0	1775597367413
2082	1272	1503	3331	0	0	0	0	1775597368411
2133	1304	1439	3231	0	0	0	0	1775597369407
2067	1264	1486	3244	0	0	0	0	1775597370413
2095	1299	1476	3320	0	0	0	0	1775597371413
2094	1258	1459	3249	0	0	0	0	1775597372412
2152	1296	1477	3320	0	0	0	0	1775597373408
2091	1247	1500	3255	0	0	0	0	1775597374415
2089	1288	1447	3284	0	0	0	0	1775597375408
2165	1263	1494	3207	0	0	0	0	1775597376411
2066	1287	1435	3273	0	0	0	0	1775597377407
2088	1293	1480	3342	0	0	0	0	1775597378410
2168	1297	1465	3284	0	0	0	0	1775597379407
2162	1274	1450	3324	0	0	0	0	1775597380415
2167	1251	1497	3352	0	0	0	0	1775597381407
2106	1290	1434	3334	0	0	0	0	1775597382415
2107	1274	1447	3228	0	0	0	0	1775597383407
2129	1298	1471	3268	0	0	0	0	1775597384415
2143	1283	1471	3274	0	0	0	0	1775597385429
2147	1301	1440	3220	0	0	0	0	1775597386431
2151	1265	1447	3281	0	0	0	0	1775597387429
2087	1246	1444	3285	0	0	0	0	1775597388431
2114	1278	1446	3236	0	0	0	0	1775597389423
2078	1255	1452	3245	0	0	0	0	1775597390431
2136	1248	1436	3289	0	0	0	0	1775597391445
2068	1280	1468	3299	0	0	0	0	1775597392438
2128	1290	1449	3338	0	0	0	0	1775597393439
2144	1293	1485	3333	0	0	0	0	1775597394459
2153	1285	1490	3287	0	0	0	0	1775597395455
2106	1286	1456	3332	0	0	0	0	1775597396463
2130	1245	1455	3266	0	0	0	0	1775597397454
2101	1275	1460	3219	0	0	0	0	1775597398464
2147	1248	1445	3314	0	0	0	0	1775597399454
2123	1282	1490	3307	0	0	0	0	1775597400469
2105	1268	1438	3345	0	0	0	0	1775597401472
2163	1253	1457	3338	0	0	0	0	1775597402477
2127	1252	1482	3309	0	0	0	0	1775597403471
2162	1269	1480	3344	0	0	0	0	1775597404469
2127	1298	1497	3259	0	0	0	0	1775597405471
2096	1248	1482	3361	0	0	0	0	1775597406476
2140	1269	1463	3247	0	0	0	0	1775597407471
2117	1290	1472	3237	0	0	0	0	1775597408480
2156	1296	1501	3334	0	0	0	0	1775597409471
2154	1267	1452	3339	0	0	0	0	1775597410483
2117	1300	1477	3292	0	0	0	0	1775597411471
2100	1261	1475	3233	0	0	0	0	1775597412469
2074	1262	1468	3318	0	0	0	0	1775597413472
2092	1261	1479	3262	0	0	0	0	1775597414480
2095	1273	1466	3289	0	0	0	0	1775597415471
2151	1268	1474	3353	0	0	0	0	1775597416482
2105	1288	1435	3281	0	0	0	0	1775597417471
2147	1273	1435	3311	0	0	0	0	1775597418472
2069	1278	1445	3244	0	0	0	0	1775597419472
2093	1247	1482	3361	0	0	0	0	1775597420478
2140	1265	1467	3356	0	0	0	0	1775597421471
2161	1260	1487	3283	0	0	0	0	1775597422469
2150	1244	1454	3288	0	0	0	0	1775597423472
2070	1283	1449	3214	0	0	0	0	1775597424481
2069	1277	1460	3227	0	0	0	0	1775597425471
2115	1281	1446	3327	0	0	0	0	1775597426469
2076	1304	1456	3204	0	0	0	0	1775597427471
2138	1252	1444	3317	0	0	0	0	1775597428478
2095	1277	1439	3316	0	0	0	0	1775597429471
2163	1258	1445	3303	0	0	0	0	1775597430474
2157	1252	1494	3251	0	0	0	0	1775597431471
2113	1283	1466	3308	0	0	0	0	1775597432483
2102	1260	1499	3276	0	0	0	0	1775597433472
2139	1279	1465	3266	0	0	0	0	1775597434469
2150	1246	1462	3308	0	0	0	0	1775597435471
2162	1276	1450	3272	0	0	0	0	1775597436484
2083	1288	1464	3207	0	0	0	0	1775597437472
2105	1247	1444	3331	0	0	0	0	1775597438469
2069	1299	1461	3347	0	0	0	0	1775597439483
2073	1291	1462	3293	0	0	0	0	1775597440485
2075	1286	1466	3307	0	0	0	0	1775597441487
2124	1295	1442	3361	0	0	0	0	1775597442501
2109	1302	1474	3245	0	0	0	0	1775597443504
2069	1266	1497	3264	0	0	0	0	1775597444517
2101	1252	1502	3292	0	0	0	0	1775597445519
2072	1258	1472	3247	0	0	0	0	1775597446528
2070	1257	1435	3231	0	0	0	0	1775597447519
2110	1276	1489	3270	0	0	0	0	1775597448517
2166	1244	1477	3233	0	0	0	0	1775597449519
2084	1272	1479	3363	0	0	0	0	1775597450517
2106	1296	1498	3279	0	0	0	0	1775597451519
2130	1245	1476	3269	0	0	0	0	1775597452533
2110	1273	1435	3260	0	0	0	0	1775597453535
2107	1301	1459	3346	0	0	0	0	1775597454549
2075	1268	1483	3360	0	0	0	0	1775597455551
2077	1245	1462	3250	0	0	0	0	1775597456550
2092	1296	1497	3349	0	0	0	0	1775597457551
2151	1284	1473	3217	0	0	0	0	1775597458549
2083	1286	1454	3225	0	0	0	0	1775597459551
2106	1268	1468	3296	0	0	0	0	1775597460565
2069	1259	1488	3279	0	0	0	0	1775597461567
2168	1271	1482	3285	0	0	0	0	1775597462581
2083	1282	1487	3230	0	0	0	0	1775597463583
2144	1305	1479	3238	0	0	0	0	1775597464597
2066	1252	1444	3216	0	0	0	0	1775597465599
2095	1262	1467	3218	0	0	0	0	1775597466613
2111	1270	1468	3220	0	0	0	0	1775597467616
2086	1278	1453	3257	0	0	0	0	1775597468626
2166	1300	1486	3324	0	0	0	0	1775597469631
2115	1256	1480	3359	0	0	0	0	1775597470639
2148	1245	1497	3360	0	0	0	0	1775597471645
2127	1268	1438	3245	0	0	0	0	1775597472661
2149	1294	1440	3257	0	0	0	0	1775597473657
2086	1269	1478	3247	0	0	0	0	1775597474677
2122	1295	1478	3303	0	0	0	0	1775597475679
2072	1291	1455	3287	0	0	0	0	1775597476677
2100	1261	1458	3276	0	0	0	0	1775597477696
2119	1292	1443	3353	0	0	0	0	1775597478704
2112	1278	1446	3214	0	0	0	0	1775597479708
2111	1289	1458	3245	0	0	0	0	1775597480704
2077	1283	1492	3353	0	0	0	0	1775597481711
2132	1282	1499	3344	0	0	0	0	1775597482704
2107	1247	1446	3259	0	0	0	0	1775597483706
2099	1268	1471	3363	0	0	0	0	1775597484720
2083	1246	1494	3238	0	0	0	0	1775597485728
2103	1299	1470	3338	0	0	0	0	1775597486741
2156	1249	1504	3345	0	0	0	0	1775597487743
2067	1288	1484	3342	0	0	0	0	1775597488737
2152	1289	1490	3256	0	0	0	0	1775597489743
2132	1286	1453	3292	0	0	0	0	1775597490735
2094	1256	1504	3287	0	0	0	0	1775597491741
2090	1269	1469	3204	0	0	0	0	1775597492735
2069	1295	1459	3315	0	0	0	0	1775597493744
2098	1299	1454	3259	0	0	0	0	1775597494736
2082	1300	1477	3313	0	0	0	0	1775597495744
2117	1254	1468	3257	0	0	0	0	1775597496757
2159	1284	1488	3293	0	0	0	0	1775597497750
2132	1279	1456	3228	0	0	0	0	1775597498751
2166	1256	1487	3300	0	0	0	0	1775597499751
2143	1244	1496	3331	0	0	0	0	1775597500774
2113	1250	1458	3290	0	0	0	0	1775597501776
2123	1261	1444	3348	0	0	0	0	1775597502767
2092	1253	1448	3317	0	0	0	0	1775597503775
2164	1247	1483	3286	0	0	0	0	1775597504767
2114	1266	1462	3312	0	0	0	0	1775597505775
2166	1264	1483	3351	0	0	0	0	1775597506767
2078	1269	1471	3274	0	0	0	0	1775597507775
2099	1271	1468	3240	0	0	0	0	1775597508783
2090	1293	1445	3236	0	0	0	0	1775597509787
2141	1254	1453	3292	0	0	0	0	1775597510783
2128	1266	1448	3238	0	0	0	0	1775597511787
2160	1304	1498	3308	0	0	0	0	1775597512782
2073	1255	1449	3323	0	0	0	0	1775597513791
2112	1254	1449	3350	0	0	0	0	1775597514797
2112	1279	1451	3280	0	0	0	0	1775597515797
2079	1284	1478	3226	0	0	0	0	1775597516797
2104	1252	1504	3289	0	0	0	0	1775597517798
2147	1298	1474	3291	0	0	0	0	1775597518797
2134	1273	1468	3244	0	0	0	0	1775597519808
2146	1288	1491	3332	0	0	0	0	1775597520799
2073	1263	1476	3299	0	0	0	0	1775597521804
2069	1301	1489	3361	0	0	0	0	1775597522805
2102	1294	1481	3295	0	0	0	0	1775597523813
2106	1287	1459	3329	0	0	0	0	1775597524815
2168	1263	1462	3264	0	0	0	0	1775597525829
2141	1292	1501	3259	0	0	0	0	1775597526829
2087	1264	1486	3278	0	0	0	0	1775597527831
2139	1283	1481	3270	0	0	0	0	1775597528829
2103	1269	1453	3347	0	0	0	0	1775597529845
2128	1250	1462	3359	0	0	0	0	1775597530847
2147	1284	1466	3294	0	0	0	0	1775597531861
2116	1264	1487	3206	0	0	0	0	1775597532879
2087	1299	1455	3233	0	0	0	0	1775597533888
2125	1304	1504	3297	0	0	0	0	1775597534878
2069	1282	1473	3220	0	0	0	0	1775597535893
2086	1260	1501	3320	0	0	0	0	1775597536891
2146	1269	1494	3313	0	0	0	0	1775597537892
2129	1263	1485	3288	0	0	0	0	1775597538895
2130	1246	1474	3254	0	0	0	0	1775597539893
2154	1265	1473	3249	0	0	0	0	1775597540895
2157	1262	1501	3238	0	0	0	0	1775597541909
2135	1252	1498	3256	0	0	0	0	1775597542911
2082	1305	1458	3303	0	0	0	0	1775597543907
2142	1291	1476	3333	0	0	0	0	1775597544910
2111	1260	1487	3269	0	0	0	0	1775597545909
2109	1296	1500	3253	0	0	0	0	1775597546908
2082	1288	1462	3278	0	0	0	0	1775597547909
2102	1261	1437	3337	0	0	0	0	1775597548927
2129	1297	1503	3252	0	0	0	0	1775597549925
2148	1250	1465	3270	0	0	0	0	1775597550940
2076	1298	1498	3343	0	0	0	0	1775597551950
2111	1304	1456	3315	0	0	0	0	1775597552943
2136	1289	1492	3288	0	0	0	0	1775597553941
2137	1281	1499	3358	0	0	0	0	1775597554943
2116	1299	1479	3311	0	0	0	0	1775597555957
2159	1258	1447	3319	0	0	0	0	1775597556959
2075	1264	1462	3318	0	0	0	0	1775597557957
2104	1266	1469	3283	0	0	0	0	1775597558956
2166	1257	1496	3251	0	0	0	0	1775597559958
2083	1266	1455	3307	0	0	0	0	1775597560957
2162	1272	1486	3250	0	0	0	0	1775597561957
2095	1282	1441	3290	0	0	0	0	1775597562958
2120	1256	1460	3296	0	0	0	0	1775597563957
2114	1305	1470	3298	0	0	0	0	1775597564957
2145	1264	1475	3346	0	0	0	0	1775597565958
2120	1246	1442	3272	0	0	0	0	1775597566954
2119	1293	1453	3260	0	0	0	0	1775597567973
2089	1303	1498	3220	0	0	0	0	1775597568969
2070	1279	1504	3290	0	0	0	0	1775597569988
2087	1282	1475	3218	0	0	0	0	1775597570991
2126	1277	1435	3275	0	0	0	0	1775597572002
2137	1305	1481	3251	0	0	0	0	1775597573003
2126	1297	1482	3216	0	0	0	0	1775597574017
2098	1299	1497	3309	0	0	0	0	1775597575022
2141	1291	1499	3281	0	0	0	0	1775597576022
2165	1247	1441	3254	0	0	0	0	1775597577023
2134	1272	1470	3353	0	0	0	0	1775597578037
2133	1299	1468	3245	0	0	0	0	1775597579036
2160	1296	1461	3317	0	0	0	0	1775597580051
2144	1290	1499	3314	0	0	0	0	1775597581055
2086	1264	1456	3321	0	0	0	0	1775597582050
2073	1263	1470	3305	0	0	0	0	1775597583055
2109	1285	1439	3227	0	0	0	0	1775597584047
2160	1244	1500	3291	0	0	0	0	1775597585055
2164	1245	1471	3222	0	0	0	0	1775597586047
2155	1270	1476	3252	0	0	0	0	1775597587054
2099	1264	1478	3304	0	0	0	0	1775597588047
2109	1304	1479	3334	0	0	0	0	1775597589055
2081	1275	1462	3285	0	0	0	0	1775597590047
2086	1265	1461	3269	0	0	0	0	1775597591055
2149	1304	1492	3234	0	0	0	0	1775597592069
2070	1264	1438	3305	0	0	0	0	1775597593065
2088	1273	1480	3322	0	0	0	0	1775597594063
2133	1266	1457	3279	0	0	0	0	1775597595071
2109	1252	1487	3244	0	0	0	0	1775597596063
2139	1276	1455	3256	0	0	0	0	1775597597072
2100	1249	1485	3339	0	0	0	0	1775597598070
2118	1256	1463	3336	0	0	0	0	1775597599071
2101	1276	1439	3213	0	0	0	0	1775597600084
2074	1254	1455	3336	0	0	0	0	1775597601086
2137	1269	1460	3212	0	0	0	0	1775597602079
2142	1301	1481	3333	0	0	0	0	1775597603087
2102	1264	1443	3304	0	0	0	0	1775597604079
2129	1295	1434	3215	0	0	0	0	1775597605080
2144	1252	1500	3204	0	0	0	0	1775597606086
2130	1254	1443	3323	0	0	0	0	1775597607083
2110	1277	1481	3268	0	0	0	0	1775597608079
2103	1264	1471	3329	0	0	0	0	1775597609087
2096	1269	1503	3317	0	0	0	0	1775597610092
2155	1245	1450	3358	0	0	0	0	1775597611087
2088	1263	1470	3333	0	0	0	0	1775597612079
2092	1277	1499	3316	0	0	0	0	1775597613087
2137	1283	1436	3303	0	0	0	0	1775597614079
2141	1289	1486	3237	0	0	0	0	1775597615087
2080	1254	1451	3280	0	0	0	0	1775597616080
2090	1259	1451	3323	0	0	0	0	1775597617088
2115	1264	1448	3293	0	0	0	0	1775597618099
2120	1284	1450	3332	0	0	0	0	1775597619100
2089	1301	1501	3307	0	0	0	0	1775597620095
2089	1269	1496	3278	0	0	0	0	1775597621094
2101	1300	1499	3325	0	0	0	0	1775597622095
2083	1274	1468	3247	0	0	0	0	1775597623101
2076	1299	1456	3225	0	0	0	0	1775597624109
2076	1275	1475	3360	0	0	0	0	1775597625096
2117	1274	1473	3243	0	0	0	0	1775597626108
2136	1278	1503	3356	0	0	0	0	1775597627100
2077	1296	1462	3361	0	0	0	0	1775597628095
2080	1295	1455	3206	0	0	0	0	1775597629100
2126	1289	1488	3309	0	0	0	0	1775597630095
2088	1254	1452	3360	0	0	0	0	1775597631096
2142	1284	1454	3302	0	0	0	0	1775597632095
2148	1263	1485	3253	0	0	0	0	1775597633099
2112	1249	1503	3240	0	0	0	0	1775597634095
2069	1274	1500	3249	0	0	0	0	1775597635103
2125	1256	1449	3247	0	0	0	0	1775597636095
2133	1265	1481	3299	0	0	0	0	1775597637096
2155	1256	1448	3232	0	0	0	0	1775597638109
2125	1287	1437	3330	0	0	0	0	1775597639103
2069	1287	1496	3360	0	0	0	0	1775597640117
2075	1247	1437	3236	0	0	0	0	1775597641119
2132	1255	1484	3259	0	0	0	0	1775597642117
2096	1301	1478	3336	0	0	0	0	1775597643112
2109	1273	1471	3230	0	0	0	0	1775597644133
2067	1283	1446	3278	0	0	0	0	1775597645125
2107	1267	1445	3229	0	0	0	0	1775597646127
2155	1248	1501	3322	0	0	0	0	1775597647136
2142	1290	1447	3311	0	0	0	0	1775597648128
2096	1255	1501	3253	0	0	0	0	1775597649136
2135	1290	1461	3309	0	0	0	0	1775597650127
2104	1305	1485	3276	0	0	0	0	1775597651135
2152	1277	1494	3286	0	0	0	0	1775597652126
2076	1275	1436	3311	0	0	0	0	1775597653125
2105	1285	1502	3342	0	0	0	0	1775597654149
2094	1273	1448	3250	0	0	0	0	1775597655155
2128	1298	1481	3226	0	0	0	0	1775597656142
2119	1268	1435	3312	0	0	0	0	1775597657141
2102	1285	1503	3301	0	0	0	0	1775597658143
2102	1299	1502	3235	0	0	0	0	1775597659157
2166	1255	1477	3230	0	0	0	0	1775597660159
2131	1271	1477	3245	0	0	0	0	1775597661157
2153	1265	1450	3288	0	0	0	0	1775597662159
2158	1256	1438	3218	0	0	0	0	1775597663168
2087	1277	1444	3337	0	0	0	0	1775597664177
2082	1270	1495	3292	0	0	0	0	1775597665173
2113	1254	1494	3244	0	0	0	0	1775597666175
2101	1245	1486	3285	0	0	0	0	1775597667189
2117	1277	1471	3327	0	0	0	0	1775597668189
2153	1246	1493	3249	0	0	0	0	1775597669205
2114	1253	1435	3237	0	0	0	0	1775597670208
2066	1287	1435	3234	0	0	0	0	1775597671213
2159	1248	1491	3333	0	0	0	0	1775597672221
2073	1288	1491	3265	0	0	0	0	1775597673221
2096	1268	1447	3209	0	0	0	0	1775597674223
2159	1299	1436	3244	0	0	0	0	1775597675237
2071	1286	1484	3297	0	0	0	0	1775597676245
2148	1244	1493	3330	0	0	0	0	1775597677253
2083	1254	1485	3261	0	0	0	0	1775597678255
2099	1248	1475	3272	0	0	0	0	1775597679253
2156	1291	1446	3222	0	0	0	0	1775597680254
2067	1294	1447	3208	0	0	0	0	1775597681251
2168	1268	1439	3301	0	0	0	0	1775597682254
2132	1285	1500	3309	0	0	0	0	1775597683270
2106	1247	1443	3274	0	0	0	0	1775597684271
2075	1290	1487	3209	0	0	0	0	1775597685267
2110	1296	1474	3271	0	0	0	0	1775597686267
2100	1277	1463	3311	0	0	0	0	1775597687282
2111	1259	1478	3235	0	0	0	0	1775597688286
2072	1271	1434	3257	0	0	0	0	1775597689301
2074	1278	1463	3208	0	0	0	0	1775597690303
2115	1284	1479	3266	0	0	0	0	1775597691317
2131	1304	1476	3301	0	0	0	0	1775597692315
2092	1263	1463	3213	0	0	0	0	1775597693329
2135	1279	1479	3308	0	0	0	0	1775597694335
2091	1304	1487	3261	0	0	0	0	1775597695334
2107	1276	1466	3349	0	0	0	0	1775597696336
2098	1271	1493	3259	0	0	0	0	1775597697328
2097	1290	1469	3225	0	0	0	0	1775597698331
2102	1292	1468	3347	0	0	0	0	1775597699328
2156	1255	1457	3352	0	0	0	0	1775597700328
2090	1295	1447	3255	0	0	0	0	1775597701350
2079	1281	1499	3284	0	0	0	0	1775597702352
2068	1299	1467	3227	0	0	0	0	1775597703350
2123	1276	1486	3219	0	0	0	0	1775597704345
2099	1292	1500	3319	0	0	0	0	1775597705349
2120	1252	1503	3329	0	0	0	0	1775597706352
2106	1282	1458	3240	0	0	0	0	1775597707364
2128	1292	1457	3244	0	0	0	0	1775597708360
2134	1282	1439	3246	0	0	0	0	1775597709361
2068	1280	1449	3206	0	0	0	0	1775597710367
2163	1303	1435	3280	0	0	0	0	1775597711365
2146	1279	1503	3270	0	0	0	0	1775597712363
2123	1280	1475	3284	0	0	0	0	1775597713360
2155	1264	1457	3271	0	0	0	0	1775597714368
2084	1300	1491	3272	0	0	0	0	1775597715359
2120	1261	1436	3240	0	0	0	0	1775597716362
2088	1282	1485	3260	0	0	0	0	1775597717379
2087	1248	1451	3306	0	0	0	0	1775597718379
2128	1270	1437	3332	0	0	0	0	1775597719375
2103	1266	1503	3318	0	0	0	0	1775597720401
2145	1253	1483	3323	0	0	0	0	1775597721391
2106	1263	1500	3284	0	0	0	0	1775597722394
2084	1245	1465	3355	0	0	0	0	1775597723391
2100	1281	1446	3317	0	0	0	0	1775597724393
2157	1301	1494	3206	0	0	0	0	1775597725413
2133	1274	1470	3338	0	0	0	0	1775597726414
2118	1260	1446	3233	0	0	0	0	1775597727407
2136	1273	1466	3274	0	0	0	0	1775597728410
2084	1296	1457	3251	0	0	0	0	1775597729407
2123	1302	1504	3344	0	0	0	0	1775597730410
2085	1271	1474	3274	0	0	0	0	1775597731407
2164	1273	1462	3354	0	0	0	0	1775597732412
2125	1290	1490	3222	0	0	0	0	1775597733408
2069	1284	1499	3339	0	0	0	0	1775597734414
2126	1245	1452	3212	0	0	0	0	1775597735407
2102	1299	1501	3274	0	0	0	0	1775597736416
2131	1259	1476	3269	0	0	0	0	1775597737407
2086	1275	1439	3298	0	0	0	0	1775597738415
2067	1264	1468	3229	0	0	0	0	1775597739408
2125	1251	1446	3328	0	0	0	0	1775597740407
2130	1273	1434	3348	0	0	0	0	1775597741407
2149	1291	1484	3288	0	0	0	0	1775597742415
2164	1271	1483	3216	0	0	0	0	1775597743408
2165	1275	1460	3327	0	0	0	0	1775597744410
2136	1305	1490	3289	0	0	0	0	1775597745408
2154	1255	1445	3346	0	0	0	0	1775597746415
2163	1302	1448	3259	0	0	0	0	1775597747429
2129	1250	1493	3246	0	0	0	0	1775597748430
2106	1280	1436	3271	0	0	0	0	1775597749423
2093	1272	1472	3254	0	0	0	0	1775597750424
2146	1296	1503	3347	0	0	0	0	1775597751423
2130	1279	1470	3345	0	0	0	0	1775597752431
2150	1304	1451	3318	0	0	0	0	1775597753445
2125	1304	1504	3209	0	0	0	0	1775597754447
2109	1259	1453	3213	0	0	0	0	1775597755439
2139	1298	1441	3341	0	0	0	0	1775597756447
2126	1290	1475	3352	0	0	0	0	1775597757439
2162	1255	1494	3216	0	0	0	0	1775597758443
2119	1260	1453	3325	0	0	0	0	1775597759439
2123	1289	1501	3239	0	0	0	0	1775597760447
2133	1251	1501	3236	0	0	0	0	1775597761461
2133	1266	1490	3247	0	0	0	0	1775597762454
2134	1292	1461	3322	0	0	0	0	1775597763455
2091	1261	1471	3301	0	0	0	0	1775597764453
2161	1259	1494	3279	0	0	0	0	1775597765470
2142	1298	1470	3276	0	0	0	0	1775597766475
2135	1294	1491	3351	0	0	0	0	1775597767470
2148	1277	1448	3274	0	0	0	0	1775597768472
2082	1278	1502	3213	0	0	0	0	1775597769471
2101	1283	1471	3275	0	0	0	0	1775597770485
2127	1259	1457	3243	0	0	0	0	1775597771504
2116	1279	1470	3325	0	0	0	0	1775597772500
2113	1245	1455	3283	0	0	0	0	1775597773507
2137	1261	1484	3282	0	0	0	0	1775597774517
2086	1260	1465	3305	0	0	0	0	1775597775519
2071	1301	1480	3362	0	0	0	0	1775597776529
2112	1275	1468	3222	0	0	0	0	1775597777536
2095	1277	1438	3238	0	0	0	0	1775597778534
2071	1275	1471	3271	0	0	0	0	1775597779534
2095	1267	1458	3230	0	0	0	0	1775597780549
2119	1252	1461	3244	0	0	0	0	1775597781557
2146	1248	1502	3339	0	0	0	0	1775597782565
2164	1277	1443	3226	0	0	0	0	1775597783570
2154	1258	1466	3318	0	0	0	0	1775597784577
2152	1268	1491	3210	0	0	0	0	1775597785583
2089	1287	1483	3335	0	0	0	0	1775597786597
2071	1246	1504	3351	0	0	0	0	1775597787599
2080	1287	1445	3311	0	0	0	0	1775597788596
2091	1261	1449	3267	0	0	0	0	1775597789616
2091	1262	1449	3295	0	0	0	0	1775597790629
2076	1287	1463	3251	0	0	0	0	1775597791632
2105	1283	1482	3246	0	0	0	0	1775597792640
2146	1290	1495	3215	0	0	0	0	1775597793628
2158	1249	1500	3287	0	0	0	0	1775597794640
2158	1305	1494	3363	0	0	0	0	1775597795627
2090	1272	1502	3257	0	0	0	0	1775597796626
2098	1294	1469	3264	0	0	0	0	1775597797631
2164	1269	1487	3221	0	0	0	0	1775597798629
2078	1303	1435	3227	0	0	0	0	1775597799631
2107	1262	1455	3315	0	0	0	0	1775597800629
2149	1257	1443	3245	0	0	0	0	1775597801631
2133	1250	1457	3262	0	0	0	0	1775597802640
2077	1250	1454	3314	0	0	0	0	1775597803631
2124	1272	1441	3299	0	0	0	0	1775597804645
2115	1259	1476	3306	0	0	0	0	1775597805647
2091	1291	1448	3222	0	0	0	0	1775597806641
2119	1283	1483	3291	0	0	0	0	1775597807647
2095	1286	1473	3277	0	0	0	0	1775597808645
2157	1282	1453	3309	0	0	0	0	1775597809647
2152	1277	1476	3267	0	0	0	0	1775597810645
2100	1264	1484	3213	0	0	0	0	1775597811660
2147	1300	1490	3254	0	0	0	0	1775597812672
2132	1257	1461	3242	0	0	0	0	1775597813664
2099	1277	1436	3337	0	0	0	0	1775597814673
2167	1258	1495	3355	0	0	0	0	1775597815679
2123	1255	1442	3267	0	0	0	0	1775597816692
2168	1270	1435	3287	0	0	0	0	1775597817695
2131	1278	1503	3278	0	0	0	0	1775597818689
2082	1253	1472	3355	0	0	0	0	1775597819691
2078	1298	1442	3321	0	0	0	0	1775597820689
2158	1272	1465	3304	0	0	0	0	1775597821696
2080	1299	1477	3223	0	0	0	0	1775597822705
2119	1296	1471	3266	0	0	0	0	1775597823710
2136	1279	1502	3294	0	0	0	0	1775597824704
2114	1255	1485	3250	0	0	0	0	1775597825706
2168	1289	1468	3336	0	0	0	0	1775597826704
2155	1294	1493	3269	0	0	0	0	1775597827704
2112	1296	1469	3285	0	0	0	0	1775597828704
2132	1270	1462	3275	0	0	0	0	1775597829709
2154	1265	1446	3336	0	0	0	0	1775597830708
2083	1258	1490	3352	0	0	0	0	1775597831730
2134	1246	1503	3301	0	0	0	0	1775597832719
2117	1287	1491	3207	0	0	0	0	1775597833727
2139	1244	1434	3257	0	0	0	0	1775597834725
2133	1283	1488	3346	0	0	0	0	1775597835726
2125	1285	1487	3346	0	0	0	0	1775597836741
2098	1283	1471	3227	0	0	0	0	1775597837736
2070	1291	1452	3267	0	0	0	0	1775597838736
2080	1294	1496	3303	0	0	0	0	1775597839735
2097	1282	1461	3329	0	0	0	0	1775597840735
2157	1292	1458	3261	0	0	0	0	1775597841738
2138	1259	1454	3305	0	0	0	0	1775597842735
2130	1281	1442	3275	0	0	0	0	1775597843741
2144	1280	1467	3223	0	0	0	0	1775597844736
2133	1263	1448	3265	0	0	0	0	1775597845743
2114	1272	1490	3312	0	0	0	0	1775597846742
2075	1283	1478	3284	0	0	0	0	1775597847737
2166	1261	1488	3258	0	0	0	0	1775597848757
2087	1304	1436	3325	0	0	0	0	1775597849759
2118	1285	1501	3262	0	0	0	0	1775597850751
2140	1292	1489	3255	0	0	0	0	1775597851759
2082	1293	1450	3277	0	0	0	0	1775597852751
2113	1293	1461	3205	0	0	0	0	1775597853753
2147	1250	1439	3352	0	0	0	0	1775597854751
2127	1297	1503	3337	0	0	0	0	1775597855759
2164	1298	1472	3255	0	0	0	0	1775597856751
2128	1302	1479	3342	0	0	0	0	1775597857757
2091	1299	1464	3331	0	0	0	0	1775597858751
2120	1273	1452	3359	0	0	0	0	1775597859758
2104	1261	1461	3323	0	0	0	0	1775597860752
2164	1276	1447	3278	0	0	0	0	1775597861752
2067	1291	1453	3331	0	0	0	0	1775597862751
2119	1296	1470	3310	0	0	0	0	1775597863754
2164	1281	1471	3328	0	0	0	0	1775597864751
2091	1303	1439	3353	0	0	0	0	1775597865758
2137	1303	1476	3294	0	0	0	0	1775597866751
2163	1247	1443	3243	0	0	0	0	1775597867750
2145	1244	1482	3242	0	0	0	0	1775597868751
2080	1284	1489	3333	0	0	0	0	1775597869760
2119	1270	1460	3288	0	0	0	0	1775597870751
2159	1244	1458	3307	0	0	0	0	1775597871758
2116	1281	1462	3294	0	0	0	0	1775597872773
2104	1273	1456	3270	0	0	0	0	1775597873775
2139	1260	1444	3287	0	0	0	0	1775597874789
2083	1279	1446	3330	0	0	0	0	1775597875789
2138	1292	1446	3266	0	0	0	0	1775597876784
2127	1270	1434	3249	0	0	0	0	1775597877791
2120	1301	1451	3232	0	0	0	0	1775597878783
2168	1305	1454	3207	0	0	0	0	1775597879791
2141	1299	1444	3289	0	0	0	0	1775597880783
2118	1279	1434	3324	0	0	0	0	1775597881791
2081	1250	1438	3255	0	0	0	0	1775597882784
2125	1254	1444	3245	0	0	0	0	1775597883782
2131	1261	1493	3274	0	0	0	0	1775597884798
2075	1290	1484	3259	0	0	0	0	1775597885805
2146	1244	1478	3362	0	0	0	0	1775597886799
2083	1276	1447	3242	0	0	0	0	1775597887813
2138	1267	1446	3256	0	0	0	0	1775597888821
2118	1303	1492	3267	0	0	0	0	1775597889829
2089	1285	1491	3302	0	0	0	0	1775597890831
2141	1256	1470	3283	0	0	0	0	1775597891829
2105	1253	1500	3306	0	0	0	0	1775597892831
2080	1252	1435	3242	0	0	0	0	1775597893829
2168	1293	1475	3207	0	0	0	0	1775597894832
2080	1274	1439	3325	0	0	0	0	1775597895829
2146	1265	1485	3300	0	0	0	0	1775597896854
2077	1305	1478	3205	0	0	0	0	1775597897845
2095	1247	1444	3339	0	0	0	0	1775597898845
2088	1250	1493	3325	0	0	0	0	1775597899845
2132	1266	1448	3339	0	0	0	0	1775597900911
2154	1262	1467	3271	0	0	0	0	1775597901845
2166	1296	1440	3223	0	0	0	0	1775597902847
2134	1301	1471	3272	0	0	0	0	1775597903845
2099	1274	1495	3205	0	0	0	0	1775597904847
2104	1255	1494	3239	0	0	0	0	1775597905861
2068	1256	1481	3279	0	0	0	0	1775597906863
2148	1304	1486	3283	0	0	0	0	1775597907860
2153	1292	1478	3285	0	0	0	0	1775597908863
2119	1276	1496	3322	0	0	0	0	1775597909877
2085	1278	1463	3257	0	0	0	0	1775597910879
2147	1244	1486	3346	0	0	0	0	1775597911876
2088	1297	1440	3362	0	0	0	0	1775597912879
2148	1285	1474	3348	0	0	0	0	1775597913887
2168	1275	1461	3289	0	0	0	0	1775597914877
2152	1278	1470	3228	0	0	0	0	1775597915893
2069	1287	1478	3215	0	0	0	0	1775597916895
2111	1262	1439	3274	0	0	0	0	1775597917893
2134	1288	1453	3222	0	0	0	0	1775597918895
2115	1277	1437	3300	0	0	0	0	1775597919893
2096	1272	1481	3331	0	0	0	0	1775597920892
2135	1258	1461	3346	0	0	0	0	1775597921908
2090	1286	1443	3282	0	0	0	0	1775597922909
2124	1288	1470	3360	0	0	0	0	1775597923907
2154	1291	1463	3298	0	0	0	0	1775597924907
2078	1256	1434	3264	0	0	0	0	1775597925909
2075	1246	1479	3285	0	0	0	0	1775597926917
2094	1302	1461	3205	0	0	0	0	1775597927909
2132	1282	1457	3313	0	0	0	0	1775597928912
2152	1292	1478	3337	0	0	0	0	1775597929921
2162	1268	1443	3266	0	0	0	0	1775597930921
2083	1274	1485	3304	0	0	0	0	1775597931925
2151	1247	1475	3317	0	0	0	0	1775597932928
2104	1245	1454	3299	0	0	0	0	1775597933923
2077	1251	1499	3295	0	0	0	0	1775597934928
2131	1295	1489	3294	0	0	0	0	1775597935933
2099	1281	1439	3348	0	0	0	0	1775597936940
2160	1298	1478	3362	0	0	0	0	1775597937958
2089	1286	1498	3216	0	0	0	0	1775597938981
2130	1246	1487	3356	0	0	0	0	1775597939973
2152	1305	1444	3217	0	0	0	0	1775597940975
2083	1279	1436	3292	0	0	0	0	1775597941973
2144	1301	1494	3227	0	0	0	0	1775597942975
2097	1302	1497	3255	0	0	0	0	1775597943986
2071	1277	1492	3283	0	0	0	0	1775597944991
2078	1291	1496	3269	0	0	0	0	1775597946005
2142	1302	1463	3333	0	0	0	0	1775597947002
2113	1252	1490	3235	0	0	0	0	1775597948000
2066	1269	1497	3358	0	0	0	0	1775597949007
2134	1302	1441	3250	0	0	0	0	1775597950005
2158	1264	1436	3314	0	0	0	0	1775597951002
2089	1251	1502	3287	0	0	0	0	1775597952021
2089	1272	1455	3255	0	0	0	0	1775597953023
2108	1289	1469	3353	0	0	0	0	1775597954038
2167	1276	1464	3240	0	0	0	0	1775597955039
2157	1290	1444	3270	0	0	0	0	1775597956032
2109	1245	1437	3235	0	0	0	0	1775597957032
2072	1258	1494	3342	0	0	0	0	1775597958031
2158	1280	1500	3211	0	0	0	0	1775597959031
2130	1269	1495	3206	0	0	0	0	1775597960040
2160	1292	1478	3271	0	0	0	0	1775597961045
2130	1262	1446	3207	0	0	0	0	1775597962037
2164	1280	1476	3361	0	0	0	0	1775597963039
2069	1302	1485	3276	0	0	0	0	1775597964048
2139	1273	1441	3337	0	0	0	0	1775597965051
2154	1293	1492	3256	0	0	0	0	1775597966047
2091	1265	1460	3343	0	0	0	0	1775597967055
2121	1270	1437	3245	0	0	0	0	1775597968047
2066	1263	1454	3308	0	0	0	0	1775597969048
2161	1278	1450	3350	0	0	0	0	1775597970047
2142	1260	1461	3354	0	0	0	0	1775597971055
2101	1303	1476	3230	0	0	0	0	1775597972047
2084	1289	1503	3255	0	0	0	0	1775597973060
2141	1247	1442	3287	0	0	0	0	1775597974048
2136	1253	1472	3334	0	0	0	0	1775597975051
2134	1305	1479	3284	0	0	0	0	1775597976047
2116	1259	1477	3278	0	0	0	0	1775597977056
2090	1263	1440	3311	0	0	0	0	1775597978048
2125	1277	1449	3257	0	0	0	0	1775597979055
2095	1253	1494	3300	0	0	0	0	1775597980048
2146	1289	1502	3286	0	0	0	0	1775597981055
2136	1250	1500	3251	0	0	0	0	1775597982047
2144	1303	1467	3255	0	0	0	0	1775597983050
2133	1245	1492	3362	0	0	0	0	1775597984047
2082	1289	1490	3316	0	0	0	0	1775597985055
2130	1302	1454	3257	0	0	0	0	1775597986047
2145	1260	1451	3334	0	0	0	0	1775597987055
2146	1276	1454	3301	0	0	0	0	1775597988069
2127	1290	1444	3213	0	0	0	0	1775597989068
2141	1255	1446	3254	0	0	0	0	1775597990063
2152	1277	1471	3211	0	0	0	0	1775597991071
2083	1250	1460	3360	0	0	0	0	1775597992064
2090	1285	1497	3302	0	0	0	0	1775597993071
2088	1274	1466	3293	0	0	0	0	1775597994069
2069	1289	1438	3338	0	0	0	0	1775597995063
2134	1256	1485	3273	0	0	0	0	1775597996064
2132	1302	1470	3205	0	0	0	0	1775597997064
2074	1282	1487	3237	0	0	0	0	1775597998064
2163	1282	1470	3305	0	0	0	0	1775597999071
2127	1302	1485	3286	0	0	0	0	1775598000068
2125	1272	1490	3341	0	0	0	0	1775598001071
2096	1285	1458	3267	0	0	0	0	1775598002063
2082	1249	1479	3277	0	0	0	0	1775598003065
2086	1275	1480	3258	0	0	0	0	1775598004063
2090	1299	1499	3237	0	0	0	0	1775598005063
2078	1302	1449	3275	0	0	0	0	1775598006063
2106	1265	1471	3258	0	0	0	0	1775598007064
2150	1300	1497	3339	0	0	0	0	1775598008063
2095	1299	1454	3281	0	0	0	0	1775598009071
2113	1292	1492	3314	0	0	0	0	1775598010064
2086	1298	1451	3350	0	0	0	0	1775598011071
2109	1295	1478	3293	0	0	0	0	1775598012085
2066	1247	1474	3286	0	0	0	0	1775598013085
2119	1263	1487	3278	0	0	0	0	1775598014083
2167	1254	1438	3237	0	0	0	0	1775598015080
2112	1303	1471	3239	0	0	0	0	1775598016080
2084	1250	1504	3353	0	0	0	0	1775598017087
2089	1263	1496	3315	0	0	0	0	1775598018079
2084	1246	1438	3277	0	0	0	0	1775598019087
2090	1290	1494	3261	0	0	0	0	1775598020080
2141	1292	1468	3264	0	0	0	0	1775598021085
2083	1244	1443	3318	0	0	0	0	1775598022079
2101	1305	1464	3219	0	0	0	0	1775598023083
2079	1261	1457	3251	0	0	0	0	1775598024084
2166	1283	1461	3278	0	0	0	0	1775598025079
2148	1298	1440	3245	0	0	0	0	1775598026081
2115	1301	1474	3324	0	0	0	0	1775598027080
2068	1305	1442	3296	0	0	0	0	1775598028079
2081	1294	1442	3338	0	0	0	0	1775598029088
2163	1303	1450	3212	0	0	0	0	1775598030079
2118	1248	1493	3276	0	0	0	0	1775598031088
2119	1251	1482	3351	0	0	0	0	1775598032100
2151	1300	1494	3320	0	0	0	0	1775598033099
2072	1287	1478	3305	0	0	0	0	1775598034095
2158	1257	1482	3208	0	0	0	0	1775598035101
2157	1298	1457	3214	0	0	0	0	1775598036094
2119	1261	1449	3325	0	0	0	0	1775598037094
2088	1288	1472	3224	0	0	0	0	1775598038115
2128	1249	1457	3287	0	0	0	0	1775598039119
2130	1299	1472	3258	0	0	0	0	1775598040110
2123	1293	1439	3230	0	0	0	0	1775598041114
2109	1286	1453	3246	0	0	0	0	1775598042110
2159	1249	1440	3356	0	0	0	0	1775598043119
2153	1269	1469	3312	0	0	0	0	1775598044125
2070	1287	1502	3232	0	0	0	0	1775598045126
2075	1246	1483	3265	0	0	0	0	1775598046148
2167	1281	1494	3260	0	0	0	0	1775598047141
2142	1285	1502	3333	0	0	0	0	1775598048143
2086	1273	1477	3208	0	0	0	0	1775598049157
2090	1298	1468	3237	0	0	0	0	1775598050159
2116	1303	1498	3358	0	0	0	0	1775598051173
2073	1256	1453	3245	0	0	0	0	1775598052197
2087	1275	1457	3356	0	0	0	0	1775598053189
2107	1289	1496	3279	0	0	0	0	1775598054191
2066	1278	1480	3301	0	0	0	0	1775598055189
2088	1283	1479	3359	0	0	0	0	1775598056191
2117	1278	1462	3295	0	0	0	0	1775598057196
2081	1269	1451	3317	0	0	0	0	1775598058213
2156	1260	1442	3222	0	0	0	0	1775598059203
2074	1277	1493	3247	0	0	0	0	1775598060207
2140	1303	1481	3288	0	0	0	0	1775598061205
2144	1292	1497	3308	0	0	0	0	1775598062229
2132	1292	1460	3351	0	0	0	0	1775598063221
2109	1253	1493	3313	0	0	0	0	1775598064220
2168	1246	1451	3243	0	0	0	0	1775598065237
2092	1282	1483	3207	0	0	0	0	1775598066256
2094	1263	1434	3309	0	0	0	0	1775598067253
2133	1294	1473	3259	0	0	0	0	1775598068255
2119	1260	1481	3325	0	0	0	0	1775598069269
2073	1298	1486	3357	0	0	0	0	1775598070270
2128	1275	1504	3261	0	0	0	0	1775598071285
2084	1255	1503	3298	0	0	0	0	1775598072284
2072	1263	1451	3315	0	0	0	0	1775598073301
2096	1304	1473	3331	0	0	0	0	1775598074304
2080	1288	1451	3211	0	0	0	0	1775598075314
2105	1249	1460	3356	0	0	0	0	1775598076319
2107	1247	1502	3250	0	0	0	0	1775598077329
2109	1289	1461	3213	0	0	0	0	1775598078335
2074	1297	1459	3357	0	0	0	0	1775598079333
2116	1265	1472	3323	0	0	0	0	1775598080335
2097	1253	1466	3264	0	0	0	0	1775598081349
2124	1277	1483	3216	0	0	0	0	1775598082345
2095	1281	1494	3287	0	0	0	0	1775598083364
2108	1278	1461	3255	0	0	0	0	1775598084368
2135	1258	1466	3232	0	0	0	0	1775598085359
2102	1293	1471	3298	0	0	0	0	1775598086363
2091	1264	1449	3231	0	0	0	0	1775598087360
2107	1269	1482	3268	0	0	0	0	1775598088367
2112	1290	1447	3289	0	0	0	0	1775598089360
2109	1279	1474	3351	0	0	0	0	1775598090365
2118	1298	1487	3290	0	0	0	0	1775598091360
2148	1278	1485	3351	0	0	0	0	1775598092364
2168	1257	1499	3343	0	0	0	0	1775598093382
2082	1280	1498	3332	0	0	0	0	1775598094384
2133	1296	1478	3212	0	0	0	0	1775598095375
2092	1262	1474	3204	0	0	0	0	1775598096382
2140	1252	1484	3303	0	0	0	0	1775598097375
2134	1270	1449	3263	0	0	0	0	1775598098376
2154	1269	1480	3227	0	0	0	0	1775598099397
2086	1245	1446	3298	0	0	0	0	1775598100398
2130	1289	1473	3334	0	0	0	0	1775598101391
2126	1296	1463	3228	0	0	0	0	1775598102399
2152	1285	1503	3212	0	0	0	0	1775598103392
2111	1244	1477	3332	0	0	0	0	1775598104413
2085	1261	1475	3346	0	0	0	0	1775598105411
2153	1252	1492	3281	0	0	0	0	1775598106415
2128	1271	1449	3267	0	0	0	0	1775598107407
2066	1250	1444	3296	0	0	0	0	1775598108409
2113	1302	1492	3214	0	0	0	0	1775598109429
