2591	5329	4006	1797	0	0	0	0	1777044663441
2577	5307	3991	1623	0	0	0	0	1777044665104
2531	5253	0	1650	0	0	0	0	1777044666710
2502	5195	3980	0	0	0	0	0	1777044668045
2513	5119	3860	1665	0	0	0	0	1777044669336
2526	5083	3843	1679	0	0	0	0	1777044670539
2528	0	3789	1717	0	0	0	0	1777044671801
2473	5104	0	1778	0	0	0	0	1777044673027
2469	5232	3765	1801	0	0	0	0	1777044674041
2476	5300	3746	1833	0	0	0	0	1777044675215
2498	0	3740	1845	0	0	0	0	1777044676817
2551	5330	0	1875	0	0	0	0	1777044678282
2557	5332	3632	1901	0	0	0	0	1777044679514
2530	5215	3556	1916	0	0	0	0	1777044680794
2506	5223	3657	1941	0	0	0	0	1777044682023
2489	5156	3724	1847	0	0	0	0	1777044683267
2556	5113	3759	1800	0	0	0	0	1777044684286
2592	5065	3787	1808	0	0	0	0	1777044685310
2605	5043	3784	1754	0	0	0	0	1777044686442
2604	5048	3745	1760	0	0	0	0	1777044687687
2596	4994	3760	1793	0	0	0	0	1777044688934
2571	4902	3709	1819	0	0	0	0	1777044690198
2522	4938	0	1839	0	0	0	0	1777044691594
2530	5048	3809	1809	0	0	0	0	1777044692862
2546	5146	3886	1619	0	0	0	0	1777044694392
2543	5169	3910	1626	0	0	0	0	1777044696068
2501	5168	3936	0	0	0	0	0	1777044697366
2509	5129	3822	1645	0	0	0	0	1777044698520
2524	5083	3823	1670	0	0	0	0	1777044699489
2524	5061	3789	1701	0	0	0	0	1777044700878
2500	5069	3769	1762	0	0	0	0	1777044702141
2477	5201	3734	1779	0	0	0	0	1777044703408
2460	0	3713	1819	0	0	0	0	1777044704664
2475	5279	3702	1840	0	0	0	0	1777044705893
2504	5316	3713	1863	0	0	0	0	1777044707160
2531	5253	3613	1888	0	0	0	0	1777044708393
2544	5210	3531	1904	0	0	0	0	1777044709784
2539	5208	3643	1923	0	0	0	0	1777044711051
2507	5152	3714	1917	0	0	0	0	1777044712381
2478	5104	3752	1807	0	0	0	0	1777044713648
2572	5043	3778	0	0	0	0	0	1777044714804
2590	4976	3752	1811	0	0	0	0	1777044716047
2599	4983	3760	1753	0	0	0	0	1777044717277
2583	4914	3750	1757	0	0	0	0	1777044718540
2536	0	3700	1784	0	0	0	0	1777044719792
2532	4854	0	1834	0	0	0	0	1777044721156
2514	4866	3775	1819	0	0	0	0	1777044722479
2539	5117	3854	0	0	0	0	0	1777044723991
2540	5130	3884	1608	0	0	0	0	1777044725236
2505	5122	3911	1625	0	0	0	0	1777044726481
2504	5117	3838	1635	0	0	0	0	1777044727740
2508	5057	3766	0	0	0	0	0	1777044728972
2513	4999	3766	1665	0	0	0	0	1777044730251
2495	5003	3757	1697	0	0	0	0	1777044731495
2460	0	3734	1753	0	0	0	0	1777044732946
2459	5156	3713	1777	0	0	0	0	1777044733952
2462	5245	3663	1814	0	0	0	0	1777044735154
2491	5276	3651	1840	0	0	0	0	1777044736484
2520	0	3543	1886	0	0	0	0	1777044738066
2532	5235	3544	1905	0	0	0	0	1777044739517
2535	5191	3626	1925	0	0	0	0	1777044740812
2508	5183	3690	1911	0	0	0	0	1777044742046
2502	5132	0	1786	0	0	0	0	1777044744515
2558	5054	3734	1788	0	0	0	0	1777044744916
2585	5015	3737	1753	0	0	0	0	1777044745770
2592	4961	3739	1753	0	0	0	0	1777044747030
2560	4962	3747	0	0	0	0	0	1777044748223
2532	4871	3730	1777	0	0	0	0	1777044749214
2523	4820	3692	1807	0	0	0	0	1777044750231
2489	4891	3783	1830	0	0	0	0	1777044751276
2512	5023	3854	1834	0	0	0	0	1777044752795
2524	5107	3885	1647	0	0	0	0	1777044754507
2509	5117	3905	1633	0	0	0	0	1777044756144
2464	5117	0	1623	0	0	0	0	1777044757421
2478	5107	3804	1660	0	0	0	0	1777044758635
2490	5063	3750	0	0	0	0	0	1777044759959
2480	5000	3751	1687	0	0	0	0	1777044761197
2472	5048	3701	1754	0	0	0	0	1777044762426
2436	5190	0	1779	0	0	0	0	1777044763486
2441	5249	3681	1815	0	0	0	0	1777044764749
2463	0	3649	1844	0	0	0	0	1777044766206
2501	5267	3557	1855	0	0	0	0	1777044767647
2523	5227	0	1890	0	0	0	0	1777044768972
2526	5162	3553	1907	0	0	0	0	1777044770247
2485	5154	3612	0	0	0	0	0	1777044771534
2485	5125	3684	1914	0	0	0	0	1777044772762
2547	5068	3732	1785	0	0	0	0	1777044773756
2575	5018	3734	1796	0	0	0	0	1777044774782
2586	4954	3724	1757	0	0	0	0	1777044775743
2584	4939	3737	1753	0	0	0	0	1777044776998
2551	4881	3708	1777	0	0	0	0	1777044778285
2533	4844	3702	1802	0	0	0	0	1777044779623
2494	0	3778	1826	0	0	0	0	1777044780865
2504	5024	0	1843	0	0	0	0	1777044782358
2517	5098	3845	1623	0	0	0	0	1777044783602
2516	5106	3877	1620	0	0	0	0	1777044784945
2484	5092	3889	1605	0	0	0	0	1777044786606
2464	5058	3807	0	0	0	0	0	1777044787991
2480	5054	3718	1642	0	0	0	0	1777044788988
2480	4996	3728	1668	0	0	0	0	1777044790012
2471	5016	3736	1745	0	0	0	0	1777044791180
2451	5152	3693	1781	0	0	0	0	1777044792831
2430	0	3679	1808	0	0	0	0	1777044793996
2449	5220	3658	1835	0	0	0	0	1777044794981
2478	5255	3640	1840	0	0	0	0	1777044796159
2511	5190	3536	1865	0	0	0	0	1777044797822
2513	5190	3531	1885	0	0	0	0	1777044799321
2504	5102	3610	1911	0	0	0	0	1777044800614
2483	5114	3678	1931	0	0	0	0	1777044801846
2455	5039	3725	1796	0	0	0	0	1777044803080
2551	0	3707	1776	0	0	0	0	1777044804272
2570	5005	3684	1750	0	0	0	0	1777044805271
2573	4938	3715	1744	0	0	0	0	1777044806552
2547	4910	3697	1769	0	0	0	0	1777044807780
2536	4850	3693	1792	0	0	0	0	1777044809085
2494	4811	0	1820	0	0	0	0	1777044810242
2498	4877	3751	1839	0	0	0	0	1777044811337
2512	5015	3826	1685	0	0	0	0	1777044812841
2515	5075	3867	1624	0	0	0	0	1777044814533
2486	5088	3877	0	0	0	0	0	1777044815915
2462	5013	3800	1625	0	0	0	0	1777044817174
2444	5032	3718	1644	0	0	0	0	1777044818430
2473	0	3722	1676	0	0	0	0	1777044819485
2466	4963	3731	1739	0	0	0	0	1777044820759
2449	4985	3722	1782	0	0	0	0	1777044822020
2445	5143	3686	1800	0	0	0	0	1777044823244
2413	5214	3636	1828	0	0	0	0	1777044824474
2456	0	3635	1834	0	0	0	0	1777044825742
2493	5226	3557	1852	0	0	0	0	1777044827067
2507	5197	3510	1874	0	0	0	0	1777044828711
2497	5177	3604	1892	0	0	0	0	1777044830002
2485	5077	3668	1924	0	0	0	0	1777044831230
2465	5090	3714	1788	0	0	0	0	1777044832498
2552	5029	0	1762	0	0	0	0	1777044833724
2570	5011	3675	1754	0	0	0	0	1777044834713
2569	4944	3679	1751	0	0	0	0	1777044835935
2548	4916	3701	1768	0	0	0	0	1777044837179
2529	4853	3682	1784	0	0	0	0	1777044838422
2518	4808	3678	1813	0	0	0	0	1777044839668
2475	4873	3743	0	0	0	0	0	1777044840755
2497	5011	3822	1842	0	0	0	0	1777044841969
2505	5055	3858	1691	0	0	0	0	1777044843622
2488	5082	3868	1618	0	0	0	0	1777044845259
2462	5081	3794	1592	0	0	0	0	1777044846631
2435	4996	3712	1615	0	0	0	0	1777044847877
2467	5012	0	1652	0	0	0	0	1777044849048
2462	4966	3699	0	0	0	0	0	1777044850380
2454	4980	3696	1717	0	0	0	0	1777044851619
2433	5138	3670	1768	0	0	0	0	1777044852875
2414	5217	0	1788	0	0	0	0	1777044854069
2441	0	3617	1819	0	0	0	0	1777044855398
2474	5211	0	1837	0	0	0	0	1777044856670
2496	5165	3559	1870	0	0	0	0	1777044857894
2499	5157	3506	1888	0	0	0	0	1777044859159
2475	5064	3592	1918	0	0	0	0	1777044860490
2461	5067	3663	1799	0	0	0	0	1777044861763
2473	5015	3696	1769	0	0	0	0	1777044863090
2553	4983	3664	0	0	0	0	0	1777044864217
2557	4945	3666	1752	0	0	0	0	1777044865269
2547	4886	3686	1741	0	0	0	0	1777044866429
2525	4844	3668	1759	0	0	0	0	1777044867703
2514	4799	3670	1783	0	0	0	0	1777044869054
2472	0	3727	1801	0	0	0	0	1777044870195
2483	4875	3803	1831	0	0	0	0	1777044871652
2492	5040	0	1718	0	0	0	0	1777044873009
2488	5063	3846	1599	0	0	0	0	1777044874254
2460	5061	3849	1597	0	0	0	0	1777044875504
2437	4996	3783	1601	0	0	0	0	1777044877005
2458	4999	3702	0	0	0	0	0	1777044878448
2462	4941	3660	1633	0	0	0	0	1777044879476
2444	4958	3669	1686	0	0	0	0	1777044880639
2429	5110	3663	1742	0	0	0	0	1777044882240
2405	0	3669	1767	0	0	0	0	1777044883471
2427	5191	3628	1799	0	0	0	0	1777044884478
2455	5197	3624	1804	0	0	0	0	1777044885605
2483	5145	3550	1816	0	0	0	0	1777044887244
2493	5143	3501	1853	0	0	0	0	1777044888688
2473	5180	3582	1880	0	0	0	0	1777044889956
2453	5148	3641	1905	0	0	0	0	1777044891236
2442	5106	3674	1829	0	0	0	0	1777044892467
2503	5027	3654	1755	0	0	0	0	1777044893705
2549	0	3661	1732	0	0	0	0	1777044894724
2541	5008	3654	1734	0	0	0	0	1777044895755
2531	4958	3632	1748	0	0	0	0	1777044896923
2512	4907	3639	1764	0	0	0	0	1777044898145
2482	4843	3689	1774	0	0	0	0	1777044899634
2470	4915	0	1817	0	0	0	0	1777044900866
2485	5043	3782	1727	0	0	0	0	1777044902043
2489	5122	3818	1611	0	0	0	0	1777044903321
2463	5127	3837	1596	0	0	0	0	1777044904959
2441	5103	3742	0	0	0	0	0	1777044906537
2443	5076	3686	1580	0	0	0	0	1777044907800
2462	0	3647	1612	0	0	0	0	1777044908954
2449	5012	3652	1663	0	0	0	0	1777044909975
2435	5033	3655	1724	0	0	0	0	1777044911000
2394	5174	3656	1746	0	0	0	0	1777044912280
2398	5241	3617	1782	0	0	0	0	1777044913706
2442	0	3592	1795	0	0	0	0	1777044914939
2473	5265	3568	1786	0	0	0	0	1777044916119
2486	5196	3476	1837	0	0	0	0	1777044917759
2477	5185	3551	1873	0	0	0	0	1777044919089
2449	5120	3610	1901	0	0	0	0	1777044920358
2420	5123	3640	1858	0	0	0	0	1777044921586
2459	5077	3652	1743	0	0	0	0	1777044922821
2506	5019	3658	1718	0	0	0	0	1777044924106
2535	4985	0	1729	0	0	0	0	1777044925206
2528	4944	3637	1747	0	0	0	0	1777044926195
2509	4905	3629	1766	0	0	0	0	1777044927459
2485	4833	3649	1770	0	0	0	0	1777044928689
2458	4895	3685	1817	0	0	0	0	1777044930150
2454	5026	3771	1752	0	0	0	0	1777044931365
2478	5092	3809	0	0	0	0	0	1777044932695
2467	5113	3830	1605	0	0	0	0	1777044934282
2444	5105	3749	1597	0	0	0	0	1777044935692
2413	5044	3706	1584	0	0	0	0	1777044936971
2441	5045	3664	1608	0	0	0	0	1777044938211
2449	4988	0	1650	0	0	0	0	1777044939440
2433	5030	3644	1715	0	0	0	0	1777044940687
2395	5160	3596	1723	0	0	0	0	1777044941925
2392	0	3612	1756	0	0	0	0	1777044943196
2423	5231	0	1773	0	0	0	0	1777044944422
2459	5249	3598	1766	0	0	0	0	1777044945664
2475	5158	3577	1821	0	0	0	0	1777044946943
2475	5175	3445	1862	0	0	0	0	1777044948349
2456	5091	3526	1892	0	0	0	0	1777044949612
2424	5090	3595	1880	0	0	0	0	1777044950839
2440	5050	3625	1750	0	0	0	0	1777044952108
2496	5023	3644	1704	0	0	0	0	1777044953341
2521	4937	3644	1722	0	0	0	0	1777044954596
2523	4919	3630	0	0	0	0	0	1777044955854
2511	4854	3605	1740	0	0	0	0	1777044957083
2484	0	3612	1749	0	0	0	0	1777044958353
2458	4858	3661	1797	0	0	0	0	1777044959587
2462	4927	3753	0	0	0	0	0	1777044960842
2469	5033	3792	1792	0	0	0	0	1777044962302
2458	5092	0	1611	0	0	0	0	1777044963676
2442	5059	3825	1606	0	0	0	0	1777044964942
2418	5039	3686	1573	0	0	0	0	1777044966210
2432	5039	3671	1596	0	0	0	0	1777044967566
2443	4963	3673	0	0	0	0	0	1777044968914
2421	5000	3642	1628	0	0	0	0	1777044970084
2396	0	3575	1720	0	0	0	0	1777044971624
2384	5136	3597	1748	0	0	0	0	1777044972887
2405	5214	3600	0	0	0	0	0	1777044973915
2441	5221	3590	1770	0	0	0	0	1777044975104
2463	0	3584	1808	0	0	0	0	1777044976609
2471	5153	3456	1852	0	0	0	0	1777044977870
2459	5168	3513	1885	0	0	0	0	1777044979193
2424	5059	3583	1886	0	0	0	0	1777044980632
2402	5065	3606	1756	0	0	0	0	1777044981901
2469	5026	3627	1707	0	0	0	0	1777044983094
2517	4988	3636	0	0	0	0	0	1777044984161
2517	4924	3613	1723	0	0	0	0	1777044985191
2512	4894	3566	1737	0	0	0	0	1777044986180
2469	4841	3577	1757	0	0	0	0	1777044987261
2468	4792	3634	1753	0	0	0	0	1777044988627
2444	4869	0	1798	0	0	0	0	1777044990261
2460	4988	3733	1792	0	0	0	0	1777044991525
2459	5033	3776	1595	0	0	0	0	1777044992791
2440	5062	3799	1594	0	0	0	0	1777044994037
2423	5029	3703	1571	0	0	0	0	1777044995680
2423	4988	3660	1601	0	0	0	0	1777044997296
2439	4996	3660	0	0	0	0	0	1777044998432
2418	4941	3638	1634	0	0	0	0	1777044999447
2396	4999	3558	1686	0	0	0	0	1777045000434
2377	5126	3577	1707	0	0	0	0	1777045001663
2382	5194	3580	1738	0	0	0	0	1777045003347
2423	0	3585	1767	0	0	0	0	1777045004428
2449	5165	3548	1768	0	0	0	0	1777045005617
2457	5143	3429	1821	0	0	0	0	1777045006849
2460	5145	3485	1861	0	0	0	0	1777045008279
2432	5066	3542	1878	0	0	0	0	1777045009514
2395	5027	3573	1885	0	0	0	0	1777045010754
2442	5007	3605	1761	0	0	0	0	1777045012059
2484	4965	3617	1703	0	0	0	0	1777045013289
2507	4937	3589	1720	0	0	0	0	1777045014529
2503	4881	0	1738	0	0	0	0	1777045015657
2477	4833	3560	1760	0	0	0	0	1777045016818
2462	4800	3565	1746	0	0	0	0	1777045018256
2451	4893	3606	1793	0	0	0	0	1777045019683
2433	4995	3716	1769	0	0	0	0	1777045020921
2455	5033	3760	1591	0	0	0	0	1777045022180
2431	5058	3776	0	0	0	0	0	1777045023429
2421	5028	3694	1595	0	0	0	0	1777045024931
2411	4967	3625	1560	0	0	0	0	1777045026137
2430	4970	3639	1588	0	0	0	0	1777045027402
2435	4942	3617	1614	0	0	0	0	1777045028658
2411	4970	3571	1686	0	0	0	0	1777045029891
2386	0	3559	1709	0	0	0	0	1777045031154
2372	5116	3552	1735	0	0	0	0	1777045032384
2378	5170	3561	1765	0	0	0	0	1777045033649
2401	5152	3559	1759	0	0	0	0	1777045034912
2451	5132	0	1809	0	0	0	0	1777045036445
2451	5127	3424	1852	0	0	0	0	1777045037880
2429	5044	3460	1883	0	0	0	0	1777045039140
2405	5012	3519	1884	0	0	0	0	1777045040434
2421	4959	3557	1776	0	0	0	0	1777045041637
2476	4940	3596	1702	0	0	0	0	1777045042892
2502	4937	3607	1721	0	0	0	0	1777045044134
2508	0	3579	1742	0	0	0	0	1777045045247
2477	4845	3555	1764	0	0	0	0	1777045046287
2453	4825	3557	1737	0	0	0	0	1777045047507
2448	4796	3585	1787	0	0	0	0	1777045048774
2416	4865	3682	1810	0	0	0	0	1777045050064
2448	4964	3728	0	0	0	0	0	1777045051633
2433	5009	3742	1600	0	0	0	0	1777045053171
2411	4983	0	1609	0	0	0	0	1777045054462
2391	4966	3691	1542	0	0	0	0	1777045055684
2408	4904	3624	1569	0	0	0	0	1777045056924
2415	4889	3633	1603	0	0	0	0	1777045058245
2387	0	3598	1669	0	0	0	0	1777045059484
2381	4949	3559	1705	0	0	0	0	1777045060746
2364	5095	3563	1738	0	0	0	0	1777045062014
2367	5139	3520	1768	0	0	0	0	1777045063242
2416	0	3541	1768	0	0	0	0	1777045064510
2439	5144	3531	1810	0	0	0	0	1777045065732
2440	5145	3437	1857	0	0	0	0	1777045066993
2439	5083	3462	1873	0	0	0	0	1777045068286
2410	5052	3535	1899	0	0	0	0	1777045069721
2409	5035	3567	1770	0	0	0	0	1777045070953
2470	5022	3604	1701	0	0	0	0	1777045072191
2497	4990	3620	1716	0	0	0	0	1777045073454
2506	4922	3613	0	0	0	0	0	1777045074788
2467	4874	3536	1731	0	0	0	0	1777045075710
2456	4830	3543	1759	0	0	0	0	1777045076691
2447	4810	3570	1744	0	0	0	0	1777045077784
2413	4866	3678	1784	0	0	0	0	1777045079503
2440	4966	0	1806	0	0	0	0	1777045081091
2436	5006	3729	1611	0	0	0	0	1777045082322
2404	5037	3745	1617	0	0	0	0	1777045083583
2381	5028	3699	1555	0	0	0	0	1777045084822
2391	4984	3616	1586	0	0	0	0	1777045086316
2403	4901	3631	1614	0	0	0	0	1777045087892
2393	4896	3605	0	0	0	0	0	1777045088944
2374	4957	3564	1671	0	0	0	0	1777045089943
2367	5092	3568	1705	0	0	0	0	1777045091020
2353	5140	3492	1727	0	0	0	0	1777045092695
2401	0	3521	1761	0	0	0	0	1777045093937
2432	5139	3525	1765	0	0	0	0	1777045095154
2437	5131	3411	1803	0	0	0	0	1777045096393
2423	5086	3426	1850	0	0	0	0	1777045097651
2407	5040	3503	1867	0	0	0	0	1777045098911
2400	4989	3546	1894	0	0	0	0	1777045100141
2450	4905	3577	1775	0	0	0	0	1777045101234
2486	4907	3590	1697	0	0	0	0	1777045102461
2502	4907	3568	1712	0	0	0	0	1777045103715
2495	4837	3534	1728	0	0	0	0	1777045104945
2455	4826	0	1757	0	0	0	0	1777045106184
2439	0	3558	1728	0	0	0	0	1777045107544
2421	4853	0	1766	0	0	0	0	1777045109017
2423	4950	3657	1806	0	0	0	0	1777045111328
2438	4986	3706	1640	0	0	0	0	1777045111743
2432	5012	3709	1615	0	0	0	0	1777045112727
2407	4969	3710	1572	0	0	0	0	1777045114265
2368	4950	3596	0	0	0	0	0	1777045115396
2389	4870	3605	1591	0	0	0	0	1777045116594
2397	4839	3580	1612	0	0	0	0	1777045117847
2392	4949	3555	1657	0	0	0	0	1777045119216
2368	0	3561	1690	0	0	0	0	1777045120412
2336	5065	3492	1711	0	0	0	0	1777045121575
2356	5108	3511	1748	0	0	0	0	1777045122841
2383	5114	3502	1757	0	0	0	0	1777045124208
2429	0	3390	1787	0	0	0	0	1777045125809
2420	5105	3394	1837	0	0	0	0	1777045127173
2400	5028	3483	1869	0	0	0	0	1777045128433
2387	5027	3527	1897	0	0	0	0	1777045129663
2419	4988	3543	1766	0	0	0	0	1777045130929
2466	4908	3575	1693	0	0	0	0	1777045132184
2486	4875	3554	1702	0	0	0	0	1777045133419
2473	4881	0	1722	0	0	0	0	1777045134681
2461	4828	3535	1745	0	0	0	0	1777045135761
2437	4795	3521	1739	0	0	0	0	1777045136689
2412	4705	3521	1756	0	0	0	0	1777045137678
2403	4801	3611	1801	0	0	0	0	1777045138950
2419	4923	3673	1624	0	0	0	0	1777045140548
2429	4971	3693	1617	0	0	0	0	1777045142193
2382	4992	3702	0	0	0	0	0	1777045143795
2360	4964	3595	1549	0	0	0	0	1777045145060
2381	4907	3602	1577	0	0	0	0	1777045146290
2391	4847	3571	1594	0	0	0	0	1777045147563
2387	4811	3561	1643	0	0	0	0	1777045148781
2365	4857	0	1680	0	0	0	0	1777045149940
2338	4993	3557	1704	0	0	0	0	1777045150999
2345	5062	3469	1745	0	0	0	0	1777045152357
2366	0	3451	1756	0	0	0	0	1777045153794
2420	5075	0	1787	0	0	0	0	1777045155262
2423	5084	3363	1835	0	0	0	0	1777045156496
2393	5015	3384	1857	0	0	0	0	1777045157758
2380	5017	3482	1887	0	0	0	0	1777045159021
2386	4937	3528	1757	0	0	0	0	1777045160188
2443	4893	3547	1693	0	0	0	0	1777045161204
2468	4828	3575	1698	0	0	0	0	1777045162366
2474	4829	3543	1717	0	0	0	0	1777045163616
2470	4810	3499	1751	0	0	0	0	1777045164887
2450	4752	3510	1733	0	0	0	0	1777045166128
2400	4685	3465	0	0	0	0	0	1777045167244
2401	0	3577	1792	0	0	0	0	1777045168638
2409	4885	0	1642	0	0	0	0	1777045170153
2419	4954	3637	1617	0	0	0	0	1777045171819
2385	4967	3657	0	0	0	0	0	1777045173119
2360	4967	3677	1571	0	0	0	0	1777045174365
2375	4904	3602	1581	0	0	0	0	1777045175437
2386	4839	3576	1599	0	0	0	0	1777045176822
2388	4814	3548	1638	0	0	0	0	1777045178135
2375	4882	3551	1681	0	0	0	0	1777045179395
2330	4992	3536	0	0	0	0	0	1777045180515
2334	0	3481	1738	0	0	0	0	1777045181890
2356	5054	3485	1748	0	0	0	0	1777045183153
2381	5064	3446	1774	0	0	0	0	1777045184382
2410	5075	3369	1826	0	0	0	0	1777045185611
2417	4987	3359	1854	0	0	0	0	1777045186865
2397	4998	3458	1889	0	0	0	0	1777045190369
2370	4912	3508	1796	0	0	0	0	1777045192306
2419	4890	3519	0	0	0	0	0	1777045192682
2451	4850	3546	1696	0	0	0	0	1777045193109
2463	4814	3546	1702	0	0	0	0	1777045193524
2464	4748	3516	1720	0	0	0	0	1777045194334
2452	4721	3523	1748	0	0	0	0	1777045195570
2406	0	3465	1741	0	0	0	0	1777045196671
2396	4645	3557	1750	0	0	0	0	1777045198123
2404	4865	0	1795	0	0	0	0	1777045199708
2414	4920	3617	1673	0	0	0	0	1777045200970
2413	4934	3650	1635	0	0	0	0	1777045202225
2387	4936	3667	1565	0	0	0	0	1777045203470
2360	4868	3606	1578	0	0	0	0	1777045204721
2383	4836	3551	0	0	0	0	0	1777045205960
2385	4814	3552	1597	0	0	0	0	1777045207243
2368	4858	3552	1632	0	0	0	0	1777045208651
2325	0	3502	1681	0	0	0	0	1777045209899
2324	4981	3476	1703	0	0	0	0	1777045210907
2342	5036	3476	1736	0	0	0	0	1777045211953
2367	5049	3461	1755	0	0	0	0	1777045213668
2396	0	3348	1815	0	0	0	0	1777045215308
2409	5058	3326	1854	0	0	0	0	1777045216504
2371	4959	3436	0	0	0	0	0	1777045217867
2348	4967	3494	1878	0	0	0	0	1777045219096
2392	4896	3518	1806	0	0	0	0	1777045220194
2435	4878	3539	1703	0	0	0	0	1777045221212
2453	4812	3515	1700	0	0	0	0	1777045222398
2455	4800	3506	1718	0	0	0	0	1777045223685
2451	4729	3509	1747	0	0	0	0	1777045224907
2435	4701	3463	1749	0	0	0	0	1777045226162
2390	4653	0	1749	0	0	0	0	1777045227165
2382	4734	3545	1787	0	0	0	0	1777045229157
2402	4864	3603	1739	0	0	0	0	1777045229620
2404	4912	3643	1587	0	0	0	0	1777045231038
2394	4921	3666	1582	0	0	0	0	1777045232684
2362	4933	3600	1569	0	0	0	0	1777045234315
2367	4863	3535	0	0	0	0	0	1777045235443
2375	4819	3516	1591	0	0	0	0	1777045236503
2367	4788	3528	1618	0	0	0	0	1777045237751
2354	4856	3508	1670	0	0	0	0	1777045238979
2324	4968	3488	1697	0	0	0	0	1777045240235
2331	0	3475	1728	0	0	0	0	1777045241486
2355	5025	3464	1748	0	0	0	0	1777045242749
2387	5052	3345	1751	0	0	0	0	1777045244184
2401	5017	3312	1807	0	0	0	0	1777045245788
2402	4946	3403	1849	0	0	0	0	1777045247086
2373	4938	3464	1868	0	0	0	0	1777045248400
2351	4898	3497	1856	0	0	0	0	1777045249612
2424	4875	0	1705	0	0	0	0	1777045250660
2445	4810	3510	1696	0	0	0	0	1777045251642
2454	4781	3510	1714	0	0	0	0	1777045252746
2445	4732	3514	1744	0	0	0	0	1777045253987
2433	4706	3510	1746	0	0	0	0	1777045255242
2389	0	3454	1751	0	0	0	0	1777045256640
2376	4648	3543	1777	0	0	0	0	1777045257661
2391	4738	3598	1778	0	0	0	0	1777045259097
2397	4908	0	1606	0	0	0	0	1777045260634
2394	4914	3638	1584	0	0	0	0	1777045262232
2372	4926	3605	0	0	0	0	0	1777045263707
2360	4839	0	1566	0	0	0	0	1777045264899
2372	4839	3532	1585	0	0	0	0	1777045265893
2374	4772	3502	1613	0	0	0	0	1777045266984
2354	4839	3517	1667	0	0	0	0	1777045268274
2306	0	3497	1692	0	0	0	0	1777045269885
2314	4953	3490	1728	0	0	0	0	1777045270937
2331	5011	3459	1750	0	0	0	0	1777045272037
2364	5033	3449	1750	0	0	0	0	1777045273291
2383	5011	3353	1795	0	0	0	0	1777045274970
2391	4951	3282	1848	0	0	0	0	1777045276300
2382	4933	3376	1870	0	0	0	0	1777045277566
2356	4872	3447	1861	0	0	0	0	1777045278795
2331	4876	3489	1709	0	0	0	0	1777045280070
2427	0	3490	1698	0	0	0	0	1777045281176
2442	4818	3493	1710	0	0	0	0	1777045282241
2443	4780	3502	1733	0	0	0	0	1777045283468
2437	4724	3475	1738	0	0	0	0	1777045284714
2398	4705	3450	1739	0	0	0	0	1777045286033
2364	4675	3513	0	0	0	0	0	1777045287160
2380	4733	0	1792	0	0	0	0	1777045288525
2391	4857	3578	1601	0	0	0	0	1777045290161
2382	4881	3620	0	0	0	0	0	1777045291621
2365	4899	3641	1585	0	0	0	0	1777045292887
2340	4846	3589	1552	0	0	0	0	1777045294183
2350	4819	3536	1583	0	0	0	0	1777045295383
2368	4765	3485	0	0	0	0	0	1777045296638
2342	0	3493	1651	0	0	0	0	1777045297904
2319	4842	3504	1684	0	0	0	0	1777045299135
2305	4959	3465	1710	0	0	0	0	1777045300366
2318	5013	3455	0	0	0	0	0	1777045301425
2349	0	3456	1747	0	0	0	0	1777045302882
2377	5035	3358	1790	0	0	0	0	1777045304117
2386	5005	3318	1844	0	0	0	0	1777045305387
2383	4938	3381	1861	0	0	0	0	1777045306628
2351	4912	3446	1874	0	0	0	0	1777045308044
2330	4886	3495	1741	0	0	0	0	1777045309272
2391	4860	3498	1687	0	0	0	0	1777045310564
2441	4813	3486	0	0	0	0	0	1777045311666
2444	4773	3500	1703	0	0	0	0	1777045312666
2434	4716	3491	1728	0	0	0	0	1777045313887
2397	4694	3442	1739	0	0	0	0	1777045315172
2389	4637	3500	1730	0	0	0	0	1777045316649
2357	4725	0	1763	0	0	0	0	1777045317707
2379	4837	3571	1788	0	0	0	0	1777045318971
2379	4881	3623	1602	0	0	0	0	1777045320230
2360	4887	3632	1597	0	0	0	0	1777045321667
2349	4890	3640	1545	0	0	0	0	1777045323120
2334	4853	3535	1578	0	0	0	0	1777045324696
2360	4815	3479	0	0	0	0	0	1777045325874
2345	4758	3472	1601	0	0	0	0	1777045326887
2317	4820	3483	1650	0	0	0	0	1777045328119
2311	4931	3462	1683	0	0	0	0	1777045329556
2310	0	3453	1709	0	0	0	0	1777045330887
2333	4988	3442	1744	0	0	0	0	1777045331865
2370	5023	3372	1748	0	0	0	0	1777045333209
2380	4958	3302	1783	0	0	0	0	1777045334807
2380	4944	3360	1838	0	0	0	0	1777045336246
2360	4909	3437	1858	0	0	0	0	1777045337431
2332	4865	3486	1879	0	0	0	0	1777045338666
2360	4859	3469	1721	0	0	0	0	1777045339967
2431	4805	0	1687	0	0	0	0	1777045341119
2437	4752	3480	1695	0	0	0	0	1777045342144
2428	4722	3490	1724	0	0	0	0	1777045343547
2398	4678	3458	1742	0	0	0	0	1777045344638
2384	4607	3441	1734	0	0	0	0	1777045346097
2339	0	3478	1759	0	0	0	0	1777045347124
2367	4731	3558	1796	0	0	0	0	1777045348324
2374	4832	3601	1611	0	0	0	0	1777045350917
2361	4871	0	1601	0	0	0	0	1777045351464
2341	4874	3621	1545	0	0	0	0	1777045352625
2331	4820	3519	0	0	0	0	0	1777045354002
2351	4804	3475	1578	0	0	0	0	1777045355265
2340	4740	0	1603	0	0	0	0	1777045356354
2311	4791	3433	1648	0	0	0	0	1777045357541
2312	0	3466	1684	0	0	0	0	1777045359017
2292	4918	3454	1704	0	0	0	0	1777045360246
2314	4983	0	1739	0	0	0	0	1777045361374
2351	5009	3435	1746	0	0	0	0	1777045362558
2369	4944	3366	1773	0	0	0	0	1777045364236
2369	4918	3273	1827	0	0	0	0	1777045365567
2357	4869	3360	1852	0	0	0	0	1777045366799
2339	4830	3428	1885	0	0	0	0	1777045368054
2343	4845	3459	1734	0	0	0	0	1777045369316
2400	4786	3429	1693	0	0	0	0	1777045370548
2435	0	3436	1700	0	0	0	0	1777045371635
2430	4731	3468	1719	0	0	0	0	1777045372596
2396	4712	3469	1739	0	0	0	0	1777045373654
2380	4680	3425	1733	0	0	0	0	1777045374887
2376	4613	3475	1759	0	0	0	0	1777045376161
2335	4703	3549	1795	0	0	0	0	1777045377714
2367	4806	0	1652	0	0	0	0	1777045378986
2357	4857	3590	1596	0	0	0	0	1777045380543
2333	4849	3617	0	0	0	0	0	1777045382116
2326	4819	3569	1534	0	0	0	0	1777045383346
2335	4788	3507	1568	0	0	0	0	1777045384617
2324	0	3452	1595	0	0	0	0	1777045385843
2316	4737	3415	1634	0	0	0	0	1777045386875
2306	4766	3433	1675	0	0	0	0	1777045388056
2296	4906	3433	1700	0	0	0	0	1777045389327
2282	4969	3439	1739	0	0	0	0	1777045390553
2329	0	3424	1747	0	0	0	0	1777045391844
2357	5003	3386	1766	0	0	0	0	1777045393073
2365	4936	3286	1822	0	0	0	0	1777045394327
2354	4925	3338	1850	0	0	0	0	1777045395559
2342	4877	3413	1886	0	0	0	0	1777045396967
2317	4823	3454	1745	0	0	0	0	1777045398257
2380	4829	3432	1694	0	0	0	0	1777045399487
2414	4784	3436	1694	0	0	0	0	1777045400753
2425	4746	3459	1713	0	0	0	0	1777045402011
2399	4724	3462	0	0	0	0	0	1777045403109
2384	4664	3418	1734	0	0	0	0	1777045404338
2373	4598	3447	1733	0	0	0	0	1777045405645
2344	4673	0	1780	0	0	0	0	1777045407002
2360	4771	3535	0	0	0	0	0	1777045408357
2362	4824	3584	1646	0	0	0	0	1777045409636
2337	4841	3614	1615	0	0	0	0	1777045410874
2314	4812	3573	1538	0	0	0	0	1777045412250
2304	4809	3498	1569	0	0	0	0	1777045413553
2322	4790	3462	1592	0	0	0	0	1777045415192
2315	4741	3408	0	0	0	0	0	1777045416281
2304	4783	3428	1627	0	0	0	0	1777045417267
2295	4899	3427	1670	0	0	0	0	1777045418699
2277	0	3434	1733	0	0	0	0	1777045420213
2314	4970	3416	0	0	0	0	0	1777045421264
2343	5001	3368	1748	0	0	0	0	1777045422385
2358	4910	3270	1757	0	0	0	0	1777045423824
2351	4914	0	1850	0	0	0	0	1777045425210
2328	4872	3393	0	0	0	0	0	1777045426520
2318	4811	3428	1875	0	0	0	0	1777045427752
2345	4814	3425	1754	0	0	0	0	1777045428999
2394	4770	3428	1696	0	0	0	0	1777045430270
2418	4724	3434	1687	0	0	0	0	1777045431504
2394	4716	0	1708	0	0	0	0	1777045432600
2385	4646	3442	1736	0	0	0	0	1777045433847
2368	4592	3408	1736	0	0	0	0	1777045435226
2324	0	3441	1745	0	0	0	0	1777045436521
2342	4701	3530	1785	0	0	0	0	1777045437750
2354	4785	3574	1646	0	0	0	0	1777045438984
2342	4836	3606	1600	0	0	0	0	1777045440383
2309	4818	0	1538	0	0	0	0	1777045441614
2292	4818	3586	1564	0	0	0	0	1777045443108
2314	4772	3451	0	0	0	0	0	1777045444439
2323	4733	3417	1588	0	0	0	0	1777045445675
2308	4768	0	1622	0	0	0	0	1777045446760
2295	0	3415	1664	0	0	0	0	1777045448189
2271	4888	3429	1692	0	0	0	0	1777045449424
2273	4957	3402	1725	0	0	0	0	1777045450668
2326	4990	0	1746	0	0	0	0	1777045451815
2351	4889	3375	1756	0	0	0	0	1777045453412
2352	0	3261	1852	0	0	0	0	1777045454861
2326	4862	3304	0	0	0	0	0	1777045456094
2318	4792	3374	1871	0	0	0	0	1777045457348
2324	4795	3416	1790	0	0	0	0	1777045458609
2381	4770	3424	1706	0	0	0	0	1777045459862
2404	0	3425	1682	0	0	0	0	1777045461010
2399	4722	3431	1701	0	0	0	0	1777045462019
2382	4700	3435	1731	0	0	0	0	1777045463013
2370	4646	3410	1727	0	0	0	0	1777045464038
2340	4591	3444	1742	0	0	0	0	1777045465146
2327	4667	3526	1774	0	0	0	0	1777045466846
2352	4749	0	1694	0	0	0	0	1777045468440
2341	4797	3558	1605	0	0	0	0	1777045470634
2316	4827	3593	1552	0	0	0	0	1777045471130
2289	4786	3550	1569	0	0	0	0	1777045472680
2300	4776	3453	0	0	0	0	0	1777045473970
2314	4716	3439	1591	0	0	0	0	1777045475218
2303	0	3421	1621	0	0	0	0	1777045476286
2288	4757	3398	1664	0	0	0	0	1777045477278
2273	4889	3376	1689	0	0	0	0	1777045478312
2262	4956	3400	1723	0	0	0	0	1777045479947
2309	0	3388	1742	0	0	0	0	1777045481303
2335	4968	3366	1751	0	0	0	0	1777045482534
2345	4906	3270	1807	0	0	0	0	1777045483765
2331	4885	3312	1846	0	0	0	0	1777045484997
2300	4845	3365	1878	0	0	0	0	1777045486257
2279	4808	3393	1777	0	0	0	0	1777045487513
2340	4751	3409	1698	0	0	0	0	1777045488547
2376	4735	3407	1683	0	0	0	0	1777045489778
2390	4708	3407	1709	0	0	0	0	1777045491031
2391	4685	3408	1736	0	0	0	0	1777045492269
2378	4656	3394	1731	0	0	0	0	1777045493556
2337	4580	0	1739	0	0	0	0	1777045494787
2329	4671	3436	1773	0	0	0	0	1777045496190
2325	4751	3517	1672	0	0	0	0	1777045497446
2337	4806	3552	1612	0	0	0	0	1777045499082
2323	4828	3586	0	0	0	0	0	1777045500353
2298	4779	3562	1543	0	0	0	0	1777045501617
