854	749	785	2060	0	0	0	0	1781540220772
817	710	709	2063	0	0	0	0	1781540222204
817	720	748	2053	0	0	0	0	1781540223648
829	0	704	2010	0	0	0	0	1781540224970
801	744	739	0	0	0	0	0	1781540226338
816	732	0	2021	0	0	0	0	1781540227532
822	0	738	2019	0	0	0	0	1781540228869
823	720	765	2027	0	0	0	0	1781540230298
826	724	680	0	0	0	0	0	1781540231655
815	726	0	2034	0	0	0	0	1781540233055
818	0	702	2021	0	0	0	0	1781540234320
826	705	727	2012	0	0	0	0	1781540235623
811	728	713	0	0	0	0	0	1781540238179
789	723	0	2028	0	0	0	0	1781540238799
813	728	713	2025	0	0	0	0	1781540239500
820	683	718	2036	0	0	0	0	1781540240566
799	703	732	2039	0	0	0	0	1781540241758
813	688	753	2011	0	0	0	0	1781540242894
828	689	759	2027	0	0	0	0	1781540244253
782	693	701	2029	0	0	0	0	1781540245545
802	716	711	2031	0	0	0	0	1781540246915
810	705	729	2040	0	0	0	0	1781540248121
810	0	740	2012	0	0	0	0	1781540249548
814	694	757	1964	0	0	0	0	1781540250973
806	718	701	0	0	0	0	0	1781540252342
826	707	719	1994	0	0	0	0	1781540253643
809	720	0	2010	0	0	0	0	1781540255184
822	736	737	2046	0	0	0	0	1781540256411
791	697	748	2013	0	0	0	0	1781540257743
806	706	721	1934	0	0	0	0	1781540259073
813	716	727	1985	0	0	0	0	1781540260432
823	0	732	2004	0	0	0	0	1781540261660
806	718	706	2042	0	0	0	0	1781540262858
805	727	729	2037	0	0	0	0	1781540263914
815	686	719	1965	0	0	0	0	1781540265003
809	700	729	1987	0	0	0	0	1781540266477
817	718	746	1998	0	0	0	0	1781540267875
794	724	761	2034	0	0	0	0	1781540269107
809	722	759	2038	0	0	0	0	1781540270445
786	709	688	0	0	0	0	0	1781540271708
806	719	703	1968	0	0	0	0	1781540273028
815	720	732	1993	0	0	0	0	1781540274326
793	703	742	2042	0	0	0	0	1781540275749
804	717	713	2027	0	0	0	0	1781540277020
790	668	0	2033	0	0	0	0	1781540278424
809	683	721	2035	0	0	0	0	1781540279646
823	701	725	1999	0	0	0	0	1781540280912
797	712	747	2013	0	0	0	0	1781540282212
806	699	769	2016	0	0	0	0	1781540283554
817	695	663	2022	0	0	0	0	1781540284974
800	0	690	2026	0	0	0	0	1781540286302
807	706	736	2052	0	0	0	0	1781540287363
794	718	683	2020	0	0	0	0	1781540288458
817	689	732	1997	0	0	0	0	1781540289578
815	692	735	1974	0	0	0	0	1781540290811
795	712	688	2035	0	0	0	0	1781540292251
811	691	735	1975	0	0	0	0	1781540293609
809	704	710	1983	0	0	0	0	1781540295012
818	712	736	0	0	0	0	0	1781540296275
793	686	701	2004	0	0	0	0	1781540297572
806	698	721	1971	0	0	0	0	1781540298935
782	704	738	2033	0	0	0	0	1781540300440
802	718	0	2000	0	0	0	0	1781540301773
795	696	700	2005	0	0	0	0	1781540302999
809	694	725	2007	0	0	0	0	1781540304226
819	695	733	2016	0	0	0	0	1781540305662
784	704	749	2032	0	0	0	0	1781540307020
798	709	748	2011	0	0	0	0	1781540308223
803	0	696	2026	0	0	0	0	1781540309585
808	723	724	2033	0	0	0	0	1781540310775
809	704	725	2017	0	0	0	0	1781540311912
817	689	747	2060	0	0	0	0	1781540313029
792	704	701	1937	0	0	0	0	1781540314157
785	710	738	1968	0	0	0	0	1781540315523
811	717	723	2002	0	0	0	0	1781540316859
800	698	733	2035	0	0	0	0	1781540318086
800	683	744	2034	0	0	0	0	1781540319591
789	703	699	0	0	0	0	0	1781540320848
789	700	752	1962	0	0	0	0	1781540322142
809	712	728	1968	0	0	0	0	1781540323475
796	689	742	2026	0	0	0	0	1781540324806
802	693	734	2018	0	0	0	0	1781540326142
773	688	0	2025	0	0	0	0	1781540327404
789	702	706	1952	0	0	0	0	1781540328805
795	704	715	1968	0	0	0	0	1781540330145
797	0	755	1994	0	0	0	0	1781540331467
804	694	675	2003	0	0	0	0	1781540332855
796	678	0	2025	0	0	0	0	1781540334061
812	690	706	1987	0	0	0	0	1781540335290
811	709	721	2000	0	0	0	0	1781540336381
785	700	748	2040	0	0	0	0	1781540337505
803	689	767	2065	0	0	0	0	1781540338768
805	709	666	1952	0	0	0	0	1781540340186
791	665	689	1990	0	0	0	0	1781540341635
813	675	715	2003	0	0	0	0	1781540342864
791	700	736	0	0	0	0	0	1781540344152
809	699	737	2008	0	0	0	0	1781540345289
764	701	743	2034	0	0	0	0	1781540346735
791	685	722	1988	0	0	0	0	1781540348044
784	702	750	1997	0	0	0	0	1781540349386
795	710	695	2019	0	0	0	0	1781540350614
802	0	717	2015	0	0	0	0	1781540351977
808	697	721	2031	0	0	0	0	1781540353179
794	648	732	2042	0	0	0	0	1781540354703
793	679	740	1999	0	0	0	0	1781540356143
815	692	734	2014	0	0	0	0	1781540357404
799	691	0	1964	0	0	0	0	1781540358602
802	714	727	1990	0	0	0	0	1781540359728
767	688	743	2015	0	0	0	0	1781540360957
785	695	739	1993	0	0	0	0	1781540362391
795	698	761	2024	0	0	0	0	1781540363756
775	704	686	1993	0	0	0	0	1781540365060
769	704	709	0	0	0	0	0	1781540366388
781	666	729	2011	0	0	0	0	1781540367408
799	677	721	2020	0	0	0	0	1781540368743
774	694	719	1973	0	0	0	0	1781540370065
793	704	737	2009	0	0	0	0	1781540371260
802	701	729	1987	0	0	0	0	1781540372765
808	0	741	2002	0	0	0	0	1781540374066
787	706	749	2017	0	0	0	0	1781540375196
785	714	704	2015	0	0	0	0	1781540376577
807	717	713	2022	0	0	0	0	1781540377854
780	696	728	2008	0	0	0	0	1781540379221
785	690	749	2032	0	0	0	0	1781540380447
803	696	0	2030	0	0	0	0	1781540381905
779	699	696	1958	0	0	0	0	1781540383039
804	708	707	1992	0	0	0	0	1781540384467
780	723	726	1995	0	0	0	0	1781540385841
793	686	742	1965	0	0	0	0	1781540387268
783	693	707	0	0	0	0	0	1781540388538
793	700	743	1993	0	0	0	0	1781540389732
779	715	721	2023	0	0	0	0	1781540390788
800	697	733	1991	0	0	0	0	1781540391981
801	697	737	1992	0	0	0	0	1781540393414
786	675	686	1993	0	0	0	0	1781540394868
797	692	722	2041	0	0	0	0	1781540396240
776	0	670	2028	0	0	0	0	1781540397445
803	705	702	1990	0	0	0	0	1781540398547
788	723	726	1981	0	0	0	0	1781540399901
793	683	741	1959	0	0	0	0	1781540401334
794	648	685	2012	0	0	0	0	1781540402768
788	679	0	2014	0	0	0	0	1781540404068
794	697	696	2014	0	0	0	0	1781540405126
773	701	715	1992	0	0	0	0	1781540406321
793	701	732	2006	0	0	0	0	1781540407751
793	683	680	2038	0	0	0	0	1781540409144
785	702	702	1947	0	0	0	0	1781540411757
771	672	726	0	0	0	0	0	1781540412574
786	701	747	1977	0	0	0	0	1781540413420
789	686	676	1984	0	0	0	0	1781540414036
772	697	717	2004	0	0	0	0	1781540415338
794	663	719	2037	0	0	0	0	1781540416563
804	693	721	1916	0	0	0	0	1781540417923
763	697	740	1952	0	0	0	0	1781540419222
782	682	748	1975	0	0	0	0	1781540420658
748	0	685	1987	0	0	0	0	1781540421988
772	690	702	1991	0	0	0	0	1781540423426
789	708	715	1925	0	0	0	0	1781540424746
775	708	739	1963	0	0	0	0	1781540426088
791	703	733	1989	0	0	0	0	1781540427317
744	683	0	2030	0	0	0	0	1781540428541
768	684	688	2014	0	0	0	0	1781540429839
783	696	728	1925	0	0	0	0	1781540431303
770	700	688	1942	0	0	0	0	1781540432630
796	677	726	1985	0	0	0	0	1781540433920
760	681	733	0	0	0	0	0	1781540435198
776	705	650	2036	0	0	0	0	1781540436318
777	701	705	1913	0	0	0	0	1781540437449
786	705	705	1948	0	0	0	0	1781540438679
792	685	734	1978	0	0	0	0	1781540440111
774	693	697	1999	0	0	0	0	1781540441540
782	0	717	2036	0	0	0	0	1781540442975
770	695	726	1913	0	0	0	0	1781540444060
794	674	705	1947	0	0	0	0	1781540445264
769	695	727	1976	0	0	0	0	1781540446494
787	701	733	2015	0	0	0	0	1781540447847
769	683	742	2025	0	0	0	0	1781540449226
774	695	743	1952	0	0	0	0	1781540450695
766	710	0	1958	0	0	0	0	1781540451884
785	704	715	1996	0	0	0	0	1781540453015
796	691	734	1985	0	0	0	0	1781540454379
775	708	705	2013	0	0	0	0	1781540455881
785	715	711	1956	0	0	0	0	1781540457316
778	691	714	0	0	0	0	0	1781540458550
802	708	697	1966	0	0	0	0	1781540459602
770	710	724	2015	0	0	0	0	1781540460695
768	679	725	1960	0	0	0	0	1781540462021
781	679	737	1934	0	0	0	0	1781540463464
784	696	743	1969	0	0	0	0	1781540464790
770	707	684	1952	0	0	0	0	1781540466056
796	714	694	1999	0	0	0	0	1781540467349
788	0	716	1958	0	0	0	0	1781540468586
779	663	747	1937	0	0	0	0	1781540469910
771	672	676	1964	0	0	0	0	1781540471172
783	686	700	1994	0	0	0	0	1781540472665
772	706	716	1991	0	0	0	0	1781540474008
784	664	0	1978	0	0	0	0	1781540475238
756	673	732	1946	0	0	0	0	1781540476325
776	686	685	2007	0	0	0	0	1781540477697
776	694	719	2005	0	0	0	0	1781540479057
757	710	712	1978	0	0	0	0	1781540480355
787	680	719	1995	0	0	0	0	1781540481719
773	659	728	0	0	0	0	0	1781540482947
779	664	686	1999	0	0	0	0	1781540484074
765	695	716	1976	0	0	0	0	1781540485371
769	681	711	1986	0	0	0	0	1781540486609
790	695	726	1997	0	0	0	0	1781540488037
766	682	738	1998	0	0	0	0	1781540489528
779	0	678	2010	0	0	0	0	1781540490755
779	682	703	2036	0	0	0	0	1781540491985
756	679	711	1994	0	0	0	0	1781540493193
785	702	731	2003	0	0	0	0	1781540494582
777	689	703	1919	0	0	0	0	1781540495977
768	666	733	1954	0	0	0	0	1781540497212
774	679	0	2006	0	0	0	0	1781540498686
786	701	722	1990	0	0	0	0	1781540499811
756	695	714	1995	0	0	0	0	1781540501146
777	692	725	2002	0	0	0	0	1781540502507
780	696	713	2017	0	0	0	0	1781540503968
763	696	716	0	0	0	0	0	1781540505332
778	704	724	1988	0	0	0	0	1781540506473
759	713	727	1984	0	0	0	0	1781540507625
776	683	746	1985	0	0	0	0	1781540508713
784	667	664	1997	0	0	0	0	1781540510151
729	686	690	2027	0	0	0	0	1781540511576
752	662	704	1962	0	0	0	0	1781540512810
775	692	730	1919	0	0	0	0	1781540515287
797	0	702	1952	0	0	0	0	1781540515680
766	692	717	1979	0	0	0	0	1781540516503
763	689	720	1981	0	0	0	0	1781540517833
775	681	725	2013	0	0	0	0	1781540519268
