972	558	1221	1569	0	0	0	0	1775917696009
959	543	1223	1578	0	0	0	0	1775917697240
965	566	1179	1574	0	0	0	0	1775917698570
961	573	1167	1582	0	0	0	0	1775917699998
970	556	0	1560	0	0	0	0	1775917701507
969	565	1194	1562	0	0	0	0	1775917702755
969	565	1212	1590	0	0	0	0	1775917704096
953	0	1201	1597	0	0	0	0	1775917705505
959	569	0	1602	0	0	0	0	1775917706831
960	569	1163	1605	0	0	0	0	1775917708186
965	588	1193	1582	0	0	0	0	1775917709518
966	562	1199	1585	0	0	0	0	1775917710748
941	554	1214	1595	0	0	0	0	1775917712120
956	562	1193	0	0	0	0	0	1775917713417
960	581	1196	1597	0	0	0	0	1775917714508
967	584	1199	1563	0	0	0	0	1775917715662
948	538	1199	1581	0	0	0	0	1775917716725
956	553	1199	1583	0	0	0	0	1775917717889
954	561	1203	1542	0	0	0	0	1775917719246
948	558	1191	1559	0	0	0	0	1775917720759
953	552	1203	1567	0	0	0	0	1775917722187
958	560	0	1576	0	0	0	0	1775917723416
961	565	1209	1556	0	0	0	0	1775917724754
959	0	1173	1574	0	0	0	0	1775917726111
948	565	1178	1559	0	0	0	0	1775917727437
955	555	1190	1571	0	0	0	0	1775917728846
957	560	0	1573	0	0	0	0	1775917730076
965	545	1210	1567	0	0	0	0	1775917731405
953	549	1203	1571	0	0	0	0	1775917732803
955	558	1188	1554	0	0	0	0	1775917734231
954	559	1194	0	0	0	0	0	1775917735730
956	561	1205	1576	0	0	0	0	1775917736794
961	558	1215	1582	0	0	0	0	1775917737886
965	565	1225	1535	0	0	0	0	1775917739045
940	574	1210	1541	0	0	0	0	1775917740145
947	550	1209	1529	0	0	0	0	1775917741438
947	553	1202	1561	0	0	0	0	1775917742860
954	569	1217	1584	0	0	0	0	1775917744391
953	566	0	1577	0	0	0	0	1775917745640
958	540	1203	1586	0	0	0	0	1775917746864
955	564	1190	1533	0	0	0	0	1775917748297
956	566	1201	1559	0	0	0	0	1775917749596
959	568	1205	1575	0	0	0	0	1775917750960
952	0	1216	1548	0	0	0	0	1775917752297
952	568	1218	1561	0	0	0	0	1775917753452
954	558	1194	1573	0	0	0	0	1775917754956
958	559	1207	1577	0	0	0	0	1775917756393
941	574	1204	1583	0	0	0	0	1775917757685
944	571	1207	0	0	0	0	0	1775917758981
947	573	1210	1553	0	0	0	0	1775917760141
955	552	1196	1556	0	0	0	0	1775917761204
959	564	1195	1562	0	0	0	0	1775917762290
950	565	1206	1576	0	0	0	0	1775917763520
954	569	1224	1579	0	0	0	0	1775917764950
939	565	1195	1553	0	0	0	0	1775917766388
946	566	1169	1540	0	0	0	0	1775917767608
954	574	0	1565	0	0	0	0	1775917769048
954	549	1184	1566	0	0	0	0	1775917770386
950	558	1200	1545	0	0	0	0	1775917771611
943	559	1205	1538	0	0	0	0	1775917772963
946	562	1195	1542	0	0	0	0	1775917774401
949	568	1212	0	0	0	0	0	1775917775708
955	569	1199	1552	0	0	0	0	1775917777079
942	569	1199	1564	0	0	0	0	1775917778350
947	568	1214	1543	0	0	0	0	1775917779700
944	572	1210	1557	0	0	0	0	1775917781138
944	0	1203	1534	0	0	0	0	1775917782358
948	534	1211	1550	0	0	0	0	1775917783449
949	552	1203	1566	0	0	0	0	1775917784590
953	553	1210	1543	0	0	0	0	1775917785700
939	560	1210	1546	0	0	0	0	1775917787002
935	572	1188	1537	0	0	0	0	1775917788198
937	567	1194	1555	0	0	0	0	1775917789630
947	575	1207	1562	0	0	0	0	1775917791062
947	566	0	1544	0	0	0	0	1775917792359
947	566	1217	1538	0	0	0	0	1775917793519
941	570	1215	1559	0	0	0	0	1775917794819
943	567	1189	1563	0	0	0	0	1775917796248
948	558	1190	1537	0	0	0	0	1775917797539
957	573	1197	1540	0	0	0	0	1775917798877
945	554	1189	0	0	0	0	0	1775917800244
942	560	1196	1545	0	0	0	0	1775917801553
944	549	1165	1547	0	0	0	0	1775917803021
950	558	1183	1552	0	0	0	0	1775917804403
955	565	1189	1569	0	0	0	0	1775917805607
952	0	1189	1551	0	0	0	0	1775917806901
944	568	1192	1540	0	0	0	0	1775917808062
935	568	1180	1559	0	0	0	0	1775917809220
940	559	1186	1558	0	0	0	0	1775917810315
948	575	1199	1542	0	0	0	0	1775917811683
948	563	1190	1544	0	0	0	0	1775917812913
949	554	1196	1559	0	0	0	0	1775917814242
951	561	1180	1553	0	0	0	0	1775917815539
925	557	1165	1558	0	0	0	0	1775917816932
944	559	0	1551	0	0	0	0	1775917818063
945	556	1192	1566	0	0	0	0	1775917819426
946	565	1202	1544	0	0	0	0	1775917820721
942	572	1156	1540	0	0	0	0	1775917822156
951	0	1170	1526	0	0	0	0	1775917823562
937	585	1187	0	0	0	0	0	1775917824931
944	0	1190	1550	0	0	0	0	1775917826156
938	573	1201	1532	0	0	0	0	1775917827518
944	569	1191	1528	0	0	0	0	1775917828811
944	570	1161	0	0	0	0	0	1775917830246
946	568	1182	1542	0	0	0	0	1775917831310
948	546	1183	1549	0	0	0	0	1775917832410
942	555	1185	1554	0	0	0	0	1775917833564
944	560	1165	1530	0	0	0	0	1775917834658
944	545	1178	1535	0	0	0	0	1775917835813
936	553	1164	1533	0	0	0	0	1775917837318
943	562	1192	1551	0	0	0	0	1775917838677
930	555	1201	1544	0	0	0	0	1775917840014
938	540	0	1542	0	0	0	0	1775917841315
932	0	1158	1527	0	0	0	0	1775917842602
937	552	1172	0	0	0	0	0	1775917844107
941	560	1176	1541	0	0	0	0	1775917845399
944	563	1185	1555	0	0	0	0	1775917846834
941	560	0	1549	0	0	0	0	1775917848201
938	561	1194	1551	0	0	0	0	1775917849395
941	576	1150	1534	0	0	0	0	1775917850836
943	548	1168	1516	0	0	0	0	1775917852198
947	557	1173	1547	0	0	0	0	1775917853496
929	0	1185	1530	0	0	0	0	1775917854718
936	557	1190	1521	0	0	0	0	1775917855814
931	552	1162	1526	0	0	0	0	1775917856903
937	561	1171	1529	0	0	0	0	1775917857994
943	561	1182	1549	0	0	0	0	1775917859265
936	556	1196	1530	0	0	0	0	1775917861802
930	564	1197	1532	0	0	0	0	1775917862230
937	564	1180	1527	0	0	0	0	1775917863367
931	565	1189	0	0	0	0	0	1775917864653
941	565	1196	1541	0	0	0	0	1775917865952
941	565	1187	1543	0	0	0	0	1775917867155
937	565	1162	1543	0	0	0	0	1775917868513
938	570	1173	1527	0	0	0	0	1775917870021
917	0	1177	1529	0	0	0	0	1775917871375
932	565	1179	1542	0	0	0	0	1775917872597
940	571	0	1566	0	0	0	0	1775917874015
931	558	1187	1527	0	0	0	0	1775917875325
935	0	1178	1525	0	0	0	0	1775917876673
936	561	1184	1525	0	0	0	0	1775917878028
936	562	0	1548	0	0	0	0	1775917879191
936	575	1195	1553	0	0	0	0	1775917880297
939	573	1199	1542	0	0	0	0	1775917881373
940	572	1173	1543	0	0	0	0	1775917882597
929	546	1175	1538	0	0	0	0	1775917883948
933	550	1176	1538	0	0	0	0	1775917885377
936	564	1183	1498	0	0	0	0	1775917886668
943	562	1197	0	0	0	0	0	1775917888035
938	558	1191	1517	0	0	0	0	1775917889126
940	563	1173	1526	0	0	0	0	1775917890561
937	542	1176	1530	0	0	0	0	1775917892056
933	549	1160	1534	0	0	0	0	1775917893296
936	537	1181	1526	0	0	0	0	1775917894626
941	0	1184	1530	0	0	0	0	1775917895923
938	553	1184	1512	0	0	0	0	1775917897290
927	576	1184	1533	0	0	0	0	1775917898726
935	565	1184	1539	0	0	0	0	1775917900158
928	565	0	1540	0	0	0	0	1775917901310
936	560	1193	1543	0	0	0	0	1775917902372
935	565	1176	1498	0	0	0	0	1775917903543
928	548	1150	1526	0	0	0	0	1775917904624
938	555	1154	1531	0	0	0	0	1775917906058
933	545	1165	1502	0	0	0	0	1775917907351
936	549	1179	1514	0	0	0	0	1775917908720
933	558	1179	1517	0	0	0	0	1775917909922
923	560	1140	0	0	0	0	0	1775917911285
932	571	1141	1537	0	0	0	0	1775917912518
935	560	1158	1541	0	0	0	0	1775917914007
924	561	1177	1547	0	0	0	0	1775917915446
926	564	1167	1528	0	0	0	0	1775917916808
930	560	0	1518	0	0	0	0	1775917918032
933	570	1164	1524	0	0	0	0	1775917919438
934	555	1141	1525	0	0	0	0	1775917920804
918	565	1160	1526	0	0	0	0	1775917922123
923	544	1181	1528	0	0	0	0	1775917923473
925	0	1181	1529	0	0	0	0	1775917924697
927	551	1183	1540	0	0	0	0	1775917925798
929	566	1161	1517	0	0	0	0	1775917926876
933	566	1169	1518	0	0	0	0	1775917928239
922	569	1175	1525	0	0	0	0	1775917929469
928	560	1178	1525	0	0	0	0	1775917930804
929	549	1111	1498	0	0	0	0	1775917932305
931	552	1136	0	0	0	0	0	1775917933603
932	559	1153	1507	0	0	0	0	1775917934692
925	563	1173	1526	0	0	0	0	1775917936034
919	565	1182	1537	0	0	0	0	1775917937396
928	570	1118	1518	0	0	0	0	1775917938627
927	571	1137	1526	0	0	0	0	1775917940053
931	557	0	1521	0	0	0	0	1775917941350
931	566	1164	1537	0	0	0	0	1775917942650
933	577	1167	1530	0	0	0	0	1775917943882
936	579	1172	1535	0	0	0	0	1775917945387
931	571	1139	1527	0	0	0	0	1775917946801
929	0	1151	1496	0	0	0	0	1775917947939
930	566	1178	1519	0	0	0	0	1775917949110
926	564	1156	1511	0	0	0	0	1775917950185
930	566	1166	1524	0	0	0	0	1775917951286
932	577	1145	1514	0	0	0	0	1775917952638
911	566	1154	1519	0	0	0	0	1775917954059
914	559	1170	1496	0	0	0	0	1775917955439
925	566	1179	1506	0	0	0	0	1775917956734
929	554	1133	0	0	0	0	0	1775917958003
920	559	1150	1519	0	0	0	0	1775917959372
925	562	1160	1514	0	0	0	0	1775917960742
909	566	1176	1513	0	0	0	0	1775917962236
924	569	0	1523	0	0	0	0	1775917963528
929	572	1171	1529	0	0	0	0	1775917964662
912	548	1152	1529	0	0	0	0	1775917965825
925	551	1155	1506	0	0	0	0	1775917967322
911	556	1163	1519	0	0	0	0	1775917968551
916	547	1172	1509	0	0	0	0	1775917969917
926	0	1181	1518	0	0	0	0	1775917971279
923	554	1150	1522	0	0	0	0	1775917972446
933	550	1153	1523	0	0	0	0	1775917973532
925	556	1155	1531	0	0	0	0	1775917974746
919	559	1161	1524	0	0	0	0	1775917976166
922	563	1169	1534	0	0	0	0	1775917977397
926	564	1144	1521	0	0	0	0	1775917978761
919	563	0	1512	0	0	0	0	1775917980111
925	571	1153	1516	0	0	0	0	1775917981389
916	561	1158	1486	0	0	0	0	1775917982779
919	551	1161	1512	0	0	0	0	1775917984049
928	567	1177	1501	0	0	0	0	1775917985414
928	578	1137	0	0	0	0	0	1775917986849
917	580	1158	1509	0	0	0	0	1775917987939
921	563	1166	1512	0	0	0	0	1775917989072
924	565	1179	1495	0	0	0	0	1775917990435
926	566	1181	1516	0	0	0	0	1775917991807
926	567	1140	1513	0	0	0	0	1775917993243
921	584	1151	1496	0	0	0	0	1775917994596
