1082	738	1101	1382	0	0	0	0	1782503412832
1047	0	1092	1342	0	0	0	0	1782503414676
1080	745	1075	1293	0	0	0	0	1782503415803
1121	749	1102	1297	0	0	0	0	1782503417144
1133	781	1105	1339	0	0	0	0	1782503418145
1096	752	1109	1342	0	0	0	0	1782503419157
1087	774	1125	1336	0	0	0	0	1782503420161
1105	773	1079	1353	0	0	0	0	1782503421163
1125	771	1108	1318	0	0	0	0	1782503422161
1102	769	1112	1321	0	0	0	0	1782503423175
1088	771	1116	1323	0	0	0	0	1782503424193
1109	776	1089	1301	0	0	0	0	1782503425195
1097	774	1097	1331	0	0	0	0	1782503426209
1109	765	1127	1354	0	0	0	0	1782503427205
1095	747	1111	1324	0	0	0	0	1782503428220
1091	768	1076	1353	0	0	0	0	1782503429227
1126	757	1078	1352	0	0	0	0	1782503430240
1109	755	1097	1303	0	0	0	0	1782503431237
1084	746	1111	1343	0	0	0	0	1782503432236
1098	770	1105	1339	0	0	0	0	1782503433243
1120	749	1120	1354	0	0	0	0	1782503434236
1094	777	1118	1347	0	0	0	0	1782503435242
1128	766	1088	1321	0	0	0	0	1782503436241
1107	751	1097	1343	0	0	0	0	1782503437243
1098	745	1112	1309	0	0	0	0	1782503438257
1133	746	1112	1348	0	0	0	0	1782503439252
1082	746	1100	1327	0	0	0	0	1782503440251
1106	755	1108	1322	0	0	0	0	1782503441252
1107	780	1103	1319	0	0	0	0	1782503442251
1104	759	1113	1295	0	0	0	0	1782503443258
1109	746	1114	1302	0	0	0	0	1782503444273
1112	762	1091	1298	0	0	0	0	1782503445271
1127	778	1084	1293	0	0	0	0	1782503446268
1090	752	1120	1305	0	0	0	0	1782503448689
1133	759	1092	1315	0	0	0	0	1782503449691
1115	772	1077	1355	0	0	0	0	1782503450699
1119	750	1102	1331	0	0	0	0	1782503451691
1083	781	1115	1302	0	0	0	0	1782503452700
1093	748	1109	1308	0	0	0	0	1782503453689
1121	774	1113	1323	0	0	0	0	1782503454689
1109	759	1084	1343	0	0	0	0	1782503455690
1100	751	1111	1341	0	0	0	0	1782503456702
1116	776	1075	1348	0	0	0	0	1782503457691
1102	777	1086	1350	0	0	0	0	1782503458705
1082	753	1110	1302	0	0	0	0	1782503459707
1118	749	1084	1345	0	0	0	0	1782503460705
1112	776	1113	1314	0	0	0	0	1782503461707
1104	745	1080	1329	0	0	0	0	1782503462720
1099	780	1075	1308	0	0	0	0	1782503463723
1092	748	1085	1305	0	0	0	0	1782503464734
1117	768	1093	1338	0	0	0	0	1782503465720
1104	769	1127	1346	0	0	0	0	1782503466721
1080	776	1098	1335	0	0	0	0	1782503467723
1133	776	1089	1336	0	0	0	0	1782503468721
1106	777	1111	1297	0	0	0	0	1782503469723
1090	745	1098	1293	0	0	0	0	1782503470733
1092	757	1118	1355	0	0	0	0	1782503471722
1089	769	1094	1300	0	0	0	0	1782503472721
1093	778	1080	1324	0	0	0	0	1782503473723
1130	748	1124	1319	0	0	0	0	1782503474722
1086	746	1086	1342	0	0	0	0	1782503475719
1121	749	1100	1314	0	0	0	0	1782503476721
1086	761	1116	1297	0	0	0	0	1782503477721
1124	763	1086	1318	0	0	0	0	1782503478720
1100	757	1121	1333	0	0	0	0	1782503479723
1120	749	1112	1303	0	0	0	0	1782503480722
1106	746	1104	1347	0	0	0	0	1782503481723
1090	747	1082	1310	0	0	0	0	1782503482721
1087	759	1122	1301	0	0	0	0	1782503483723
1091	775	1115	1320	0	0	0	0	1782503484721
1111	746	1081	1353	0	0	0	0	1782503485745
1108	751	1115	1317	0	0	0	0	1782503486737
1088	776	1090	1346	0	0	0	0	1782503487739
1121	781	1120	1354	0	0	0	0	1782503488752
1107	777	1095	1318	0	0	0	0	1782503489755
1124	781	1080	1295	0	0	0	0	1782503490763
1131	748	1102	1313	0	0	0	0	1782503491755
1091	753	1091	1330	0	0	0	0	1782503492753
1130	772	1111	1313	0	0	0	0	1782503493755
1121	755	1117	1330	0	0	0	0	1782503494769
1123	748	1116	1305	0	0	0	0	1782503495767
1090	761	1102	1300	0	0	0	0	1782503496785
1105	767	1120	1342	0	0	0	0	1782503497787
1111	755	1119	1314	0	0	0	0	1782503498783
1111	778	1086	1293	0	0	0	0	1782503499787
1124	755	1077	1319	0	0	0	0	1782503500801
1115	764	1116	1346	0	0	0	0	1782503501820
1130	770	1084	1332	0	0	0	0	1782503502813
1127	754	1096	1314	0	0	0	0	1782503503814
1128	749	1105	1310	0	0	0	0	1782503504828
1127	751	1094	1331	0	0	0	0	1782503505819
1128	755	1079	1341	0	0	0	0	1782503506817
1110	765	1102	1342	0	0	0	0	1782503507819
1107	771	1118	1327	0	0	0	0	1782503508817
1082	759	1079	1300	0	0	0	0	1782503509820
1107	752	1100	1299	0	0	0	0	1782503510829
1127	748	1117	1350	0	0	0	0	1782503511831
1126	758	1123	1295	0	0	0	0	1782503512848
1129	771	1119	1324	0	0	0	0	1782503513851
1130	781	1105	1355	0	0	0	0	1782503514865
1106	780	1100	1311	0	0	0	0	1782503515868
1098	776	1089	1331	0	0	0	0	1782503516865
1115	774	1120	1342	0	0	0	0	1782503517862
1087	751	1089	1337	0	0	0	0	1782503518881
1100	781	1103	1325	0	0	0	0	1782503519883
1133	750	1107	1296	0	0	0	0	1782503520897
1097	780	1081	1297	0	0	0	0	1782503521898
1087	747	1098	1330	0	0	0	0	1782503522913
1087	760	1090	1302	0	0	0	0	1782503523931
1125	752	1087	1307	0	0	0	0	1782503524926
1130	766	1101	1321	0	0	0	0	1782503525931
1097	780	1122	1355	0	0	0	0	1782503526923
1094	759	1098	1342	0	0	0	0	1782503527931
1081	753	1103	1352	0	0	0	0	1782503528923
1129	752	1109	1355	0	0	0	0	1782503529928
1129	761	1110	1306	0	0	0	0	1782503530924
1088	757	1102	1355	0	0	0	0	1782503531992
1117	752	1089	1294	0	0	0	0	1782503532923
1117	773	1086	1341	0	0	0	0	1782503533931
1085	772	1119	1332	0	0	0	0	1782503534923
1090	747	1075	1314	0	0	0	0	1782503535925
1120	747	1111	1312	0	0	0	0	1782503536936
1081	748	1084	1346	0	0	0	0	1782503537931
1132	774	1119	1324	0	0	0	0	1782503538923
1119	752	1103	1320	0	0	0	0	1782503539931
1093	779	1111	1333	0	0	0	0	1782503540923
1124	759	1092	1313	0	0	0	0	1782503541923
1091	760	1094	1306	0	0	0	0	1782503542923
1102	754	1076	1345	0	0	0	0	1782503543931
1088	758	1095	1344	0	0	0	0	1782503544924
1119	762	1081	1309	0	0	0	0	1782503545931
1116	758	1106	1296	0	0	0	0	1782503546924
1106	765	1081	1298	0	0	0	0	1782503547932
1092	772	1112	1335	0	0	0	0	1782503548923
1129	765	1104	1341	0	0	0	0	1782503549952
1110	746	1099	1317	0	0	0	0	1782503550939
1105	775	1086	1345	0	0	0	0	1782503551947
1133	758	1107	1295	0	0	0	0	1782503552939
1122	751	1083	1349	0	0	0	0	1782503553947
1099	773	1075	1325	0	0	0	0	1782503554940
1117	763	1105	1331	0	0	0	0	1782503555942
1111	763	1120	1341	0	0	0	0	1782503556939
1086	778	1121	1338	0	0	0	0	1782503557944
1095	780	1094	1342	0	0	0	0	1782503558953
1124	780	1118	1293	0	0	0	0	1782503559947
1107	756	1106	1334	0	0	0	0	1782503560939
1095	750	1083	1314	0	0	0	0	1782503561996
1105	760	1111	1324	0	0	0	0	1782503562945
1091	761	1108	1331	0	0	0	0	1782503563947
1092	771	1120	1326	0	0	0	0	1782503564940
1094	748	1085	1344	0	0	0	0	1782503565947
1127	762	1125	1293	0	0	0	0	1782503566939
1111	770	1125	1355	0	0	0	0	1782503567943
1128	781	1079	1308	0	0	0	0	1782503568939
1101	773	1116	1307	0	0	0	0	1782503569947
1086	748	1122	1332	0	0	0	0	1782503570938
1116	753	1094	1338	0	0	0	0	1782503571947
1123	751	1122	1331	0	0	0	0	1782503572939
1128	777	1075	1334	0	0	0	0	1782503573947
1130	748	1109	1337	0	0	0	0	1782503574940
1129	773	1108	1316	0	0	0	0	1782503575947
1100	774	1126	1322	0	0	0	0	1782503576939
1092	752	1078	1304	0	0	0	0	1782503577947
1080	764	1098	1326	0	0	0	0	1782503578939
1091	763	1120	1327	0	0	0	0	1782503579940
1125	766	1097	1332	0	0	0	0	1782503580939
1127	748	1081	1349	0	0	0	0	1782503581947
1091	780	1121	1322	0	0	0	0	1782503582939
1096	757	1083	1343	0	0	0	0	1782503583942
1101	771	1124	1351	0	0	0	0	1782503584940
1091	772	1084	1346	0	0	0	0	1782503585939
1126	753	1117	1346	0	0	0	0	1782503586939
1095	781	1111	1338	0	0	0	0	1782503587946
1133	775	1090	1304	0	0	0	0	1782503588939
1121	760	1075	1301	0	0	0	0	1782503589947
1083	763	1112	1354	0	0	0	0	1782503590939
1099	770	1126	1349	0	0	0	0	1782503591978
1092	759	1094	1308	0	0	0	0	1782503592939
1104	755	1118	1345	0	0	0	0	1782503593947
1111	772	1097	1303	0	0	0	0	1782503594939
1103	764	1084	1348	0	0	0	0	1782503595947
1133	764	1110	1352	0	0	0	0	1782503596939
1126	753	1110	1293	0	0	0	0	1782503597945
1094	757	1115	1342	0	0	0	0	1782503598939
1111	752	1093	1309	0	0	0	0	1782503599947
1128	753	1121	1296	0	0	0	0	1782503600939
1113	771	1079	1340	0	0	0	0	1782503601938
1110	777	1078	1301	0	0	0	0	1782503602945
1097	757	1102	1333	0	0	0	0	1782503603947
1130	775	1095	1323	0	0	0	0	1782503604945
1121	781	1115	1301	0	0	0	0	1782503605947
1083	748	1106	1329	0	0	0	0	1782503606961
1102	754	1083	1328	0	0	0	0	1782503607954
1098	760	1091	1356	0	0	0	0	1782503608956
1084	760	1084	1308	0	0	0	0	1782503609963
1085	757	1121	1318	0	0	0	0	1782503610974
1109	760	1103	1332	0	0	0	0	1782503611971
1101	761	1103	1322	0	0	0	0	1782503612971
1133	753	1089	1302	0	0	0	0	1782503613979
1102	765	1100	1353	0	0	0	0	1782503614971
1133	764	1084	1317	0	0	0	0	1782503615970
1132	769	1127	1336	0	0	0	0	1782503616971
1126	761	1081	1352	0	0	0	0	1782503617979
1080	771	1090	1327	0	0	0	0	1782503618971
1091	753	1123	1322	0	0	0	0	1782503619979
1126	768	1123	1324	0	0	0	0	1782503620992
1099	758	1090	1336	0	0	0	0	1782503624261
1124	763	1099	1326	0	0	0	0	1782503625003
1131	777	1099	1317	0	0	0	0	1782503626017
1088	751	1125	1339	0	0	0	0	1782503627042
1109	750	1105	1321	0	0	0	0	1782503628032
1104	768	1096	1307	0	0	0	0	1782503629035
1117	754	1096	1342	0	0	0	0	1782503630043
1132	772	1105	1306	0	0	0	0	1782503631035
1121	760	1077	1314	0	0	0	0	1782503632033
1114	745	1116	1353	0	0	0	0	1782503633035
1094	762	1099	1304	0	0	0	0	1782503634045
1089	766	1126	1342	0	0	0	0	1782503635036
1125	758	1117	1319	0	0	0	0	1782503636033
1114	767	1119	1295	0	0	0	0	1782503637035
1119	775	1079	1305	0	0	0	0	1782503638043
1102	755	1101	1307	0	0	0	0	1782503639035
1129	766	1090	1341	0	0	0	0	1782503640043
1120	769	1096	1346	0	0	0	0	1782503641034
1081	760	1125	1317	0	0	0	0	1782503642049
1122	768	1116	1320	0	0	0	0	1782503643057
1121	765	1106	1321	0	0	0	0	1782503644062
1131	755	1084	1334	0	0	0	0	1782503645052
1111	755	1085	1314	0	0	0	0	1782503646065
1082	745	1124	1304	0	0	0	0	1782503647065
1131	763	1084	1328	0	0	0	0	1782503648078
1080	757	1090	1344	0	0	0	0	1782503649067
1101	758	1079	1333	0	0	0	0	1782503650065
1095	750	1095	1314	0	0	0	0	1782503651067
1112	763	1085	1303	0	0	0	0	1782503652065
1113	763	1075	1334	0	0	0	0	1782503653068
1097	763	1106	1346	0	0	0	0	1782503654081
1123	754	1080	1337	0	0	0	0	1782503655080
1119	776	1087	1316	0	0	0	0	1782503656093
1119	753	1120	1324	0	0	0	0	1782503657083
1106	766	1120	1327	0	0	0	0	1782503658081
1127	772	1126	1299	0	0	0	0	1782503659105
1090	775	1109	1306	0	0	0	0	1782503660096
1105	759	1119	1335	0	0	0	0	1782503661099
1095	756	1096	1313	0	0	0	0	1782503662097
1120	759	1112	1317	0	0	0	0	1782503663099
1115	773	1102	1344	0	0	0	0	1782503664097
1108	769	1102	1325	0	0	0	0	1782503665100
1129	780	1107	1340	0	0	0	0	1782503666113
1127	746	1099	1316	0	0	0	0	1782503667115
1118	776	1105	1306	0	0	0	0	1782503668130
1110	753	1098	1314	0	0	0	0	1782503669131
1122	781	1121	1318	0	0	0	0	1782503670126
1125	756	1095	1349	0	0	0	0	1782503671131
1125	751	1103	1325	0	0	0	0	1782503672129
1090	758	1121	1324	0	0	0	0	1782503673131
1113	766	1090	1347	0	0	0	0	1782503674129
1107	752	1115	1341	0	0	0	0	1782503675127
1121	773	1116	1342	0	0	0	0	1782503676143
1086	747	1119	1311	0	0	0	0	1782503677147
1099	748	1111	1337	0	0	0	0	1782503678156
1110	760	1076	1344	0	0	0	0	1782503679147
1125	758	1117	1299	0	0	0	0	1782503680145
1110	766	1078	1297	0	0	0	0	1782503681147
1112	763	1126	1325	0	0	0	0	1782503682251
1108	745	1102	1349	0	0	0	0	1782503683163
1119	767	1118	1327	0	0	0	0	1782503684173
1103	748	1099	1301	0	0	0	0	1782503685175
1109	761	1116	1348	0	0	0	0	1782503686193
1120	750	1115	1343	0	0	0	0	1782503687195
1081	757	1100	1305	0	0	0	0	1782503688193
1090	775	1096	1347	0	0	0	0	1782503689195
1092	748	1127	1314	0	0	0	0	1782503690209
1089	751	1105	1316	0	0	0	0	1782503691210
1128	751	1111	1301	0	0	0	0	1782503692204
1122	750	1089	1325	0	0	0	0	1782503693211
1084	767	1088	1324	0	0	0	0	1782503694225
1094	766	1098	1322	0	0	0	0	1782503695225
1124	773	1092	1320	0	0	0	0	1782503696220
1112	777	1125	1322	0	0	0	0	1782503697227
1090	752	1109	1353	0	0	0	0	1782503698225
1102	759	1115	1348	0	0	0	0	1782503699236
1127	760	1123	1303	0	0	0	0	1782503700241
1116	766	1097	1295	0	0	0	0	1782503701240
1100	778	1127	1308	0	0	0	0	1782503702235
1089	766	1095	1320	0	0	0	0	1782503703235
1089	775	1112	1319	0	0	0	0	1782503704251
1121	774	1075	1327	0	0	0	0	1782503705252
1093	781	1116	1354	0	0	0	0	1782503706251
1086	774	1123	1354	0	0	0	0	1782503707259
1109	777	1096	1309	0	0	0	0	1782503708257
1111	765	1119	1313	0	0	0	0	1782503709256
1122	752	1078	1338	0	0	0	0	1782503710254
1099	771	1109	1313	0	0	0	0	1782503711259
1109	778	1119	1343	0	0	0	0	1782503715274
1092	751	1117	1338	0	0	0	0	1782503716251
1106	766	1107	1295	0	0	0	0	1782503717264
1128	780	1116	1313	0	0	0	0	1782503718251
1119	770	1099	1296	0	0	0	0	1782503719259
1105	759	1108	1294	0	0	0	0	1782503720251
1129	760	1117	1326	0	0	0	0	1782503721259
1096	745	1100	1342	0	0	0	0	1782503722251
1128	772	1114	1303	0	0	0	0	1782503723259
1089	779	1107	1330	0	0	0	0	1782503724251
1117	771	1083	1341	0	0	0	0	1782503725259
1114	765	1108	1327	0	0	0	0	1782503726252
1132	770	1109	1304	0	0	0	0	1782503727260
1102	765	1123	1340	0	0	0	0	1782503728251
1131	774	1101	1313	0	0	0	0	1782503729253
1132	769	1083	1319	0	0	0	0	1782503730269
1086	778	1121	1304	0	0	0	0	1782503731270
1111	766	1081	1344	0	0	0	0	1782503732267
1080	777	1094	1343	0	0	0	0	1782503733275
1131	758	1087	1308	0	0	0	0	1782503734273
1116	774	1085	1308	0	0	0	0	1782503735275
1080	757	1075	1300	0	0	0	0	1782503736266
1121	761	1085	1339	0	0	0	0	1782503737273
1133	778	1084	1347	0	0	0	0	1782503738282
1092	760	1100	1321	0	0	0	0	1782503739291
1105	750	1103	1355	0	0	0	0	1782503740303
