2382	1266	3348	2217	0	0	0	0	1776863717451
2259	1216	3351	2084	0	0	0	0	1776863718886
2287	1254	3185	2135	0	0	0	0	1776863720320
2292	1200	3232	0	0	0	0	0	1776863721529
2329	1245	3265	2165	0	0	0	0	1776863722902
2251	0	3294	2080	0	0	0	0	1776863724312
2261	1213	3193	2114	0	0	0	0	1776863725774
2295	1170	3213	0	0	0	0	0	1776863727097
2273	1199	0	2148	0	0	0	0	1776863728410
2310	1249	3263	2166	0	0	0	0	1776863729843
2274	1197	3272	2170	0	0	0	0	1776863731275
2248	1105	3299	2178	0	0	0	0	1776863732532
2261	0	3159	2167	0	0	0	0	1776863733855
2289	1177	3201	2189	0	0	0	0	1776863735064
2263	1209	3247	2192	0	0	0	0	1776863736088
2295	1231	3125	2192	0	0	0	0	1776863737188
2302	1113	3179	2178	0	0	0	0	1776863738342
2200	1168	3136	2152	0	0	0	0	1776863739751
2237	1187	3184	2155	0	0	0	0	1776863741076
2264	1238	3236	2166	0	0	0	0	1776863742334
2261	1265	3251	2154	0	0	0	0	1776863743645
2278	1108	3259	0	0	0	0	0	1776863744916
2248	1133	3152	2168	0	0	0	0	1776863746349
2267	1188	3201	2188	0	0	0	0	1776863747885
2226	1234	3216	2188	0	0	0	0	1776863749170
2277	1250	0	2175	0	0	0	0	1776863750446
2263	1123	3250	2176	0	0	0	0	1776863751626
2282	1193	3251	2167	0	0	0	0	1776863752882
2250	1216	3124	2181	0	0	0	0	1776863754235
2236	1249	3215	2187	0	0	0	0	1776863755670
2280	1110	3096	2170	0	0	0	0	1776863756850
2265	0	3166	2182	0	0	0	0	1776863758234
2278	1142	3200	2165	0	0	0	0	1776863759354
2195	1219	3096	2183	0	0	0	0	1776863760434
2235	1229	3196	2189	0	0	0	0	1776863761554
2256	1149	3076	2196	0	0	0	0	1776863762815
2237	1193	3150	2181	0	0	0	0	1776863764196
2255	1176	3155	2181	0	0	0	0	1776863765600
2274	1243	3177	2187	0	0	0	0	1776863767033
2211	1197	3203	0	0	0	0	0	1776863768245
2239	1198	3111	2172	0	0	0	0	1776863769698
2248	1199	3146	2152	0	0	0	0	1776863770905
2259	1210	3092	2172	0	0	0	0	1776863772341
2241	1205	3135	2173	0	0	0	0	1776863773693
2244	1207	0	2242	0	0	0	0	1776863774897
2222	1231	3165	2018	0	0	0	0	1776863776100
2276	1118	3192	2066	0	0	0	0	1776863777480
2240	1210	3096	2097	0	0	0	0	1776863778917
2245	1194	3136	2128	0	0	0	0	1776863780427
2184	0	3186	2189	0	0	0	0	1776863781575
2219	1207	3186	2022	0	0	0	0	1776863782681
2241	1110	3084	2069	0	0	0	0	1776863783780
2238	1175	3151	2106	0	0	0	0	1776863784933
2255	1199	3060	2182	0	0	0	0	1776863786183
2237	1192	3171	2182	0	0	0	0	1776863787666
2238	1209	3190	2045	0	0	0	0	1776863789134
2256	1224	3056	2077	0	0	0	0	1776863790363
2243	1135	0	2110	0	0	0	0	1776863791508
2249	1225	3133	2122	0	0	0	0	1776863792942
2183	1196	3114	2128	0	0	0	0	1776863794337
2223	1133	3155	2011	0	0	0	0	1776863795732
2235	1185	3163	2064	0	0	0	0	1776863797016
2263	1218	3080	0	0	0	0	0	1776863798169
2227	1222	3131	2099	0	0	0	0	1776863799662
2228	1202	3147	2166	0	0	0	0	1776863801096
2249	1191	3171	2153	0	0	0	0	1776863802427
2206	1174	3049	2023	0	0	0	0	1776863803672
2264	0	3114	2059	0	0	0	0	1776863804823
2205	1231	3145	2105	0	0	0	0	1776863805996
2211	1199	3157	2172	0	0	0	0	1776863807123
2233	1211	3168	2141	0	0	0	0	1776863808457
2232	1112	3030	2007	0	0	0	0	1776863809866
2213	1175	3053	2070	0	0	0	0	1776863811090
2262	1252	3110	2158	0	0	0	0	1776863812449
2200	1219	0	2089	0	0	0	0	1776863813855
2224	1090	3133	2110	0	0	0	0	1776863815109
2202	1171	3019	0	0	0	0	0	1776863816602
2226	1199	3053	2127	0	0	0	0	1776863817977
2185	1222	0	2140	0	0	0	0	1776863819206
2228	1107	3116	0	0	0	0	0	1776863820549
2163	1161	3120	2135	0	0	0	0	1776863821641
2199	1189	3026	2148	0	0	0	0	1776863822949
2228	1213	3093	2146	0	0	0	0	1776863824276
2194	1212	3079	2093	0	0	0	0	1776863825709
2224	1226	3104	2094	0	0	0	0	1776863827142
2153	0	3118	2110	0	0	0	0	1776863828296
2196	1090	3005	2091	0	0	0	0	1776863829461
2215	1132	3067	2104	0	0	0	0	1776863830545
2202	1186	3097	2175	0	0	0	0	1776863831628
2219	1244	3097	2082	0	0	0	0	1776863833003
2194	1115	2995	2023	0	0	0	0	1776863834214
2212	1139	3043	2062	0	0	0	0	1776863835725
2215	1193	3091	2076	0	0	0	0	1776863837184
2223	1239	0	2128	0	0	0	0	1776863838385
2194	1217	3100	2077	0	0	0	0	1776863839637
2192	1237	3008	0	0	0	0	0	1776863841075
2212	1171	3054	2004	0	0	0	0	1776863842451
2215	1193	0	2137	0	0	0	0	1776863843815
2242	1246	3089	0	0	0	0	0	1776863845020
2180	1257	3100	2105	0	0	0	0	1776863846342
2190	1124	3107	2072	0	0	0	0	1776863847791
2213	1194	2975	2004	0	0	0	0	1776863849107
2185	1207	3017	2112	0	0	0	0	1776863850491
2240	0	3130	2116	0	0	0	0	1776863852542
2196	1243	2988	2121	0	0	0	0	1776863853105
2195	1112	3046	2123	0	0	0	0	1776863854025
2211	1143	2973	1990	0	0	0	0	1776863855096
2140	1217	3021	2090	0	0	0	0	1776863856381
2189	1226	3130	2089	0	0	0	0	1776863857844
2207	1120	2945	2102	0	0	0	0	1776863859246
2182	1178	3016	2108	0	0	0	0	1776863860477
2186	1183	0	2066	0	0	0	0	1776863861760
2180	1245	2963	2086	0	0	0	0	1776863862936
2203	1211	3028	2102	0	0	0	0	1776863864346
2187	1211	3065	2106	0	0	0	0	1776863865643
2207	1182	2963	2007	0	0	0	0	1776863867042
2136	1192	3038	0	0	0	0	0	1776863868359
2181	1198	2984	2100	0	0	0	0	1776863869704
2161	1204	3032	2118	0	0	0	0	1776863871074
2174	1231	3056	2118	0	0	0	0	1776863872304
2218	1118	3080	2104	0	0	0	0	1776863873735
2169	0	2966	2004	0	0	0	0	1776863875014
2193	1205	3016	2086	0	0	0	0	1776863876092
2175	1130	3061	2086	0	0	0	0	1776863877242
2195	1163	3061	2091	0	0	0	0	1776863878497
2155	1202	3078	2090	0	0	0	0	1776863879878
2187	1137	2961	2101	0	0	0	0	1776863881060
2199	1225	3017	2102	0	0	0	0	1776863882499
2164	1191	0	2161	0	0	0	0	1776863883956
2190	1095	3058	1973	0	0	0	0	1776863885204
2168	1157	2957	0	0	0	0	0	1776863886586
2187	1171	3013	2013	0	0	0	0	1776863887929
2203	1239	3041	2058	0	0	0	0	1776863889250
2152	1116	0	2081	0	0	0	0	1776863890656
2179	1161	3052	2087	0	0	0	0	1776863891760
2171	1175	3068	2108	0	0	0	0	1776863893170
2211	1192	2940	2042	0	0	0	0	1776863894687
2163	1199	3006	1971	0	0	0	0	1776863895918
2180	0	3051	2090	0	0	0	0	1776863897352
2155	1198	3061	2092	0	0	0	0	1776863898416
2180	1144	3042	2011	0	0	0	0	1776863899541
2198	1161	2923	2028	0	0	0	0	1776863900627
2177	1228	3002	2059	0	0	0	0	1776863901928
2189	1208	3093	2136	0	0	0	0	1776863903208
2145	1083	3082	1956	0	0	0	0	1776863904591
2151	1141	2903	2023	0	0	0	0	1776863905992
2163	1182	2974	0	0	0	0	0	1776863907303
2179	1196	3020	2042	0	0	0	0	1776863908550
2162	1178	3042	2048	0	0	0	0	1776863909845
2147	1203	2941	2114	0	0	0	0	1776863911265
2170	1207	2988	1958	0	0	0	0	1776863912703
2155	1222	0	2028	0	0	0	0	1776863913931
2165	1218	3013	2047	0	0	0	0	1776863915210
2162	1172	3038	2111	0	0	0	0	1776863916502
2156	1205	3044	2075	0	0	0	0	1776863917848
2180	1187	2931	1962	0	0	0	0	1776863919149
2124	1213	2979	2010	0	0	0	0	1776863920512
2163	0	2992	2089	0	0	0	0	1776863921741
2158	1182	3036	2063	0	0	0	0	1776863922991
2146	1207	3053	2083	0	0	0	0	1776863924038
2167	1154	2926	2056	0	0	0	0	1776863925196
2151	1190	2967	2056	0	0	0	0	1776863926525
2173	1225	2989	2050	0	0	0	0	1776863927856
2175	1182	3019	2047	0	0	0	0	1776863929199
2142	1117	3020	2087	0	0	0	0	1776863930722
2090	1195	2922	0	0	0	0	0	1776863932002
2133	1213	0	2099	0	0	0	0	1776863933355
2160	1216	2978	2031	0	0	0	0	1776863934614
2137	1230	3010	2033	0	0	0	0	1776863936054
2134	1106	3037	0	0	0	0	0	1776863937380
2133	1138	3039	1968	0	0	0	0	1776863938475
2163	1186	2898	2019	0	0	0	0	1776863939602
2121	1241	2967	2039	0	0	0	0	1776863941069
2153	1117	2987	2097	0	0	0	0	1776863942336
2162	1140	3023	2058	0	0	0	0	1776863943836
2139	0	2903	2008	0	0	0	0	1776863945132
2139	1162	2941	2049	0	0	0	0	1776863946232
2125	1191	2927	2051	0	0	0	0	1776863947384
2177	1218	2976	2109	0	0	0	0	1776863948593
2134	1110	2990	1950	0	0	0	0	1776863949947
2129	1135	3009	2019	0	0	0	0	1776863951388
2153	1186	2875	1945	0	0	0	0	1776863952814
2123	1210	0	2041	0	0	0	0	1776863954179
2165	1190	2948	2034	0	0	0	0	1776863955401
2126	1213	2977	0	0	0	0	0	1776863956676
2121	1155	2861	2036	0	0	0	0	1776863958125
2121	1188	0	1937	0	0	0	0	1776863959608
2147	1173	2926	2000	0	0	0	0	1776863960776
2125	1188	2981	2092	0	0	0	0	1776863961854
2142	1192	2984	2034	0	0	0	0	1776863963028
2148	1185	2827	2044	0	0	0	0	1776863964442
2074	1203	2896	1965	0	0	0	0	1776863965848
2116	1210	2930	2065	0	0	0	0	1776863967232
2136	1118	2957	2040	0	0	0	0	1776863968459
2135	0	2972	2090	0	0	0	0	1776863969665
2145	1138	2873	2073	0	0	0	0	1776863970894
2062	1209	2904	1943	0	0	0	0	1776863972346
2107	1092	2943	1994	0	0	0	0	1776863973606
2136	1138	2958	2084	0	0	0	0	1776863974937
2116	1187	2971	2021	0	0	0	0	1776863976216
2104	1126	2841	0	0	0	0	0	1776863977471
2110	1205	2895	1943	0	0	0	0	1776863978722
2146	1205	2933	2003	0	0	0	0	1776863980157
2091	1154	2942	2028	0	0	0	0	1776863981594
2120	1168	2841	2041	0	0	0	0	1776863982788
2133	1227	0	2037	0	0	0	0	1776863984174
2104	1185	2889	2047	0	0	0	0	1776863985246
2132	1201	2908	2058	0	0	0	0	1776863986430
2105	1093	2952	2063	0	0	0	0	1776863987629
2126	1155	2961	2069	0	0	0	0	1776863989993
2137	1229	2852	2013	0	0	0	0	1776863991014
2134	1160	2899	2025	0	0	0	0	1776863992008
2063	0	2933	2017	0	0	0	0	1776863993063
2104	1089	2943	2034	0	0	0	0	1776863994156
2122	1148	2795	2044	0	0	0	0	1776863995486
2111	1180	2855	2034	0	0	0	0	1776863996826
2135	1226	2834	2053	0	0	0	0	1776863998252
2100	1102	2902	0	0	0	0	0	1776863999690
2127	1138	2930	2035	0	0	0	0	1776864000822
2090	1157	2920	2052	0	0	0	0	1776864002251
2122	1197	2807	2060	0	0	0	0	1776864003478
2133	1246	2870	2017	0	0	0	0	1776864004862
2065	1107	2892	1931	0	0	0	0	1776864006119
2106	1115	0	2015	0	0	0	0	1776864007449
2108	1160	2908	2023	0	0	0	0	1776864008577
2147	1214	2847	2036	0	0	0	0	1776864009720
2113	1177	2878	1919	0	0	0	0	1776864010851
2106	1208	2889	1973	0	0	0	0	1776864012263
2123	1145	2908	2059	0	0	0	0	1776864013697
2036	1180	2916	1909	0	0	0	0	1776864014943
2102	0	2847	1965	0	0	0	0	1776864016278
2103	1227	2878	1989	0	0	0	0	1776864017560
2120	1241	2891	2063	0	0	0	0	1776864018919
2106	1107	2915	2001	0	0	0	0	1776864020357
2083	1148	2915	2020	0	0	0	0	1776864021756
2085	1185	2816	0	0	0	0	0	1776864022930
2110	1225	2859	2031	0	0	0	0	1776864024161
2113	1115	2864	1919	0	0	0	0	1776864025494
2052	1138	2897	2018	0	0	0	0	1776864027025
2085	1173	0	2036	0	0	0	0	1776864028462
2087	1195	2915	2020	0	0	0	0	1776864029585
2132	1110	2797	2024	0	0	0	0	1776864030695
2075	1165	2862	1913	0	0	0	0	1776864031745
2075	1137	2862	2015	0	0	0	0	1776864032923
2103	1171	2892	2029	0	0	0	0	1776864034274
2052	1179	2782	1883	0	0	0	0	1776864035627
2087	1210	2842	1946	0	0	0	0	1776864037019
2086	1099	2881	0	0	0	0	0	1776864038494
2102	0	2892	1985	0	0	0	0	1776864039680
2086	1122	2790	1998	0	0	0	0	1776864041122
2080	1160	2853	0	0	0	0	0	1776864042520
2106	1200	2790	1934	0	0	0	0	1776864043721
2086	0	2840	1971	0	0	0	0	1776864045079
2101	1182	2892	1992	0	0	0	0	1776864046333
2091	1184	2894	2040	0	0	0	0	1776864047611
2076	1203	2777	1903	0	0	0	0	1776864049043
2121	1207	2832	1960	0	0	0	0	1776864050378
2078	1116	2883	1989	0	0	0	0	1776864051687
2087	1146	0	2010	0	0	0	0	1776864052914
2064	1204	2916	2004	0	0	0	0	1776864054019
2080	1113	2768	1997	0	0	0	0	1776864055269
2063	1152	2832	2007	0	0	0	0	1776864056271
2098	1196	2863	2016	0	0	0	0	1776864057727
2108	1176	2886	2023	0	0	0	0	1776864059130
2074	1171	2906	1990	0	0	0	0	1776864060698
2063	0	2748	1984	0	0	0	0	1776864061740
2064	1201	2809	0	0	0	0	0	1776864063127
2106	0	2853	1984	0	0	0	0	1776864064357
2057	1192	2874	2006	0	0	0	0	1776864065686
2044	1197	2881	2065	0	0	0	0	1776864067117
2054	1174	2783	0	0	0	0	0	1776864068498
2056	1183	2880	1837	0	0	0	0	1776864069575
2100	1203	2757	1913	0	0	0	0	1776864070854
2048	1213	2795	2011	0	0	0	0	1776864072091
2055	1199	2740	2024	0	0	0	0	1776864073516
2077	1151	2806	1910	0	0	0	0	1776864074930
2040	1185	0	1947	0	0	0	0	1776864076308
2087	1202	2849	1994	0	0	0	0	1776864077406
2064	1109	2846	2053	0	0	0	0	1776864078536
2061	1201	2764	2007	0	0	0	0	1776864079620
2080	1158	2817	1848	0	0	0	0	1776864081145
1999	1093	2856	1906	0	0	0	0	1776864082375
2050	1142	2906	1980	0	0	0	0	1776864083711
2070	1173	2764	2001	0	0	0	0	1776864085038
2071	0	2819	1999	0	0	0	0	1776864086315
2064	1185	2743	1861	0	0	0	0	1776864087508
2081	1178	2810	1964	0	0	0	0	1776864088958
2067	1187	2829	1971	0	0	0	0	1776864090187
2047	1187	2856	1978	0	0	0	0	1776864091595
2040	1205	2733	0	0	0	0	0	1776864092954
2050	1183	2785	1978	0	0	0	0	1776864094283
2072	1104	2820	1965	0	0	0	0	1776864095872
2053	1151	2843	1969	0	0	0	0	1776864097120
2097	1172	0	1979	0	0	0	0	1776864098554
2040	1206	2761	1985	0	0	0	0	1776864099687
2043	1162	2815	1964	0	0	0	0	1776864100813
2072	1110	2773	1969	0	0	0	0	1776864101881
2016	1144	2871	1957	0	0	0	0	1776864103011
2051	1169	2738	1959	0	0	0	0	1776864104319
2041	1180	2782	2034	0	0	0	0	1776864105672
2071	1176	2806	1855	0	0	0	0	1776864107105
2077	1082	2734	1888	0	0	0	0	1776864108536
2037	1133	2844	0	0	0	0	0	1776864109922
2056	1166	2755	1923	0	0	0	0	1776864111199
2047	0	2715	1970	0	0	0	0	1776864112586
2068	1209	2767	1970	0	0	0	0	1776864113964
1986	1097	2800	0	0	0	0	0	1776864115278
2028	1150	2817	1941	0	0	0	0	1776864116425
2046	1155	2838	1970	0	0	0	0	1776864117807
2033	1172	2698	1974	0	0	0	0	1776864119066
2076	1171	2755	1980	0	0	0	0	1776864120425
2022	1200	2805	1977	0	0	0	0	1776864121745
2060	1156	0	1947	0	0	0	0	1776864123028
2014	1175	2814	1955	0	0	0	0	1776864124203
2044	1203	2841	1962	0	0	0	0	1776864125281
2057	1156	2706	1971	0	0	0	0	1776864126414
2048	1112	2774	1954	0	0	0	0	1776864127739
2052	1176	2808	2014	0	0	0	0	1776864129125
2035	1186	2818	1939	0	0	0	0	1776864130503
2035	1154	2736	1952	0	0	0	0	1776864131781
2025	1184	2753	0	0	0	0	0	1776864133170
2033	1106	2792	1967	0	0	0	0	1776864134602
2051	0	2824	1940	0	0	0	0	1776864135861
2030	1114	2821	1959	0	0	0	0	1776864137375
2060	1151	2708	0	0	0	0	0	1776864138595
2024	1162	2748	1960	0	0	0	0	1776864139751
2050	1176	2790	1964	0	0	0	0	1776864140894
2016	1102	2810	1978	0	0	0	0	1776864142331
2019	1156	2683	1954	0	0	0	0	1776864143617
2041	1168	2745	1945	0	0	0	0	1776864145120
2045	1187	0	1902	0	0	0	0	1776864146408
2054	1086	2788	1920	0	0	0	0	1776864147603
2022	1124	2825	1931	0	0	0	0	1776864148734
2016	1187	2703	1932	0	0	0	0	1776864149808
2040	1196	2706	1923	0	0	0	0	1776864151169
2018	1079	2766	1951	0	0	0	0	1776864152387
2037	1139	2775	1856	0	0	0	0	1776864153750
2048	1155	2805	1942	0	0	0	0	1776864155236
2007	0	2783	1912	0	0	0	0	1776864156512
2009	1203	2693	1792	0	0	0	0	1776864157901
2011	1177	2744	1848	0	0	0	0	1776864159252
2053	1191	2752	1894	0	0	0	0	1776864160563
2006	1190	2783	1922	0	0	0	0	1776864161943
2028	1198	2785	0	0	0	0	0	1776864163171
1954	1160	2722	1929	0	0	0	0	1776864164603
2002	1147	2767	1886	0	0	0	0	1776864166045
2024	1172	2770	1917	0	0	0	0	1776864167368
2024	1174	0	1924	0	0	0	0	1776864168649
2024	1223	2800	1981	0	0	0	0	1776864169737
1981	1098	2663	1926	0	0	0	0	1776864170848
2019	1137	2728	1769	0	0	0	0	1776864171903
2002	1169	2670	1840	0	0	0	0	1776864173075
2022	1162	2721	1885	0	0	0	0	1776864174485
2035	1168	2777	1972	0	0	0	0	1776864175945
1953	1187	2770	1938	0	0	0	0	1776864177334
1992	1051	2683	0	0	0	0	0	1776864178661
2021	1118	2775	1797	0	0	0	0	1776864179962
2033	1150	2763	1872	0	0	0	0	1776864181242
2008	1170	2798	1951	0	0	0	0	1776864182733
1995	0	2640	1955	0	0	0	0	1776864184160
1995	1158	2711	1948	0	0	0	0	1776864185317
2014	1129	2758	1804	0	0	0	0	1776864186674
2029	1137	2768	1867	0	0	0	0	1776864188053
2013	1189	2703	1939	0	0	0	0	1776864189280
2022	1147	2735	1929	0	0	0	0	1776864190714
1996	1078	0	1815	0	0	0	0	1776864191973
2023	1121	2767	1829	0	0	0	0	1776864193180
2030	1166	2776	1928	0	0	0	0	1776864194272
1994	1203	2769	1940	0	0	0	0	1776864195373
2015	1160	2651	1900	0	0	0	0	1776864196551
2010	1070	2696	1788	0	0	0	0	1776864198015
1989	1127	2716	1880	0	0	0	0	1776864199329
2030	1156	2747	1905	0	0	0	0	1776864200650
2009	1161	2775	1913	0	0	0	0	1776864201906
1989	1165	2676	0	0	0	0	0	1776864203360
1981	1191	2712	1866	0	0	0	0	1776864204699
2003	1168	2794	1882	0	0	0	0	1776864205979
1977	1188	2694	1904	0	0	0	0	1776864207352
2013	0	2711	1903	0	0	0	0	1776864208775
1983	1151	2733	1918	0	0	0	0	1776864209939
1983	1178	2742	1882	0	0	0	0	1776864211354
2008	1147	2749	1890	0	0	0	0	1776864212776
1965	1202	0	1893	0	0	0	0	1776864214213
2007	0	2748	1881	0	0	0	0	1776864215444
1964	1160	2616	1892	0	0	0	0	1776864216622
1988	1080	2674	1878	0	0	0	0	1776864217749
1931	1151	2615	1890	0	0	0	0	1776864218831
1969	1170	2728	1901	0	0	0	0	1776864219912
1998	1171	2588	1875	0	0	0	0	1776864221083
1972	1104	2648	1893	0	0	0	0	1776864222463
1991	1151	2617	1896	0	0	0	0	1776864223893
2015	1128	2664	1879	0	0	0	0	1776864225325
1929	1158	2706	1894	0	0	0	0	1776864226603
1987	1163	0	1899	0	0	0	0	1776864227934
1969	0	2605	1913	0	0	0	0	1776864229324
1994	1179	2666	1925	0	0	0	0	1776864230655
1982	1078	2689	1960	0	0	0	0	1776864232011
1993	1152	0	1806	0	0	0	0	1776864233464
1963	1168	2714	1847	0	0	0	0	1776864234798
1986	1108	2588	0	0	0	0	0	1776864236087
2005	0	2638	1874	0	0	0	0	1776864237524
1970	1122	2637	0	0	0	0	0	1776864238843
1979	1177	2716	1883	0	0	0	0	1776864239920
1965	1199	2624	1894	0	0	0	0	1776864241003
2017	1079	2671	1874	0	0	0	0	1776864242097
1955	1143	2586	1767	0	0	0	0	1776864243254
1968	1144	2663	1888	0	0	0	0	1776864244527
1991	1141	2698	1891	0	0	0	0	1776864245965
1974	1177	2710	1893	0	0	0	0	1776864247391
1963	1202	2551	1862	0	0	0	0	1776864248703
1972	1082	2632	0	0	0	0	0	1776864250048
1968	1106	2619	1782	0	0	0	0	1776864251468
1990	1142	2703	1870	0	0	0	0	1776864252901
1957	1157	2553	1883	0	0	0	0	1776864254252
1948	1177	0	1894	0	0	0	0	1776864255542
1984	1101	2618	1871	0	0	0	0	1776864256777
1997	1180	2650	1772	0	0	0	0	1776864258202
1908	1068	2685	1869	0	0	0	0	1776864259635
1943	1124	2694	1873	0	0	0	0	1776864260867
1968	1160	2586	1880	0	0	0	0	1776864262221
1976	0	2638	1856	0	0	0	0	1776864263373
1993	1160	2664	1865	0	0	0	0	1776864264491
1895	1139	2669	1882	0	0	0	0	1776864265550
1938	1166	2689	1874	0	0	0	0	1776864266800
1950	1079	2604	1885	0	0	0	0	1776864268201
1948	1133	2649	1896	0	0	0	0	1776864269565
1988	1151	2563	1731	0	0	0	0	1776864271001
1947	1153	2604	0	0	0	0	0	1776864272202
1971	1156	2635	1838	0	0	0	0	1776864273357
1951	1150	2577	1858	0	0	0	0	1776864274815
1969	1151	2624	1868	0	0	0	0	1776864276167
1978	1203	2651	1881	0	0	0	0	1776864277449
1962	1140	0	1883	0	0	0	0	1776864278883
1964	1178	2717	1879	0	0	0	0	1776864280243
1949	1065	2561	1897	0	0	0	0	1776864281487
1987	1125	2607	1855	0	0	0	0	1776864282826
1943	1181	2644	1821	0	0	0	0	1776864284238
1933	0	2668	1847	0	0	0	0	1776864285537
1938	1144	2674	1851	0	0	0	0	1776864286666
1964	1072	2540	1874	0	0	0	0	1776864287794
1933	1126	2609	1757	0	0	0	0	1776864288891
1959	1155	2648	1819	0	0	0	0	1776864290175
1968	1182	2661	1916	0	0	0	0	1776864291378
1932	1085	2543	1855	0	0	0	0	1776864292909
1930	1140	2598	1778	0	0	0	0	1776864294323
1932	1143	2633	0	0	0	0	0	1776864295602
1955	1176	2660	1816	0	0	0	0	1776864296807
1969	1209	2666	1825	0	0	0	0	1776864298038
1945	1080	2567	1830	0	0	0	0	1776864299421
1910	1106	2559	1847	0	0	0	0	1776864302384
1939	1148	0	1872	0	0	0	0	1776864303434
1952	1170	2611	1851	0	0	0	0	1776864304076
1967	1120	2631	1822	0	0	0	0	1776864305023
1895	1056	2654	1885	0	0	0	0	1776864306149
1935	1130	2670	1864	0	0	0	0	1776864307583
1925	0	2542	1790	0	0	0	0	1776864308917
1961	1161	2595	1819	0	0	0	0	1776864310043
1927	1163	2625	1786	0	0	0	0	1776864311168
1924	1050	2631	1804	0	0	0	0	1776864312276
1941	1097	2667	1834	0	0	0	0	1776864313569
1866	1102	2542	1855	0	0	0	0	1776864315041
1910	1139	2599	1864	0	0	0	0	1776864316435
1937	1149	2636	1837	0	0	0	0	1776864317637
1956	1167	2652	0	0	0	0	0	1776864318931
1946	1065	2584	1838	0	0	0	0	1776864320207
1933	1099	2623	1764	0	0	0	0	1776864321716
1951	1133	2633	1800	0	0	0	0	1776864323069
1972	1173	0	1836	0	0	0	0	1776864324527
1923	1060	2538	1877	0	0	0	0	1776864325582
1920	1132	2596	1816	0	0	0	0	1776864326754
1950	1152	2563	1754	0	0	0	0	1776864328144
1911	1157	2603	1794	0	0	0	0	1776864329397
1921	1175	2628	1813	0	0	0	0	1776864330779
1961	1080	2642	1880	0	0	0	0	1776864332181
1927	0	2668	1840	0	0	0	0	1776864333409
1949	1088	2550	1762	0	0	0	0	1776864334499
1915	1128	2600	1858	0	0	0	0	1776864335922
1940	1150	2605	1818	0	0	0	0	1776864337151
1909	1171	2635	1810	0	0	0	0	1776864338526
1931	1137	2641	1818	0	0	0	0	1776864340019
1876	1137	2553	0	0	0	0	0	1776864341244
1909	1161	2651	1857	0	0	0	0	1776864342334
1935	1174	2498	1838	0	0	0	0	1776864343684
1924	1056	2569	1837	0	0	0	0	1776864344910
1959	1077	2605	1815	0	0	0	0	1776864346262
1927	1158	2536	1820	0	0	0	0	1776864347700
1933	1077	0	1849	0	0	0	0	1776864349009
1917	1130	2639	1857	0	0	0	0	1776864350103
1940	1150	2475	1821	0	0	0	0	1776864351429
1941	1100	2553	1819	0	0	0	0	1776864352949
1916	1113	2586	1823	0	0	0	0	1776864354362
1937	0	2606	1858	0	0	0	0	1776864355664
1899	1151	2624	1858	0	0	0	0	1776864356821
1924	1166	2490	1810	0	0	0	0	1776864357888
1937	1149	2559	1817	0	0	0	0	1776864359066
1911	1145	2603	1827	0	0	0	0	1776864360422
1902	1145	2626	1839	0	0	0	0	1776864361855
1918	1154	2642	1863	0	0	0	0	1776864363207
1886	1146	2514	1827	0	0	0	0	1776864364496
1933	1133	2575	0	0	0	0	0	1776864365728
1911	1187	2502	1830	0	0	0	0	1776864366873
1926	1106	2556	1841	0	0	0	0	1776864369511
1839	1156	2590	1856	0	0	0	0	1776864370131
1888	1076	2515	1854	0	0	0	0	1776864371042
1912	1153	2571	1826	0	0	0	0	1776864372375
1931	1124	0	1832	0	0	0	0	1776864373550
1910	1116	2592	1837	0	0	0	0	1776864375040
1901	1140	2584	1893	0	0	0	0	1776864376278
1918	1155	2599	1748	0	0	0	0	1776864377628
1915	0	2503	1781	0	0	0	0	1776864379039
1924	1050	2567	1788	0	0	0	0	1776864380207
1856	1117	2591	1804	0	0	0	0	1776864381288
1894	1125	2598	1872	0	0	0	0	1776864382410
1902	1032	2617	1755	0	0	0	0	1776864383687
1883	1104	2538	1778	0	0	0	0	1776864385023
1925	1120	2589	1783	0	0	0	0	1776864386400
1885	1126	2610	1855	0	0	0	0	1776864387630
1912	1133	2614	0	0	0	0	0	1776864389096
1861	1148	2492	1849	0	0	0	0	1776864390527
1890	1149	2553	1759	0	0	0	0	1776864391932
1916	1160	2586	1781	0	0	0	0	1776864393190
1908	1084	0	1787	0	0	0	0	1776864394568
1885	1137	2610	1847	0	0	0	0	1776864395631
1888	1106	2615	1849	0	0	0	0	1776864396950
1906	1143	2601	1741	0	0	0	0	1776864398288
1918	1130	2502	1767	0	0	0	0	1776864399746
1891	1101	2545	1776	0	0	0	0	1776864401203
1893	0	2581	1850	0	0	0	0	1776864402378
1889	1130	2587	1840	0	0	0	0	1776864403475
1904	1044	2461	1738	0	0	0	0	1776864404631
1899	1110	2534	1771	0	0	0	0	1776864405935
1934	1166	2556	1775	0	0	0	0	1776864407202
1882	1121	2576	1839	0	0	0	0	1776864408629
1885	1036	2470	1724	0	0	0	0	1776864410060
1854	1103	2520	0	0	0	0	0	1776864411388
1868	1135	2559	1759	0	0	0	0	1776864412441
1913	1139	2583	1782	0	0	0	0	1776864413796
1870	1039	2586	1789	0	0	0	0	1776864415148
1880	1086	2504	1810	0	0	0	0	1776864416459
1903	1099	2539	1824	0	0	0	0	1776864417950
1875	1135	0	1776	0	0	0	0	1776864419097
1887	1083	2563	1793	0	0	0	0	1776864420401
1882	1104	2571	1758	0	0	0	0	1776864421832
1888	1098	2425	1787	0	0	0	0	1776864423111
1868	1122	2508	1794	0	0	0	0	1776864424470
1901	0	2540	1811	0	0	0	0	1776864425722
1856	1150	2581	1817	0	0	0	0	1776864426903
1886	1078	2589	1816	0	0	0	0	1776864427956
1904	1017	2408	1819	0	0	0	0	1776864429236
1831	1098	2493	1823	0	0	0	0	1776864430690
1865	1129	2536	1807	0	0	0	0	1776864431944
1882	1130	2558	1783	0	0	0	0	1776864433249
1862	1146	2590	1792	0	0	0	0	1776864434559
1895	1046	2428	0	0	0	0	0	1776864435768
1791	1109	2503	1805	0	0	0	0	1776864437017
1844	1135	2543	1809	0	0	0	0	1776864438421
1867	1149	2577	1811	0	0	0	0	1776864439855
1867	1013	2471	1764	0	0	0	0	1776864441082
1885	1051	0	1789	0	0	0	0	1776864442519
1895	1123	2497	1777	0	0	0	0	1776864443646
1884	1160	2501	1799	0	0	0	0	1776864445025
1862	1030	2597	1810	0	0	0	0	1776864446235
1909	1069	2449	1779	0	0	0	0	1776864447666
1876	0	2503	1783	0	0	0	0	1776864449102
1888	1075	2415	1804	0	0	0	0	1776864450245
1825	1096	2486	1809	0	0	0	0	1776864451353
1860	1125	2517	1800	0	0	0	0	1776864452450
1881	1102	2479	1780	0	0	0	0	1776864453728
1874	1121	2509	1783	0	0	0	0	1776864455162
1897	1082	2412	1804	0	0	0	0	1776864456648
1861	1096	2534	0	0	0	0	0	1776864457926
1884	1134	2554	1818	0	0	0	0	1776864459154
1841	1150	2479	1860	0	0	0	0	1776864460596
1873	1010	2508	1777	0	0	0	0	1776864461816
1888	1041	2438	1783	0	0	0	0	1776864463231
1848	1087	0	1705	0	0	0	0	1776864464592
1859	1114	2533	1783	0	0	0	0	1776864465767
1860	1136	2442	1799	0	0	0	0	1776864466965
1904	1056	2485	1805	0	0	0	0	1776864468425
1867	1124	2416	1777	0	0	0	0	1776864469815
1873	0	2472	1834	0	0	0	0	1776864471268
1845	1058	2487	1772	0	0	0	0	1776864472470
1851	1103	2516	1791	0	0	0	0	1776864473507
1896	1113	2462	1791	0	0	0	0	1776864474597
1870	1048	2503	1688	0	0	0	0	1776864475738
1858	1117	2457	1788	0	0	0	0	1776864477183
1883	1063	2534	1814	0	0	0	0	1776864478611
1831	1115	2431	1802	0	0	0	0	1776864480053
1861	1105	2488	0	0	0	0	0	1776864481328
1887	1136	2520	1806	0	0	0	0	1776864482482
1889	1072	2539	1662	0	0	0	0	1776864483835
1825	1048	2545	1770	0	0	0	0	1776864485369
1856	1092	2444	1798	0	0	0	0	1776864486760
1849	1114	0	1662	0	0	0	0	1776864488121
1874	1116	2442	1706	0	0	0	0	1776864489142
1884	1084	2489	1739	0	0	0	0	1776864490451
1817	1106	2512	1754	0	0	0	0	1776864491673
1853	1131	2531	1787	0	0	0	0	1776864493007
1868	1142	2545	1775	0	0	0	0	1776864494411
1894	0	2415	1786	0	0	0	0	1776864495731
1860	1104	2482	1678	0	0	0	0	1776864496923
1839	1053	2512	1755	0	0	0	0	1776864497995
1870	979	2526	1769	0	0	0	0	1776864499356
1829	1037	2391	1770	0	0	0	0	1776864500710
1847	1068	2425	1766	0	0	0	0	1776864502023
1858	1113	2462	1754	0	0	0	0	1776864503355
1847	1027	2485	0	0	0	0	0	1776864504642
1826	1082	2440	1749	0	0	0	0	1776864505934
1832	1079	2481	1770	0	0	0	0	1776864507365
1872	1110	2508	1770	0	0	0	0	1776864508672
1828	1149	2526	1751	0	0	0	0	1776864510029
1847	987	0	1756	0	0	0	0	1776864511379
1832	1024	2507	1722	0	0	0	0	1776864512485
1813	1095	2384	1717	0	0	0	0	1776864513689
1864	1106	2444	1741	0	0	0	0	1776864515171
1827	1067	2480	1758	0	0	0	0	1776864516633
1829	0	2498	1772	0	0	0	0	1776864518090
1837	1090	2508	1747	0	0	0	0	1776864519141
1853	1099	2377	1753	0	0	0	0	1776864520395
1808	1110	2430	1742	0	0	0	0	1776864521369
1837	1107	2471	1763	0	0	0	0	1776864522525
1845	1072	2490	1742	0	0	0	0	1776864523877
1827	1096	2496	1749	0	0	0	0	1776864525407
1831	1102	2384	1709	0	0	0	0	1776864526744
1804	1117	0	1730	0	0	0	0	1776864528105
1827	1142	2441	1736	0	0	0	0	1776864529280
1845	1076	2470	1745	0	0	0	0	1776864530698
1773	996	2488	1594	0	0	0	0	1776864532165
1815	1087	2494	0	0	0	0	0	1776864533713
1805	1107	2369	1651	0	0	0	0	1776864534714
1844	1100	2381	1698	0	0	0	0	1776864535935
1803	1064	2431	1765	0	0	0	0	1776864537350
1810	1017	2465	1745	0	0	0	0	1776864538778
1833	1083	2467	1724	0	0	0	0	1776864540159
1823	0	2392	1736	0	0	0	0	1776864541436
1808	1097	2436	1742	0	0	0	0	1776864542513
1831	1119	2449	1756	0	0	0	0	1776864543637
1840	1122	2469	1752	0	0	0	0	1776864544765
1771	1019	2354	1709	0	0	0	0	1776864546125
1804	1051	2400	1737	0	0	0	0	1776864547581
1822	1104	2440	1749	0	0	0	0	1776864548857
1806	1126	2459	1749	0	0	0	0	1776864550219
1839	976	0	1743	0	0	0	0	1776864551418
1766	1017	2475	1603	0	0	0	0	1776864552790
1795	1099	2332	1681	0	0	0	0	1776864554164
1823	1125	2386	1764	0	0	0	0	1776864555372
