7153	2213	4327	14132	0	0	0	0	1775513874913
7052	2179	4309	14094	0	0	0	0	1775513876367
7057	2123	4271	14105	0	0	0	0	1775513877658
7140	2146	4428	0	0	0	0	0	1775513879406
7152	2159	4460	14520	0	0	0	0	1775513880422
7157	2207	4438	14558	0	0	0	0	1775513881400
7370	2202	4434	14755	0	0	0	0	1775513882402
7262	2193	4412	14596	0	0	0	0	1775513883415
7276	2205	4339	14606	0	0	0	0	1775513884415
7391	2209	4439	14258	0	0	0	0	1775513885416
7347	2196	4393	14491	0	0	0	0	1775513886414
7356	2213	4436	14681	0	0	0	0	1775513887416
7278	2134	4479	14277	0	0	0	0	1775513888421
7128	2190	4282	14129	0	0	0	0	1775513889416
7426	2123	4289	14123	0	0	0	0	1775513890430
7386	2207	4471	14766	0	0	0	0	1775513891432
7193	2126	4286	14254	0	0	0	0	1775513892446
7326	2218	4323	14274	0	0	0	0	1775513893470
7379	2190	4309	14178	0	0	0	0	1775513894478
7387	2125	4365	14537	0	0	0	0	1775513895494
7247	2193	4453	14587	0	0	0	0	1775513896510
7413	2174	4359	14645	0	0	0	0	1775513897512
7237	2166	4382	14650	0	0	0	0	1775513898510
7258	2132	4286	14128	0	0	0	0	1775513899526
7447	2197	4338	14319	0	0	0	0	1775513900541
7224	2143	4388	14431	0	0	0	0	1775513901544
7299	2210	4483	14114	0	0	0	0	1775513902558
7287	2191	4409	14493	0	0	0	0	1775513903560
7330	2180	4437	14431	0	0	0	0	1775513904574
7147	2195	4403	14153	0	0	0	0	1775513905596
7266	2143	4393	14296	0	0	0	0	1775513906600
7119	2221	4364	14650	0	0	0	0	1775513907592
7326	2220	4469	14294	0	0	0	0	1775513908595
7367	2163	4273	14402	0	0	0	0	1775513910682
7152	2192	4283	14411	0	0	0	0	1775513911680
7236	2197	4357	14169	0	0	0	0	1775513912681
7402	2223	4392	14550	0	0	0	0	1775513913688
7408	2210	4386	14715	0	0	0	0	1775513914684
7334	2220	4334	14162	0	0	0	0	1775513915691
7176	2128	4317	14618	0	0	0	0	1775513916681
7248	2161	4303	14698	0	0	0	0	1775513917688
7347	2221	4283	14376	0	0	0	0	1775513918702
7291	2172	4289	14368	0	0	0	0	1775513919705
7163	2228	4418	14350	0	0	0	0	1775513920698
7407	2140	4389	14197	0	0	0	0	1775513921699
7161	2199	4338	14621	0	0	0	0	1775513922702
7269	2225	4394	14626	0	0	0	0	1775513923704
7189	2214	4343	14156	0	0	0	0	1775513924702
7238	2193	4324	14619	0	0	0	0	1775513925704
7321	2183	4355	14694	0	0	0	0	1775513926696
7172	2166	4378	14368	0	0	0	0	1775513927704
7321	2134	4399	14193	0	0	0	0	1775513928697
7249	2168	4293	14411	0	0	0	0	1775513929700
7248	2213	4462	14454	0	0	0	0	1775513930696
7167	2178	4389	14636	0	0	0	0	1775513931704
7241	2216	4318	14641	0	0	0	0	1775513932696
7279	2190	4350	14538	0	0	0	0	1775513933700
7108	2150	4382	14377	0	0	0	0	1775513934698
7178	2226	4404	14348	0	0	0	0	1775513935704
7113	2201	4310	14443	0	0	0	0	1775513936713
7147	2203	4372	14378	0	0	0	0	1775513937711
7218	2145	4377	14581	0	0	0	0	1775513938712
7393	2213	4278	14472	0	0	0	0	1775513939720
7119	2134	4356	14412	0	0	0	0	1775513940712
7269	2166	4277	14152	0	0	0	0	1775513941720
7139	2186	4285	14433	0	0	0	0	1775513942711
7299	2144	4364	14624	0	0	0	0	1775513943717
7265	2133	4402	14191	0	0	0	0	1775513944717
7232	2125	4472	14338	0	0	0	0	1775513945720
7386	2215	4369	14111	0	0	0	0	1775513946713
7208	2204	4420	14426	0	0	0	0	1775513947712
7379	2132	4447	14381	0	0	0	0	1775513948712
7221	2195	4400	14242	0	0	0	0	1775513949720
7260	2183	4466	14184	0	0	0	0	1775513950713
7132	2222	4374	14729	0	0	0	0	1775513951716
7209	2126	4308	14115	0	0	0	0	1775513952712
7396	2136	4305	14511	0	0	0	0	1775513953721
7374	2157	4432	14722	0	0	0	0	1775513954712
7251	2182	4296	14374	0	0	0	0	1775513955720
7284	2184	4297	14597	0	0	0	0	1775513956718
7106	2201	4383	14439	0	0	0	0	1775513957721
7223	2166	4435	14540	0	0	0	0	1775513958718
7448	2149	4344	14543	0	0	0	0	1775513959711
7346	2176	4328	14649	0	0	0	0	1775513960718
7292	2210	4373	14364	0	0	0	0	1775513961725
7419	2222	4477	14781	0	0	0	0	1775513962718
7164	2205	4280	14172	0	0	0	0	1775513963716
7263	2124	4306	14526	0	0	0	0	1775513964730
7164	2204	4358	14383	0	0	0	0	1775513965726
7303	2225	4399	14418	0	0	0	0	1775513966728
7164	2213	4476	14605	0	0	0	0	1775513967728
7381	2227	4326	14628	0	0	0	0	1775513968750
7285	2205	4371	14724	0	0	0	0	1775513969758
7324	2221	4368	14151	0	0	0	0	1775513970782
7107	2158	4364	14701	0	0	0	0	1775513971784
7360	2219	4439	14459	0	0	0	0	1775513972776
7242	2208	4464	14710	0	0	0	0	1775513973779
7325	2161	4309	14663	0	0	0	0	1775513974776
7124	2170	4337	14728	0	0	0	0	1775513975788
7389	2144	4336	14446	0	0	0	0	1775513976776
7209	2189	4424	14289	0	0	0	0	1775513977777
7399	2142	4389	14599	0	0	0	0	1775513978776
7152	2224	4334	14680	0	0	0	0	1775513979790
7172	2169	4330	14527	0	0	0	0	1775513980798
7299	2222	4391	14658	0	0	0	0	1775513981804
7284	2224	4387	14125	0	0	0	0	1775513982808
7182	2204	4323	14679	0	0	0	0	1775513983806
7148	2203	4339	14619	0	0	0	0	1775513984809
7304	2207	4310	14186	0	0	0	0	1775513985822
7168	2222	4456	14203	0	0	0	0	1775513986820
7329	2139	4342	14247	0	0	0	0	1775513987822
7170	2215	4319	14250	0	0	0	0	1775513988839
7209	2143	4293	14764	0	0	0	0	1775513989838
7340	2125	4423	14623	0	0	0	0	1775513990836
7304	2165	4411	14542	0	0	0	0	1775513991854
7316	2123	4387	14404	0	0	0	0	1775513992852
7125	2193	4351	14115	0	0	0	0	1775513993870
7124	2223	4476	14322	0	0	0	0	1775513994872
7232	2167	4437	14138	0	0	0	0	1775513995869
7332	2167	4302	14369	0	0	0	0	1775513996872
7361	2141	4335	14567	0	0	0	0	1775513997885
7409	2192	4475	14632	0	0	0	0	1775513998888
7106	2197	4406	14722	0	0	0	0	1775513999901
7193	2143	4442	14279	0	0	0	0	1775514000926
7294	2181	4340	14772	0	0	0	0	1775514001932
7418	2145	4347	14352	0	0	0	0	1775514002937
7275	2139	4394	14425	0	0	0	0	1775514003945
7296	2134	4455	14731	0	0	0	0	1775514004949
7301	2221	4296	14200	0	0	0	0	1775514005963
7173	2203	4314	14466	0	0	0	0	1775514006969
7138	2124	4337	14561	0	0	0	0	1775514007977
7153	2207	4426	14475	0	0	0	0	1775514008978
7437	2198	4402	14718	0	0	0	0	1775514009989
7201	2134	4272	14539	0	0	0	0	1775514010984
7322	2198	4459	14763	0	0	0	0	1775514011976
7315	2202	4444	14600	0	0	0	0	1775514012984
7340	2221	4358	14175	0	0	0	0	1775514013982
7326	2170	4476	14278	0	0	0	0	1775514014984
7399	2185	4271	14395	0	0	0	0	1775514015976
7388	2197	4284	14699	0	0	0	0	1775514016978
7190	2149	4379	14609	0	0	0	0	1775514017982
7160	2192	4379	14550	0	0	0	0	1775514018978
7309	2152	4277	14761	0	0	0	0	1775514019976
7408	2180	4284	14772	0	0	0	0	1775514020985
7251	2213	4281	14561	0	0	0	0	1775514021977
7426	2163	4354	14347	0	0	0	0	1775514022984
7450	2190	4431	14176	0	0	0	0	1775514023977
7286	2151	4415	14440	0	0	0	0	1775514024984
7116	2125	4447	14350	0	0	0	0	1775514025982
7381	2135	4428	14229	0	0	0	0	1775514026980
7329	2224	4322	14374	0	0	0	0	1775514027976
7302	2204	4327	14473	0	0	0	0	1775514028984
7172	2129	4364	14393	0	0	0	0	1775514029982
7135	2168	4434	14392	0	0	0	0	1775514030983
7318	2140	4297	14540	0	0	0	0	1775514031978
7309	2151	4353	14350	0	0	0	0	1775514032984
7231	2137	4398	14163	0	0	0	0	1775514033980
7256	2137	4417	14246	0	0	0	0	1775514034979
7345	2208	4436	14554	0	0	0	0	1775514035998
7335	2177	4390	14430	0	0	0	0	1775514037003
7352	2228	4317	14405	0	0	0	0	1775514037992
7143	2137	4405	14285	0	0	0	0	1775514039000
7345	2153	4319	14667	0	0	0	0	1775514039998
7429	2182	4300	14218	0	0	0	0	1775514040992
7266	2161	4309	14253	0	0	0	0	1775514041992
7408	2215	4480	14715	0	0	0	0	1775514043001
7170	2210	4289	14485	0	0	0	0	1775514043998
7110	2133	4385	14508	0	0	0	0	1775514044992
7247	2216	4454	14579	0	0	0	0	1775514045992
7342	2151	4376	14384	0	0	0	0	1775514047000
7434	2190	4387	14788	0	0	0	0	1775514048009
7229	2220	4445	14660	0	0	0	0	1775514049012
7156	2167	4382	14409	0	0	0	0	1775514050014
7302	2211	4272	14462	0	0	0	0	1775514051014
7194	2196	4414	14712	0	0	0	0	1775514052008
7300	2147	4424	14325	0	0	0	0	1775514053008
7136	2220	4390	14542	0	0	0	0	1775514054008
7435	2212	4446	14127	0	0	0	0	1775514055009
7291	2157	4395	14354	0	0	0	0	1775514056008
7262	2147	4433	14664	0	0	0	0	1775514057008
7368	2226	4286	14400	0	0	0	0	1775514058008
7434	2208	4439	14608	0	0	0	0	1775514059016
7259	2140	4283	14353	0	0	0	0	1775514060008
7227	2225	4435	14720	0	0	0	0	1775514061016
7256	2149	4352	14573	0	0	0	0	1775514062009
7141	2206	4347	14172	0	0	0	0	1775514063009
7402	2203	4282	14234	0	0	0	0	1775514064008
7231	2203	4473	14777	0	0	0	0	1775514065016
7356	2174	4303	14344	0	0	0	0	1775514066008
7299	2145	4336	14617	0	0	0	0	1775514067016
7122	2222	4444	14562	0	0	0	0	1775514068014
7132	2219	4299	14539	0	0	0	0	1775514069016
7451	2221	4287	14233	0	0	0	0	1775514070014
7345	2215	4372	14228	0	0	0	0	1775514071016
7349	2206	4352	14517	0	0	0	0	1775514072030
7362	2152	4369	14288	0	0	0	0	1775514073032
7308	2176	4299	14284	0	0	0	0	1775514074024
7312	2197	4445	14498	0	0	0	0	1775514075024
7206	2192	4421	14757	0	0	0	0	1775514076046
7271	2123	4453	14556	0	0	0	0	1775514077048
7434	2185	4405	14440	0	0	0	0	1775514078040
7439	2177	4339	14548	0	0	0	0	1775514079049
7289	2197	4380	14258	0	0	0	0	1775514080039
7387	2130	4414	14382	0	0	0	0	1775514081048
7416	2165	4326	14606	0	0	0	0	1775514082040
7349	2183	4385	14354	0	0	0	0	1775514083048
7142	2191	4316	14644	0	0	0	0	1775514084040
7407	2201	4335	14255	0	0	0	0	1775514085048
7276	2172	4455	14685	0	0	0	0	1775514086058
7275	2204	4343	14436	0	0	0	0	1775514087055
7386	2228	4438	14182	0	0	0	0	1775514088056
7099	2179	4462	14281	0	0	0	0	1775514089062
7430	2172	4299	14611	0	0	0	0	1775514090056
7193	2149	4476	14465	0	0	0	0	1775514091055
7380	2153	4310	14588	0	0	0	0	1775514092062
7115	2181	4433	14341	0	0	0	0	1775514093064
7317	2221	4305	14412	0	0	0	0	1775514094057
7228	2194	4396	14755	0	0	0	0	1775514095055
7210	2226	4319	14321	0	0	0	0	1775514096056
7319	2183	4395	14766	0	0	0	0	1775514097064
7372	2194	4387	14589	0	0	0	0	1775514098078
7301	2177	4352	14162	0	0	0	0	1775514099084
7118	2221	4375	14624	0	0	0	0	1775514100075
7247	2223	4447	14261	0	0	0	0	1775514101080
7304	2195	4290	14793	0	0	0	0	1775514102072
7177	2127	4465	14740	0	0	0	0	1775514103071
7308	2123	4459	14290	0	0	0	0	1775514104072
7360	2214	4476	14256	0	0	0	0	1775514105073
7268	2161	4275	14141	0	0	0	0	1775514106073
7329	2223	4348	14363	0	0	0	0	1775514107075
7390	2200	4315	14683	0	0	0	0	1775514108070
7345	2164	4386	14624	0	0	0	0	1775514109077
7450	2152	4363	14498	0	0	0	0	1775514110072
7216	2208	4366	14512	0	0	0	0	1775514111080
7431	2125	4351	14759	0	0	0	0	1775514112074
7408	2209	4425	14170	0	0	0	0	1775514113070
7164	2150	4295	14196	0	0	0	0	1775514114072
7256	2160	4329	14699	0	0	0	0	1775514115080
7264	2205	4478	14705	0	0	0	0	1775514116072
7228	2200	4283	14105	0	0	0	0	1775514117075
7221	2155	4450	14324	0	0	0	0	1775514118072
7254	2163	4473	14649	0	0	0	0	1775514119085
7337	2152	4449	14204	0	0	0	0	1775514120094
7160	2212	4341	14301	0	0	0	0	1775514121102
7162	2169	4392	14623	0	0	0	0	1775514122117
7319	2192	4398	14612	0	0	0	0	1775514123117
7296	2225	4290	14243	0	0	0	0	1775514124120
7127	2185	4341	14318	0	0	0	0	1775514125118
7214	2206	4306	14255	0	0	0	0	1775514126118
7104	2200	4438	14471	0	0	0	0	1775514127131
7407	2172	4362	14300	0	0	0	0	1775514128120
7429	2177	4385	14224	0	0	0	0	1775514129128
7183	2205	4376	14568	0	0	0	0	1775514130117
7216	2167	4325	14369	0	0	0	0	1775514131118
7138	2154	4364	14214	0	0	0	0	1775514132134
7181	2183	4395	14576	0	0	0	0	1775514133134
7168	2159	4333	14287	0	0	0	0	1775514134136
7102	2125	4295	14151	0	0	0	0	1775514135134
7380	2186	4281	14529	0	0	0	0	1775514136136
7231	2214	4427	14368	0	0	0	0	1775514137150
7202	2200	4391	14142	0	0	0	0	1775514138162
7213	2213	4441	14388	0	0	0	0	1775514139165
7216	2181	4320	14442	0	0	0	0	1775514140174
7141	2220	4308	14650	0	0	0	0	1775514141182
7353	2216	4447	14396	0	0	0	0	1775514142180
7445	2134	4282	14352	0	0	0	0	1775514143182
7156	2161	4290	14353	0	0	0	0	1775514144184
7254	2131	4285	14609	0	0	0	0	1775514145198
7368	2221	4406	14199	0	0	0	0	1775514146200
7283	2152	4286	14534	0	0	0	0	1775514147197
7412	2185	4428	14396	0	0	0	0	1775514148197
7127	2150	4288	14151	0	0	0	0	1775514149214
7183	2177	4315	14142	0	0	0	0	1775514150216
7126	2219	4483	14505	0	0	0	0	1775514151214
7303	2181	4382	14597	0	0	0	0	1775514152219
7297	2146	4305	14605	0	0	0	0	1775514153213
7175	2133	4470	14108	0	0	0	0	1775514154217
7365	2150	4455	14450	0	0	0	0	1775514155230
7365	2198	4326	14172	0	0	0	0	1775514156232
7365	2185	4460	14561	0	0	0	0	1775514157243
7403	2140	4296	14110	0	0	0	0	1775514158258
7277	2218	4299	14470	0	0	0	0	1775514159258
7242	2173	4480	14350	0	0	0	0	1775514160264
7213	2161	4465	14134	0	0	0	0	1775514161278
7401	2188	4389	14261	0	0	0	0	1775514162275
7306	2152	4290	14273	0	0	0	0	1775514163274
7138	2193	4299	14580	0	0	0	0	1775514164280
7296	2153	4445	14690	0	0	0	0	1775514165294
7100	2225	4466	14162	0	0	0	0	1775514166296
7429	2140	4292	14654	0	0	0	0	1775514167305
7368	2221	4412	14338	0	0	0	0	1775514168311
7382	2129	4310	14226	0	0	0	0	1775514169310
7369	2197	4338	14691	0	0	0	0	1775514170311
7118	2190	4402	14314	0	0	0	0	1775514171324
7152	2202	4393	14239	0	0	0	0	1775514172328
7219	2163	4382	14205	0	0	0	0	1775514173326
7401	2158	4381	14140	0	0	0	0	1775514174401
7417	2205	4338	14544	0	0	0	0	1775514175326
7330	2135	4477	14627	0	0	0	0	1775514176329
7334	2192	4295	14594	0	0	0	0	1775514177320
7376	2176	4455	14654	0	0	0	0	1775514178326
7385	2197	4395	14640	0	0	0	0	1775514179320
7189	2173	4337	14599	0	0	0	0	1775514180328
7156	2213	4370	14669	0	0	0	0	1775514181320
7112	2140	4345	14513	0	0	0	0	1775514182321
7199	2184	4340	14448	0	0	0	0	1775514183342
7289	2157	4373	14496	0	0	0	0	1775514184339
7211	2143	4406	14424	0	0	0	0	1775514185336
7372	2163	4293	14116	0	0	0	0	1775514186340
7133	2182	4471	14764	0	0	0	0	1775514187336
7345	2126	4407	14579	0	0	0	0	1775514188344
7436	2160	4316	14272	0	0	0	0	1775514189336
7435	2123	4426	14690	0	0	0	0	1775514190337
7102	2181	4441	14154	0	0	0	0	1775514191336
7429	2205	4448	14279	0	0	0	0	1775514192345
7435	2192	4475	14432	0	0	0	0	1775514193337
7176	2163	4363	14408	0	0	0	0	1775514194344
7170	2127	4465	14686	0	0	0	0	1775514195359
7123	2167	4349	14121	0	0	0	0	1775514196360
7292	2141	4368	14172	0	0	0	0	1775514197352
7360	2162	4449	14764	0	0	0	0	1775514198360
7402	2167	4312	14242	0	0	0	0	1775514199353
7432	2191	4350	14263	0	0	0	0	1775514200359
7115	2176	4290	14781	0	0	0	0	1775514201371
7119	2144	4335	14696	0	0	0	0	1775514202376
7306	2192	4412	14246	0	0	0	0	1775514203368
7200	2213	4454	14589	0	0	0	0	1775514204394
7435	2168	4272	14241	0	0	0	0	1775514205377
7143	2200	4318	14782	0	0	0	0	1775514206376
7394	2126	4390	14797	0	0	0	0	1775514207374
7403	2206	4476	14715	0	0	0	0	1775514208376
7346	2130	4407	14372	0	0	0	0	1775514209387
7447	2220	4278	14495	0	0	0	0	1775514210383
7317	2199	4378	14759	0	0	0	0	1775514211384
7306	2144	4305	14786	0	0	0	0	1775514212392
7325	2155	4369	14158	0	0	0	0	1775514213384
7220	2157	4336	14375	0	0	0	0	1775514214385
7381	2189	4364	14587	0	0	0	0	1775514215406
7405	2148	4378	14781	0	0	0	0	1775514216403
7418	2182	4418	14373	0	0	0	0	1775514217400
7105	2163	4337	14317	0	0	0	0	1775514218414
7237	2176	4450	14588	0	0	0	0	1775514219417
7440	2155	4455	14203	0	0	0	0	1775514220419
7394	2209	4457	14800	0	0	0	0	1775514221416
7323	2149	4387	14255	0	0	0	0	1775514222430
7285	2128	4441	14306	0	0	0	0	1775514223432
7417	2202	4369	14295	0	0	0	0	1775514224444
7393	2171	4400	14295	0	0	0	0	1775514225431
7320	2125	4417	14651	0	0	0	0	1775514226430
7118	2160	4459	14643	0	0	0	0	1775514227438
7251	2131	4436	14455	0	0	0	0	1775514228430
7331	2201	4466	14710	0	0	0	0	1775514229432
7142	2219	4434	14692	0	0	0	0	1775514230430
7439	2168	4393	14430	0	0	0	0	1775514231432
7221	2137	4442	14142	0	0	0	0	1775514232445
7191	2187	4276	14194	0	0	0	0	1775514233454
7418	2171	4434	14192	0	0	0	0	1775514234461
7177	2228	4297	14263	0	0	0	0	1775514235470
7166	2146	4460	14259	0	0	0	0	1775514236478
7441	2137	4422	14695	0	0	0	0	1775514237480
7147	2136	4342	14216	0	0	0	0	1775514238488
7129	2149	4408	14515	0	0	0	0	1775514239478
7179	2123	4422	14794	0	0	0	0	1775514240478
7253	2148	4318	14219	0	0	0	0	1775514241481
7440	2149	4308	14775	0	0	0	0	1775514242481
7385	2224	4340	14658	0	0	0	0	1775514243480
7169	2138	4287	14429	0	0	0	0	1775514244476
7133	2166	4307	14304	0	0	0	0	1775514245502
7211	2210	4336	14807	0	0	0	0	1775514246506
7272	2178	4344	14294	0	0	0	0	1775514247496
7303	2208	4465	14558	0	0	0	0	1775514248494
7419	2133	4430	14361	0	0	0	0	1775514249493
7339	2218	4430	14689	0	0	0	0	1775514250510
7279	2185	4427	14734	0	0	0	0	1775514251512
7100	2155	4358	14323	0	0	0	0	1775514252523
7247	2188	4409	14278	0	0	0	0	1775514253528
7369	2226	4333	14194	0	0	0	0	1775514254542
7181	2187	4336	14666	0	0	0	0	1775514255543
7363	2127	4376	14573	0	0	0	0	1775514256542
7451	2152	4364	14731	0	0	0	0	1775514257545
7337	2174	4312	14631	0	0	0	0	1775514258558
7411	2139	4310	14589	0	0	0	0	1775514259560
7326	2165	4482	14347	0	0	0	0	1775514260558
7113	2207	4299	14802	0	0	0	0	1775514261557
7214	2148	4292	14657	0	0	0	0	1775514262574
7338	2152	4325	14225	0	0	0	0	1775514263576
7201	2125	4431	14151	0	0	0	0	1775514264573
7418	2153	4433	14488	0	0	0	0	1775514265576
7108	2150	4393	14569	0	0	0	0	1775514266570
7240	2140	4340	14106	0	0	0	0	1775514267576
7360	2163	4479	14160	0	0	0	0	1775514268574
7292	2217	4428	14773	0	0	0	0	1775514269576
7316	2160	4460	14225	0	0	0	0	1775514270574
7440	2191	4285	14508	0	0	0	0	1775514271576
7170	2140	4416	14336	0	0	0	0	1775514272574
7309	2226	4404	14411	0	0	0	0	1775514273573
7103	2182	4416	14457	0	0	0	0	1775514274584
7144	2162	4463	14755	0	0	0	0	1775514275576
7335	2194	4386	14777	0	0	0	0	1775514276583
7295	2224	4450	14311	0	0	0	0	1775514277577
7189	2214	4354	14744	0	0	0	0	1775514278574
7134	2162	4282	14380	0	0	0	0	1775514279572
7339	2165	4409	14738	0	0	0	0	1775514280574
7420	2187	4426	14327	0	0	0	0	1775514281575
7423	2124	4409	14199	0	0	0	0	1775514282587
7365	2127	4440	14575	0	0	0	0	1775514283592
7145	2166	4464	14747	0	0	0	0	1775514284586
7403	2168	4473	14757	0	0	0	0	1775514285592
7432	2136	4415	14177	0	0	0	0	1775514286586
7298	2172	4410	14298	0	0	0	0	1775514287592
7427	2124	4427	14586	0	0	0	0	1775514288589
7153	2129	4318	14212	0	0	0	0	1775514289592
7331	2213	4343	14723	0	0	0	0	1775514290602
7295	2224	4482	14602	0	0	0	0	1775514291627
7153	2176	4410	14681	0	0	0	0	1775514292635
7355	2150	4314	14356	0	0	0	0	1775514293634
7278	2198	4456	14301	0	0	0	0	1775514294633
7363	2142	4358	14439	0	0	0	0	1775514295641
7222	2211	4417	14469	0	0	0	0	1775514296654
7295	2158	4423	14193	0	0	0	0	1775514297657
7110	2211	4332	14793	0	0	0	0	1775514298649
7201	2149	4331	14585	0	0	0	0	1775514299657
7280	2224	4465	14806	0	0	0	0	1775514300648
7151	2202	4308	14383	0	0	0	0	1775514301650
7200	2201	4330	14790	0	0	0	0	1775514302654
7218	2170	4414	14488	0	0	0	0	1775514303663
7334	2204	4414	14590	0	0	0	0	1775514304654
7168	2221	4328	14519	0	0	0	0	1775514305656
7204	2195	4328	14256	0	0	0	0	1775514306648
7257	2157	4426	14450	0	0	0	0	1775514307656
7254	2184	4344	14260	0	0	0	0	1775514308648
7313	2201	4392	14118	0	0	0	0	1775514309657
7366	2163	4472	14196	0	0	0	0	1775514310648
7321	2179	4464	14587	0	0	0	0	1775514311656
7118	2193	4312	14793	0	0	0	0	1775514312648
7122	2216	4283	14178	0	0	0	0	1775514313656
7417	2221	4426	14264	0	0	0	0	1775514314670
7251	2133	4347	14217	0	0	0	0	1775514315667
7425	2136	4337	14610	0	0	0	0	1775514316664
7316	2142	4422	14370	0	0	0	0	1775514317665
7417	2205	4324	14550	0	0	0	0	1775514318664
7344	2211	4453	14322	0	0	0	0	1775514319686
7211	2142	4442	14512	0	0	0	0	1775514320681
7171	2184	4315	14451	0	0	0	0	1775514321686
7160	2142	4271	14568	0	0	0	0	1775514322680
7386	2211	4371	14789	0	0	0	0	1775514323688
7396	2141	4387	14222	0	0	0	0	1775514324682
7401	2205	4384	14722	0	0	0	0	1775514325687
7240	2124	4371	14704	0	0	0	0	1775514326681
7112	2178	4316	14474	0	0	0	0	1775514327689
7396	2221	4324	14567	0	0	0	0	1775514328686
7232	2179	4445	14260	0	0	0	0	1775514329682
7172	2134	4401	14165	0	0	0	0	1775514330686
7369	2173	4306	14736	0	0	0	0	1775514331688
7390	2173	4376	14628	0	0	0	0	1775514332692
7270	2162	4365	14168	0	0	0	0	1775514333685
7411	2224	4284	14536	0	0	0	0	1775514334686
7124	2124	4407	14225	0	0	0	0	1775514335688
7322	2170	4304	14323	0	0	0	0	1775514336680
7392	2125	4323	14790	0	0	0	0	1775514337688
7291	2195	4408	14150	0	0	0	0	1775514338680
7276	2127	4411	14190	0	0	0	0	1775514339679
7391	2147	4295	14801	0	0	0	0	1775514340680
7394	2167	4365	14675	0	0	0	0	1775514341687
7293	2157	4418	14212	0	0	0	0	1775514342681
7341	2133	4286	14287	0	0	0	0	1775514343708
7307	2134	4343	14196	0	0	0	0	1775514344696
7395	2198	4411	14191	0	0	0	0	1775514345704
7424	2171	4454	14525	0	0	0	0	1775514346716
7398	2225	4365	14107	0	0	0	0	1775514347714
7190	2225	4470	14428	0	0	0	0	1775514348724
7394	2178	4344	14466	0	0	0	0	1775514349713
7226	2123	4393	14616	0	0	0	0	1775514350712
7120	2131	4288	14142	0	0	0	0	1775514351714
7275	2143	4345	14188	0	0	0	0	1775514352713
7403	2163	4411	14654	0	0	0	0	1775514353720
7436	2182	4462	14174	0	0	0	0	1775514354712
7130	2154	4408	14185	0	0	0	0	1775514355711
7352	2218	4302	14221	0	0	0	0	1775514356712
7414	2140	4283	14398	0	0	0	0	1775514357711
7156	2172	4402	14802	0	0	0	0	1775514358712
7249	2177	4449	14409	0	0	0	0	1775514359720
7219	2225	4354	14284	0	0	0	0	1775514360712
7236	2182	4374	14260	0	0	0	0	1775514361720
7353	2219	4294	14442	0	0	0	0	1775514362713
7344	2157	4483	14300	0	0	0	0	1775514363720
7342	2154	4311	14140	0	0	0	0	1775514364711
7104	2180	4370	14375	0	0	0	0	1775514365720
7452	2147	4327	14148	0	0	0	0	1775514366712
7222	2183	4336	14500	0	0	0	0	1775514367720
7290	2186	4289	14783	0	0	0	0	1775514368718
7281	2220	4409	14795	0	0	0	0	1775514369720
7224	2204	4384	14175	0	0	0	0	1775514370718
7202	2202	4276	14419	0	0	0	0	1775514371720
7244	2137	4376	14125	0	0	0	0	1775514372714
7391	2206	4425	14144	0	0	0	0	1775514373714
7226	2218	4342	14464	0	0	0	0	1775514374728
7194	2182	4392	14659	0	0	0	0	1775514375736
7400	2134	4391	14532	0	0	0	0	1775514376728
7386	2190	4439	14613	0	0	0	0	1775514377727
7301	2194	4398	14285	0	0	0	0	1775514378734
7405	2124	4282	14322	0	0	0	0	1775514379736
7306	2169	4427	14405	0	0	0	0	1775514380728
7291	2163	4472	14247	0	0	0	0	1775514381736
7272	2189	4415	14382	0	0	0	0	1775514382744
7286	2169	4380	14540	0	0	0	0	1775514383758
7376	2167	4482	14498	0	0	0	0	1775514384760
7305	2176	4378	14361	0	0	0	0	1775514385757
7201	2207	4359	14254	0	0	0	0	1775514386760
7142	2153	4483	14645	0	0	0	0	1775514387757
7179	2144	4290	14149	0	0	0	0	1775514388760
7448	2129	4278	14702	0	0	0	0	1775514389758
7286	2217	4454	14603	0	0	0	0	1775514390760
7126	2162	4402	14687	0	0	0	0	1775514391772
7357	2169	4361	14501	0	0	0	0	1775514392758
7161	2144	4409	14130	0	0	0	0	1775514393758
7357	2182	4409	14222	0	0	0	0	1775514394762
7234	2219	4327	14763	0	0	0	0	1775514395774
7446	2131	4440	14253	0	0	0	0	1775514396798
7216	2222	4379	14237	0	0	0	0	1775514397789
7229	2188	4331	14340	0	0	0	0	1775514398792
7111	2145	4449	14717	0	0	0	0	1775514399806
7397	2213	4470	14372	0	0	0	0	1775514400808
7397	2166	4427	14105	0	0	0	0	1775514401809
7105	2201	4339	14679	0	0	0	0	1775514402805
7252	2222	4450	14171	0	0	0	0	1775514403818
7124	2208	4294	14524	0	0	0	0	1775514404806
7160	2204	4378	14211	0	0	0	0	1775514405822
7378	2220	4363	14254	0	0	0	0	1775514406824
7296	2124	4392	14708	0	0	0	0	1775514407822
7356	2155	4444	14231	0	0	0	0	1775514408823
7147	2196	4388	14678	0	0	0	0	1775514409833
7308	2192	4376	14623	0	0	0	0	1775514410824
7182	2158	4417	14264	0	0	0	0	1775514411833
7423	2142	4308	14352	0	0	0	0	1775514412824
7414	2168	4366	14696	0	0	0	0	1775514413831
7259	2225	4440	14225	0	0	0	0	1775514414824
7197	2135	4339	14580	0	0	0	0	1775514415838
7163	2176	4351	14207	0	0	0	0	1775514416839
7284	2175	4303	14584	0	0	0	0	1775514417854
7175	2225	4328	14111	0	0	0	0	1775514418867
7378	2156	4320	14161	0	0	0	0	1775514419886
7190	2171	4341	14182	0	0	0	0	1775514420888
7157	2166	4424	14502	0	0	0	0	1775514421886
7333	2162	4286	14453	0	0	0	0	1775514422883
7253	2173	4357	14711	0	0	0	0	1775514423898
7413	2200	4300	14692	0	0	0	0	1775514424904
7368	2148	4390	14457	0	0	0	0	1775514425918
7442	2217	4403	14586	0	0	0	0	1775514426920
7301	2170	4479	14118	0	0	0	0	1775514427929
7353	2156	4473	14439	0	0	0	0	1775514428917
7104	2173	4410	14368	0	0	0	0	1775514429927
7353	2223	4448	14780	0	0	0	0	1775514430921
7298	2168	4324	14247	0	0	0	0	1775514431934
7247	2184	4343	14338	0	0	0	0	1775514432930
7240	2139	4363	14406	0	0	0	0	1775514433950
7347	2196	4280	14596	0	0	0	0	1775514434945
7224	2197	4365	14598	0	0	0	0	1775514435950
7189	2215	4433	14765	0	0	0	0	1775514436952
7216	2217	4278	14785	0	0	0	0	1775514437962
7345	2184	4455	14632	0	0	0	0	1775514438963
7247	2210	4356	14543	0	0	0	0	1775514439976
7134	2144	4391	14542	0	0	0	0	1775514440984
7195	2181	4310	14293	0	0	0	0	1775514441976
7348	2173	4361	14110	0	0	0	0	1775514442984
7235	2168	4313	14378	0	0	0	0	1775514443977
7145	2185	4463	14109	0	0	0	0	1775514444979
7219	2155	4327	14310	0	0	0	0	1775514445982
7446	2198	4440	14123	0	0	0	0	1775514446984
7161	2174	4415	14678	0	0	0	0	1775514447982
7304	2211	4332	14566	0	0	0	0	1775514448985
7193	2150	4421	14158	0	0	0	0	1775514449982
7107	2153	4343	14458	0	0	0	0	1775514450978
7391	2185	4482	14559	0	0	0	0	1775514451976
7387	2156	4309	14161	0	0	0	0	1775514452979
7103	2213	4279	14777	0	0	0	0	1775514453976
7200	2211	4444	14390	0	0	0	0	1775514454978
7228	2126	4385	14559	0	0	0	0	1775514455976
7239	2189	4308	14357	0	0	0	0	1775514456984
7359	2174	4339	14135	0	0	0	0	1775514457994
7313	2224	4464	14806	0	0	0	0	1775514459000
7345	2154	4305	14587	0	0	0	0	1775514460014
7222	2165	4330	14170	0	0	0	0	1775514461015
7332	2209	4306	14676	0	0	0	0	1775514462008
7174	2167	4370	14406	0	0	0	0	1775514463014
7139	2170	4425	14242	0	0	0	0	1775514464030
7398	2169	4469	14153	0	0	0	0	1775514465028
7372	2131	4340	14197	0	0	0	0	1775514466024
7301	2196	4470	14303	0	0	0	0	1775514467032
7427	2151	4271	14733	0	0	0	0	1775514468024
7442	2200	4467	14687	0	0	0	0	1775514469023
7104	2132	4324	14732	0	0	0	0	1775514470023
7139	2198	4308	14198	0	0	0	0	1775514471032
7355	2130	4289	14608	0	0	0	0	1775514472029
7290	2157	4333	14204	0	0	0	0	1775514473033
7230	2215	4440	14440	0	0	0	0	1775514474025
7124	2223	4437	14192	0	0	0	0	1775514475032
7274	2176	4433	14771	0	0	0	0	1775514476024
7138	2138	4421	14556	0	0	0	0	1775514477032
7113	2223	4375	14409	0	0	0	0	1775514478024
7181	2222	4356	14451	0	0	0	0	1775514479032
7132	2191	4398	14603	0	0	0	0	1775514480030
7293	2126	4315	14340	0	0	0	0	1775514481027
7196	2172	4325	14404	0	0	0	0	1775514482024
7411	2167	4273	14231	0	0	0	0	1775514483028
7335	2160	4480	14198	0	0	0	0	1775514484024
7221	2151	4397	14261	0	0	0	0	1775514485040
7140	2144	4358	14733	0	0	0	0	1775514486040
7301	2162	4440	14391	0	0	0	0	1775514487044
7114	2153	4276	14338	0	0	0	0	1775514488040
7146	2160	4340	14348	0	0	0	0	1775514489048
7341	2199	4309	14116	0	0	0	0	1775514490046
7380	2213	4316	14553	0	0	0	0	1775514491048
7274	2208	4301	14472	0	0	0	0	1775514492040
7209	2132	4360	14665	0	0	0	0	1775514493048
7398	2188	4298	14734	0	0	0	0	1775514494040
7304	2211	4284	14634	0	0	0	0	1775514495048
7295	2174	4361	14807	0	0	0	0	1775514496040
7254	2221	4378	14361	0	0	0	0	1775514497048
7447	2212	4308	14459	0	0	0	0	1775514498056
7223	2194	4276	14144	0	0	0	0	1775514499055
7216	2228	4384	14685	0	0	0	0	1775514500069
7289	2216	4351	14129	0	0	0	0	1775514501063
7342	2123	4390	14328	0	0	0	0	1775514502056
7218	2163	4468	14369	0	0	0	0	1775514503060
7374	2149	4439	14304	0	0	0	0	1775514504056
7429	2141	4295	14493	0	0	0	0	1775514505055
7261	2184	4370	14690	0	0	0	0	1775514506057
7404	2138	4364	14481	0	0	0	0	1775514507057
7298	2193	4423	14448	0	0	0	0	1775514508054
7252	2162	4283	14461	0	0	0	0	1775514509064
7304	2139	4283	14227	0	0	0	0	1775514510057
7431	2213	4271	14145	0	0	0	0	1775514511065
7373	2130	4359	14433	0	0	0	0	1775514512070
7244	2188	4433	14413	0	0	0	0	1775514513072
7345	2220	4281	14215	0	0	0	0	1775514514078
7282	2198	4271	14510	0	0	0	0	1775514515085
7118	2209	4417	14566	0	0	0	0	1775514516091
7358	2211	4281	14661	0	0	0	0	1775514517101
7277	2134	4401	14645	0	0	0	0	1775514518104
7384	2127	4392	14465	0	0	0	0	1775514519112
7220	2171	4315	14493	0	0	0	0	1775514520104
7446	2183	4284	14168	0	0	0	0	1775514521108
7168	2186	4354	14337	0	0	0	0	1775514522104
7240	2176	4471	14173	0	0	0	0	1775514523111
7396	2224	4470	14583	0	0	0	0	1775514524104
7274	2191	4307	14384	0	0	0	0	1775514525114
7311	2222	4408	14112	0	0	0	0	1775514526101
7446	2167	4272	14768	0	0	0	0	1775514527102
7366	2206	4383	14273	0	0	0	0	1775514528110
7327	2167	4418	14801	0	0	0	0	1775514529118
7319	2148	4322	14396	0	0	0	0	1775514530120
7373	2186	4457	14496	0	0	0	0	1775514531131
7451	2134	4281	14530	0	0	0	0	1775514532117
7287	2225	4401	14311	0	0	0	0	1775514533117
7429	2183	4285	14525	0	0	0	0	1775514534121
7286	2207	4446	14447	0	0	0	0	1775514535130
7212	2185	4419	14754	0	0	0	0	1775514536120
7156	2136	4308	14148	0	0	0	0	1775514537133
7140	2159	4403	14586	0	0	0	0	1775514538158
7383	2138	4473	14675	0	0	0	0	1775514539151
7368	2151	4318	14590	0	0	0	0	1775514540152
7445	2219	4465	14369	0	0	0	0	1775514541151
7246	2169	4386	14376	0	0	0	0	1775514542151
7393	2165	4404	14623	0	0	0	0	1775514543165
7328	2215	4300	14613	0	0	0	0	1775514544168
7160	2225	4465	14622	0	0	0	0	1775514545166
7296	2178	4277	14178	0	0	0	0	1775514546165
7132	2226	4311	14569	0	0	0	0	1775514547180
7202	2160	4298	14360	0	0	0	0	1775514548184
7449	2179	4307	14494	0	0	0	0	1775514549198
7366	2188	4315	14421	0	0	0	0	1775514550200
7109	2207	4418	14620	0	0	0	0	1775514551208
7144	2125	4290	14398	0	0	0	0	1775514552196
7281	2218	4274	14331	0	0	0	0	1775514553214
7202	2221	4460	14342	0	0	0	0	1775514554213
7413	2215	4440	14747	0	0	0	0	1775514555214
7265	2161	4422	14323	0	0	0	0	1775514556216
7419	2197	4449	14546	0	0	0	0	1775514557229
7434	2154	4442	14129	0	0	0	0	1775514558232
7306	2133	4342	14450	0	0	0	0	1775514559242
7259	2197	4316	14496	0	0	0	0	1775514560232
7113	2183	4298	14211	0	0	0	0	1775514561240
7196	2129	4436	14284	0	0	0	0	1775514562232
7253	2193	4457	14293	0	0	0	0	1775514563246
7179	2211	4280	14377	0	0	0	0	1775514564244
7194	2161	4393	14705	0	0	0	0	1775514565263
7418	2156	4454	14218	0	0	0	0	1775514566264
7401	2204	4362	14780	0	0	0	0	1775514567262
7376	2156	4478	14316	0	0	0	0	1775514568264
7381	2224	4397	14785	0	0	0	0	1775514569262
7430	2222	4276	14769	0	0	0	0	1775514570264
7318	2217	4457	14388	0	0	0	0	1775514571259
7440	2195	4335	14202	0	0	0	0	1775514572261
7367	2151	4395	14117	0	0	0	0	1775514573262
7347	2214	4423	14428	0	0	0	0	1775514574264
7277	2178	4415	14483	0	0	0	0	1775514575278
7260	2164	4473	14178	0	0	0	0	1775514576277
7352	2213	4476	14441	0	0	0	0	1775514577276
7101	2210	4400	14229	0	0	0	0	1775514578279
7219	2154	4475	14445	0	0	0	0	1775514579278
7386	2141	4371	14364	0	0	0	0	1775514580280
7296	2213	4398	14641	0	0	0	0	1775514581294
7108	2152	4334	14339	0	0	0	0	1775514582292
7286	2199	4278	14526	0	0	0	0	1775514583292
7350	2225	4273	14525	0	0	0	0	1775514584296
7117	2186	4481	14338	0	0	0	0	1775514585294
7296	2175	4434	14406	0	0	0	0	1775514586296
7141	2138	4377	14504	0	0	0	0	1775514587308
7389	2135	4443	14476	0	0	0	0	1775514588308
7250	2217	4352	14256	0	0	0	0	1775514589310
7111	2190	4274	14356	0	0	0	0	1775514590305
7341	2225	4331	14758	0	0	0	0	1775514591321
7284	2171	4408	14142	0	0	0	0	1775514592328
7432	2216	4332	14207	0	0	0	0	1775514593320
7440	2133	4457	14737	0	0	0	0	1775514594372
7323	2209	4283	14588	0	0	0	0	1775514595320
7371	2179	4384	14302	0	0	0	0	1775514596321
7213	2197	4393	14107	0	0	0	0	1775514597337
7319	2154	4278	14698	0	0	0	0	1775514598344
7313	2148	4400	14332	0	0	0	0	1775514599342
7422	2192	4439	14139	0	0	0	0	1775514600339
7156	2127	4416	14466	0	0	0	0	1775514601339
7278	2140	4291	14444	0	0	0	0	1775514602344
7269	2185	4287	14361	0	0	0	0	1775514603336
7266	2227	4298	14125	0	0	0	0	1775514604345
7130	2196	4455	14221	0	0	0	0	1775514605337
7107	2224	4482	14631	0	0	0	0	1775514606344
7188	2154	4421	14438	0	0	0	0	1775514607337
7277	2214	4309	14645	0	0	0	0	1775514608344
7118	2178	4458	14750	0	0	0	0	1775514609342
7278	2186	4456	14279	0	0	0	0	1775514610344
7401	2200	4277	14117	0	0	0	0	1775514611337
7380	2178	4428	14683	0	0	0	0	1775514612350
7212	2156	4331	14576	0	0	0	0	1775514613337
7373	2214	4410	14307	0	0	0	0	1775514614344
7267	2187	4337	14162	0	0	0	0	1775514615336
7390	2204	4446	14586	0	0	0	0	1775514616344
7158	2156	4400	14703	0	0	0	0	1775514617358
7152	2132	4398	14467	0	0	0	0	1775514618357
7190	2139	4433	14158	0	0	0	0	1775514619353
7322	2169	4288	14780	0	0	0	0	1775514620360
7123	2173	4362	14792	0	0	0	0	1775514621352
7260	2187	4352	14364	0	0	0	0	1775514622352
7409	2224	4425	14630	0	0	0	0	1775514623352
7194	2152	4450	14392	0	0	0	0	1775514624395
7381	2213	4297	14261	0	0	0	0	1775514625352
7397	2124	4405	14283	0	0	0	0	1775514626352
7439	2227	4445	14344	0	0	0	0	1775514627352
7117	2168	4417	14414	0	0	0	0	1775514628360
7304	2163	4393	14809	0	0	0	0	1775514629352
7138	2127	4449	14491	0	0	0	0	1775514630360
7234	2167	4466	14153	0	0	0	0	1775514631358
7303	2211	4307	14641	0	0	0	0	1775514632360
7391	2217	4322	14412	0	0	0	0	1775514633352
7198	2195	4469	14592	0	0	0	0	1775514634360
7293	2128	4295	14573	0	0	0	0	1775514635358
7156	2194	4458	14408	0	0	0	0	1775514636360
7292	2132	4388	14154	0	0	0	0	1775514637353
7242	2192	4336	14583	0	0	0	0	1775514638360
7185	2193	4428	14496	0	0	0	0	1775514639374
7133	2178	4450	14344	0	0	0	0	1775514640367
7322	2189	4476	14685	0	0	0	0	1775514641368
7371	2206	4433	14602	0	0	0	0	1775514642371
7274	2133	4329	14665	0	0	0	0	1775514643369
7337	2201	4359	14691	0	0	0	0	1775514644377
7201	2168	4386	14474	0	0	0	0	1775514645368
7153	2142	4453	14262	0	0	0	0	1775514646376
7308	2208	4466	14609	0	0	0	0	1775514647368
7420	2177	4275	14688	0	0	0	0	1775514648376
7161	2194	4379	14195	0	0	0	0	1775514649368
7439	2161	4483	14404	0	0	0	0	1775514650376
7265	2224	4333	14761	0	0	0	0	1775514651368
7373	2183	4275	14638	0	0	0	0	1775514652376
7198	2131	4402	14187	0	0	0	0	1775514653368
7179	2215	4447	14400	0	0	0	0	1775514654443
7414	2123	4351	14439	0	0	0	0	1775514655368
7450	2164	4301	14250	0	0	0	0	1775514656377
7162	2124	4294	14212	0	0	0	0	1775514657369
7429	2186	4369	14579	0	0	0	0	1775514658374
7352	2151	4277	14276	0	0	0	0	1775514659369
7388	2202	4382	14790	0	0	0	0	1775514660376
7270	2126	4279	14507	0	0	0	0	1775514661368
7439	2159	4350	14579	0	0	0	0	1775514662368
7222	2162	4287	14253	0	0	0	0	1775514663390
7281	2159	4330	14547	0	0	0	0	1775514664392
7137	2138	4461	14122	0	0	0	0	1775514665385
7445	2167	4402	14756	0	0	0	0	1775514666386
7294	2160	4386	14356	0	0	0	0	1775514667384
7216	2198	4390	14114	0	0	0	0	1775514668383
7257	2197	4294	14120	0	0	0	0	1775514669384
7252	2186	4286	14166	0	0	0	0	1775514670392
7324	2197	4309	14665	0	0	0	0	1775514671384
7337	2198	4294	14763	0	0	0	0	1775514672392
7216	2192	4309	14759	0	0	0	0	1775514673384
7344	2140	4418	14771	0	0	0	0	1775514674393
7204	2201	4290	14687	0	0	0	0	1775514675384
7165	2130	4348	14157	0	0	0	0	1775514676392
7422	2198	4306	14543	0	0	0	0	1775514677384
7164	2124	4481	14453	0	0	0	0	1775514678392
7115	2137	4391	14801	0	0	0	0	1775514679383
7192	2184	4402	14571	0	0	0	0	1775514680392
7132	2130	4339	14429	0	0	0	0	1775514681384
7195	2150	4385	14524	0	0	0	0	1775514682397
7268	2205	4376	14233	0	0	0	0	1775514683390
7448	2228	4406	14129	0	0	0	0	1775514684389
7431	2161	4361	14761	0	0	0	0	1775514685390
7231	2174	4436	14402	0	0	0	0	1775514686392
7259	2158	4404	14165	0	0	0	0	1775514687384
7300	2139	4388	14192	0	0	0	0	1775514688392
7242	2200	4458	14575	0	0	0	0	1775514689387
7190	2205	4299	14491	0	0	0	0	1775514690392
7275	2186	4288	14728	0	0	0	0	1775514691384
7431	2199	4350	14493	0	0	0	0	1775514692385
7269	2140	4401	14448	0	0	0	0	1775514693384
7367	2136	4460	14504	0	0	0	0	1775514694392
7227	2207	4405	14639	0	0	0	0	1775514695385
7156	2139	4368	14272	0	0	0	0	1775514696399
7107	2128	4330	14479	0	0	0	0	1775514697406
7119	2141	4359	14534	0	0	0	0	1775514698408
7175	2169	4320	14393	0	0	0	0	1775514699400
7356	2200	4413	14395	0	0	0	0	1775514700408
7229	2141	4310	14635	0	0	0	0	1775514701400
7344	2185	4318	14726	0	0	0	0	1775514702399
7156	2175	4394	14218	0	0	0	0	1775514703400
7441	2194	4483	14232	0	0	0	0	1775514704408
7157	2136	4482	14474	0	0	0	0	1775514705400
7449	2152	4430	14326	0	0	0	0	1775514706408
7295	2159	4310	14162	0	0	0	0	1775514707401
7326	2185	4430	14202	0	0	0	0	1775514708408
7123	2192	4439	14592	0	0	0	0	1775514709400
7260	2140	4481	14111	0	0	0	0	1775514710409
7298	2192	4298	14409	0	0	0	0	1775514711400
7324	2156	4438	14343	0	0	0	0	1775514712408
7228	2228	4451	14509	0	0	0	0	1775514713406
7443	2154	4303	14735	0	0	0	0	1775514714412
7258	2152	4320	14302	0	0	0	0	1775514715398
7148	2208	4473	14768	0	0	0	0	1775514716401
7120	2195	4440	14211	0	0	0	0	1775514717400
7117	2225	4303	14278	0	0	0	0	1775514718408
7358	2202	4379	14184	0	0	0	0	1775514719406
7205	2207	4357	14632	0	0	0	0	1775514720408
7425	2204	4319	14484	0	0	0	0	1775514721400
7442	2131	4284	14295	0	0	0	0	1775514722400
7310	2128	4453	14667	0	0	0	0	1775514723400
7152	2211	4324	14646	0	0	0	0	1775514724408
7104	2139	4322	14472	0	0	0	0	1775514725400
7329	2128	4407	14204	0	0	0	0	1775514726408
7261	2125	4335	14613	0	0	0	0	1775514727400
7190	2201	4457	14263	0	0	0	0	1775514728408
7103	2163	4311	14250	0	0	0	0	1775514729400
7337	2171	4392	14174	0	0	0	0	1775514730408
7150	2177	4428	14694	0	0	0	0	1775514731400
7175	2194	4317	14623	0	0	0	0	1775514732408
7320	2216	4425	14129	0	0	0	0	1775514733400
7174	2182	4452	14425	0	0	0	0	1775514734408
7447	2211	4442	14604	0	0	0	0	1775514735406
7200	2188	4482	14268	0	0	0	0	1775514736408
7302	2181	4314	14713	0	0	0	0	1775514737422
7342	2126	4312	14617	0	0	0	0	1775514738420
7405	2147	4329	14537	0	0	0	0	1775514739416
7266	2222	4286	14228	0	0	0	0	1775514740430
7171	2205	4281	14797	0	0	0	0	1775514741432
7450	2153	4329	14190	0	0	0	0	1775514742446
