6611	2301	4594	13142	0	0	0	0	1776704080266
6513	2265	4711	13149	0	0	0	0	1776704081710
6521	2117	4692	13010	0	0	0	0	1776704083059
6454	2223	4732	0	0	0	0	0	1776704084371
6486	2260	4823	12958	0	0	0	0	1776704085806
6413	2240	0	13039	0	0	0	0	1776704087140
6464	2245	4696	0	0	0	0	0	1776704088467
6449	2078	4662	13048	0	0	0	0	1776704089902
6449	2229	0	12985	0	0	0	0	1776704091097
6481	2245	4701	13009	0	0	0	0	1776704092460
6401	2239	4749	13053	0	0	0	0	1776704094513
6440	2065	4624	12984	0	0	0	0	1776704095124
6355	0	4683	12836	0	0	0	0	1776704096627
6377	2137	4647	12907	0	0	0	0	1776704097782
6399	2178	4687	12939	0	0	0	0	1776704098880
6429	2218	4763	12967	0	0	0	0	1776704099936
6462	2248	4647	12981	0	0	0	0	1776704101237
6362	2115	4666	12966	0	0	0	0	1776704102436
6342	2168	4624	12923	0	0	0	0	1776704103935
6387	2267	4664	12949	0	0	0	0	1776704105361
6397	2290	4677	0	0	0	0	0	1776704106719
6420	2098	0	12937	0	0	0	0	1776704108027
6416	2136	4557	0	0	0	0	0	1776704109362
6329	2177	4625	12965	0	0	0	0	1776704110793
6353	2218	0	12944	0	0	0	0	1776704112217
6394	2238	4647	12995	0	0	0	0	1776704113419
6347	2239	4677	13023	0	0	0	0	1776704114478
6396	2247	4546	12897	0	0	0	0	1776704115776
6383	2241	4625	12907	0	0	0	0	1776704117209
6319	2246	4575	12930	0	0	0	0	1776704118644
6358	2271	4634	12909	0	0	0	0	1776704119992
6324	0	4668	12971	0	0	0	0	1776704121220
6371	2031	4664	12895	0	0	0	0	1776704122296
6362	2126	4686	12931	0	0	0	0	1776704123457
6301	2172	4688	12932	0	0	0	0	1776704124959
6345	2216	4652	12909	0	0	0	0	1776704126359
6302	2097	4676	12947	0	0	0	0	1776704127795
6363	2132	4682	0	0	0	0	0	1776704128947
6346	2166	4512	12873	0	0	0	0	1776704130147
6352	2269	4587	12830	0	0	0	0	1776704131475
6358	2100	4599	12832	0	0	0	0	1776704132908
6290	2163	4652	12907	0	0	0	0	1776704134333
6355	2170	4627	12965	0	0	0	0	1776704135546
6343	2184	0	12870	0	0	0	0	1776704136702
6351	2215	4639	12878	0	0	0	0	1776704137868
6279	2222	4651	12691	0	0	0	0	1776704139328
6319	2107	4663	12784	0	0	0	0	1776704140590
6329	2147	4670	12849	0	0	0	0	1776704141888
6283	2224	4532	12701	0	0	0	0	1776704143328
6337	0	4583	12802	0	0	0	0	1776704144775
6246	2244	4584	0	0	0	0	0	1776704146152
6293	2035	4615	12847	0	0	0	0	1776704147420
6310	2093	4624	12814	0	0	0	0	1776704148749
6350	0	4538	12927	0	0	0	0	1776704150182
6351	2214	4579	12929	0	0	0	0	1776704151307
6230	2199	4593	12809	0	0	0	0	1776704152345
6297	2091	4622	12915	0	0	0	0	1776704153493
6297	2122	4481	12781	0	0	0	0	1776704154823
6313	2213	4549	12831	0	0	0	0	1776704156156
6317	2224	4502	12866	0	0	0	0	1776704157589
6269	2186	0	12772	0	0	0	0	1776704159006
6308	2204	4601	12830	0	0	0	0	1776704160218
6290	2205	4618	12815	0	0	0	0	1776704161479
6324	2209	4475	12868	0	0	0	0	1776704162885
6331	2213	4527	12885	0	0	0	0	1776704164255
6254	2049	4432	0	0	0	0	0	1776704165679
6259	2135	4508	12904	0	0	0	0	1776704166777
6275	2168	4551	12875	0	0	0	0	1776704168051
6297	2236	4493	12712	0	0	0	0	1776704169471
6316	2206	4541	12765	0	0	0	0	1776704170987
6283	0	4558	12841	0	0	0	0	1776704172321
6255	2056	4582	12869	0	0	0	0	1776704173427
6300	2124	4610	12915	0	0	0	0	1776704174585
6262	2153	4524	12671	0	0	0	0	1776704175717
6308	2177	4566	12680	0	0	0	0	1776704177115
6304	2187	4573	12793	0	0	0	0	1776704178411
6225	2191	4578	12650	0	0	0	0	1776704179895
6288	2055	4473	0	0	0	0	0	1776704181243
6259	2113	4498	12748	0	0	0	0	1776704182609
6291	2175	4571	12768	0	0	0	0	1776704183905
6291	2186	4543	12769	0	0	0	0	1776704185295
6203	2036	4559	12784	0	0	0	0	1776704186767
6207	2116	0	12806	0	0	0	0	1776704187987
6261	2171	4584	12799	0	0	0	0	1776704189095
6284	2225	4515	12833	0	0	0	0	1776704190161
6250	2087	4538	12547	0	0	0	0	1776704191587
6252	2123	4573	12659	0	0	0	0	1776704193027
6264	2158	4560	12690	0	0	0	0	1776704194321
6173	2181	4444	12749	0	0	0	0	1776704195679
6238	0	4534	12725	0	0	0	0	1776704198445
6261	2172	4560	12721	0	0	0	0	1776704198854
6233	2191	4559	12793	0	0	0	0	1776704199365
6250	2037	4439	12821	0	0	0	0	1776704200906
6220	2096	4492	12831	0	0	0	0	1776704202294
6240	2142	4542	0	0	0	0	0	1776704203640
6246	2230	4566	12795	0	0	0	0	1776704204794
6252	2046	4574	12833	0	0	0	0	1776704205998
6206	2090	4599	12854	0	0	0	0	1776704207359
6241	2116	4471	12744	0	0	0	0	1776704208865
6246	2172	4545	12751	0	0	0	0	1776704210090
6206	2173	4572	12655	0	0	0	0	1776704211449
6249	2039	0	12698	0	0	0	0	1776704212584
6176	2147	4596	12790	0	0	0	0	1776704213724
6213	2182	4467	12693	0	0	0	0	1776704215126
6217	2182	4494	12719	0	0	0	0	1776704216343
6237	2193	4507	12551	0	0	0	0	1776704217696
6182	2016	4542	12599	0	0	0	0	1776704219136
6215	0	4468	12632	0	0	0	0	1776704220567
6230	2176	4525	0	0	0	0	0	1776704221894
6167	2201	4533	12683	0	0	0	0	1776704223309
6225	1985	4527	12777	0	0	0	0	1776704224450
6211	2063	4541	12447	0	0	0	0	1776704225977
6216	0	4468	12586	0	0	0	0	1776704227187
6229	2170	4487	12692	0	0	0	0	1776704228230
6212	2197	4493	12616	0	0	0	0	1776704229577
6258	2036	4514	12667	0	0	0	0	1776704230905
6176	2073	4519	12552	0	0	0	0	1776704232314
6202	2116	4424	12624	0	0	0	0	1776704233569
6180	2210	0	12663	0	0	0	0	1776704235000
6194	2213	4429	12712	0	0	0	0	1776704244526
6221	2083	4478	12752	0	0	0	0	1776704245651
6229	2106	4498	12506	0	0	0	0	1776704246678
6178	2191	4502	12557	0	0	0	0	1776704247603
6207	2153	4511	12649	0	0	0	0	1776704248303
6213	2189	4402	0	0	0	0	0	1776704249037
6198	1987	4442	12695	0	0	0	0	1776704249768
6217	2074	4462	12783	0	0	0	0	1776704250330
6219	2114	4484	12574	0	0	0	0	1776704251187
6154	2126	4501	12613	0	0	0	0	1776704251969
6159	2171	4414	12667	0	0	0	0	1776704252693
6173	0	4476	12681	0	0	0	0	1776704253613
6221	2160	4484	12688	0	0	0	0	1776704254172
6169	2169	4502	12531	0	0	0	0	1776704255142
6141	2149	4386	12571	0	0	0	0	1776704255767
6180	2152	4444	12666	0	0	0	0	1776704256409
6179	2182	0	12621	0	0	0	0	1776704257223
6208	2149	4511	12717	0	0	0	0	1776704258318
6169	2154	4383	12531	0	0	0	0	1776704259649
6141	2155	4442	12636	0	0	0	0	1776704261154
6169	2153	4359	12673	0	0	0	0	1776704262467
6083	2170	4421	12625	0	0	0	0	1776704263846
6119	2171	4427	0	0	0	0	0	1776704266513
6171	2157	4472	12654	0	0	0	0	1776704266823
6159	2222	4476	12491	0	0	0	0	1776704267432
6100	2001	4387	12504	0	0	0	0	1776704268766
6140	2072	4437	12577	0	0	0	0	1776704270125
6155	2102	4460	12586	0	0	0	0	1776704271360
6111	2129	4481	12612	0	0	0	0	1776704272787
6181	0	4494	12469	0	0	0	0	1776704273948
6095	2140	4333	12533	0	0	0	0	1776704275211
6127	2128	4405	12516	0	0	0	0	1776704276652
6127	2166	4442	12577	0	0	0	0	1776704277978
6147	2154	4447	12458	0	0	0	0	1776704279344
6189	2166	4455	12495	0	0	0	0	1776704280569
6119	2205	4343	0	0	0	0	0	1776704282008
6167	1981	4449	12499	0	0	0	0	1776704283439
6076	2053	0	12567	0	0	0	0	1776704284769
6135	2099	4464	0	0	0	0	0	1776704286115
6159	2124	4455	12447	0	0	0	0	1776704287232
6117	2148	4290	12464	0	0	0	0	1776704288352
6129	2175	4356	12488	0	0	0	0	1776704289480
6134	2126	4391	12532	0	0	0	0	1776704290780
6167	2164	4417	12552	0	0	0	0	1776704292114
6096	2172	4335	12498	0	0	0	0	1776704293465
6131	2173	4397	12470	0	0	0	0	1776704294880
6144	0	4286	12497	0	0	0	0	1776704296208
6110	2180	4414	12591	0	0	0	0	1776704297640
6139	2154	4343	12545	0	0	0	0	1776704298798
6141	2164	4394	12591	0	0	0	0	1776704302194
6147	2155	4321	12450	0	0	0	0	1776704303000
6122	2170	4378	0	0	0	0	0	1776704303511
6148	2172	4427	12494	0	0	0	0	1776704304192
6066	2148	4450	12556	0	0	0	0	1776704305553
6121	2184	4288	12524	0	0	0	0	1776704306855
6123	2151	4354	12402	0	0	0	0	1776704308319
6099	1971	0	12455	0	0	0	0	1776704309572
6133	2106	4396	12465	0	0	0	0	1776704310674
6076	2148	4410	12548	0	0	0	0	1776704311870
6112	2165	4314	12524	0	0	0	0	1776704312900
6113	2167	4390	12419	0	0	0	0	1776704314473
6029	1974	4299	12423	0	0	0	0	1776704315768
6063	2108	4430	12511	0	0	0	0	1776704317200
6091	2133	4449	0	0	0	0	0	1776704318568
6127	2167	4317	12558	0	0	0	0	1776704319551
6114	2018	4389	12397	0	0	0	0	1776704320885
6093	2070	4416	12414	0	0	0	0	1776704322247
6129	2096	4418	12349	0	0	0	0	1776704323681
6039	2138	4421	12418	0	0	0	0	1776704325012
6078	2180	0	12468	0	0	0	0	1776704326312
6115	2126	4286	12500	0	0	0	0	1776704327681
6093	0	4293	12423	0	0	0	0	1776704329117
6037	2122	4401	12435	0	0	0	0	1776704330443
6087	2138	0	12469	0	0	0	0	1776704331879
6045	2164	4294	12473	0	0	0	0	1776704333073
6091	2145	4275	12465	0	0	0	0	1776704335254
6111	2112	4343	12303	0	0	0	0	1776704336278
6021	2189	4387	12375	0	0	0	0	1776704337114
6056	2134	4413	12423	0	0	0	0	1776704338532
6091	2152	4420	12425	0	0	0	0	1776704339554
6115	1997	4254	0	0	0	0	0	1776704340789
6106	2086	4318	12425	0	0	0	0	1776704342082
6035	2110	4339	12447	0	0	0	0	1776704343035
6082	2130	4376	12418	0	0	0	0	1776704344237
6043	2020	4396	12415	0	0	0	0	1776704345663
6073	2055	4311	12458	0	0	0	0	1776704346848
6089	2097	4353	12400	0	0	0	0	1776704348332
6089	2186	4443	12409	0	0	0	0	1776704349658
6086	2010	0	12370	0	0	0	0	1776704350995
6034	2086	4437	12424	0	0	0	0	1776704352458
6075	2110	4296	12481	0	0	0	0	1776704353686
6080	2136	4356	12482	0	0	0	0	1776704355016
6054	0	4391	12387	0	0	0	0	1776704356450
6054	2143	4369	12331	0	0	0	0	1776704357746
6061	2034	4282	0	0	0	0	0	1776704359215
6079	2068	4337	12354	0	0	0	0	1776704360511
6016	2169	4382	12404	0	0	0	0	1776704361948
6041	0	4385	12464	0	0	0	0	1776704363278
6043	2145	4385	12446	0	0	0	0	1776704364234
6062	2174	4275	12271	0	0	0	0	1776704365356
6000	2000	4331	12343	0	0	0	0	1776704366447
6055	2053	4370	12281	0	0	0	0	1776704367505
6051	2164	4374	12324	0	0	0	0	1776704368942
6026	2135	4228	12333	0	0	0	0	1776704370459
6011	2037	4249	12356	0	0	0	0	1776704371870
5969	2061	4306	0	0	0	0	0	1776704373148
6022	2121	4349	12277	0	0	0	0	1776704374374
6043	2191	4358	12355	0	0	0	0	1776704375697
6053	1999	4358	12365	0	0	0	0	1776704377034
6019	2068	4383	12339	0	0	0	0	1776704378463
