3541	1760	5158	3093	0	0	0	0	1777492171019
3502	1759	5165	3106	0	0	0	0	1777492172449
3445	1750	5138	3130	0	0	0	0	1777492173877
3470	1773	5328	0	0	0	0	0	1777492175565
3446	1814	5352	3266	0	0	0	0	1777492176558
3544	1767	5211	3160	0	0	0	0	1777492177560
3454	1786	5371	3195	0	0	0	0	1777492178572
3517	1773	5357	3153	0	0	0	0	1777492179564
3501	1825	5200	3262	0	0	0	0	1777492180560
3550	1778	5151	3283	0	0	0	0	1777492181560
3482	1809	5209	3282	0	0	0	0	1777492182561
3494	1804	5215	3172	0	0	0	0	1777492183570
3446	1775	5277	3230	0	0	0	0	1777492184577
3575	1810	5228	3196	0	0	0	0	1777492185579
3489	1803	5175	3199	0	0	0	0	1777492186580
3467	1832	5341	3197	0	0	0	0	1777492187580
3430	1795	5207	3162	0	0	0	0	1777492188574
3431	1834	5275	3197	0	0	0	0	1777492189583
3433	1827	5312	3284	0	0	0	0	1777492190574
3546	1754	5218	3256	0	0	0	0	1777492191582
3541	1778	5192	3180	0	0	0	0	1777492192594
3587	1780	5188	3223	0	0	0	0	1777492193590
3558	1792	5211	3192	0	0	0	0	1777492194595
3564	1758	5158	3246	0	0	0	0	1777492195590
3546	1758	5240	3272	0	0	0	0	1777492196595
3509	1784	5186	3174	0	0	0	0	1777492197597
3431	1763	5299	3277	0	0	0	0	1777492198600
3473	1831	5283	3140	0	0	0	0	1777492199592
3474	1806	5169	3135	0	0	0	0	1777492200604
3561	1762	5291	3148	0	0	0	0	1777492201596
3467	1777	5295	3252	0	0	0	0	1777492202592
3506	1769	5264	3171	0	0	0	0	1777492203592
3530	1750	5371	3187	0	0	0	0	1777492204589
3475	1816	5339	3262	0	0	0	0	1777492207020
3554	1809	5241	3202	0	0	0	0	1777492208012
3527	1796	5352	3260	0	0	0	0	1777492209022
3441	1811	5280	3188	0	0	0	0	1777492210023
3585	1752	5225	3284	0	0	0	0	1777492211020
3496	1770	5243	3235	0	0	0	0	1777492212019
3497	1785	5347	3217	0	0	0	0	1777492213021
3539	1807	5160	3216	0	0	0	0	1777492214019
3575	1817	5167	3272	0	0	0	0	1777492215026
3474	1803	5212	3282	0	0	0	0	1777492216012
3568	1758	5370	3225	0	0	0	0	1777492217020
3431	1795	5341	3231	0	0	0	0	1777492218017
3440	1827	5189	3271	0	0	0	0	1777492219013
3569	1808	5382	3234	0	0	0	0	1777492220018
3588	1807	5350	3283	0	0	0	0	1777492221018
3502	1786	5191	3278	0	0	0	0	1777492222014
3513	1761	5382	3257	0	0	0	0	1777492223020
3430	1782	5282	3174	0	0	0	0	1777492224014
3453	1787	5281	3203	0	0	0	0	1777492225020
3546	1755	5167	3211	0	0	0	0	1777492226024
3545	1797	5385	3284	0	0	0	0	1777492227024
3509	1779	5273	3265	0	0	0	0	1777492228012
3484	1777	5218	3174	0	0	0	0	1777492229020
3459	1821	5279	3218	0	0	0	0	1777492230016
3546	1790	5159	3228	0	0	0	0	1777492231020
3514	1771	5268	3277	0	0	0	0	1777492232013
3524	1807	5284	3273	0	0	0	0	1777492233025
3489	1797	5344	3196	0	0	0	0	1777492234013
3524	1755	5243	3279	0	0	0	0	1777492235020
3552	1795	5244	3143	0	0	0	0	1777492236018
3482	1830	5152	3254	0	0	0	0	1777492237020
3521	1764	5241	3147	0	0	0	0	1777492238015
3433	1777	5212	3242	0	0	0	0	1777492239011
3590	1795	5242	3268	0	0	0	0	1777492240025
3457	1764	5325	3156	0	0	0	0	1777492241020
3544	1795	5174	3171	0	0	0	0	1777492242018
3593	1819	5220	3142	0	0	0	0	1777492243017
3532	1794	5367	3217	0	0	0	0	1777492244012
3448	1779	5349	3214	0	0	0	0	1777492245014
3464	1824	5149	3234	0	0	0	0	1777492246018
3506	1822	5227	3167	0	0	0	0	1777492247020
3465	1817	5276	3247	0	0	0	0	1777492248016
3500	1769	5346	3263	0	0	0	0	1777492249020
3489	1756	5242	3200	0	0	0	0	1777492250013
3494	1816	5259	3174	0	0	0	0	1777492251011
3569	1759	5202	3159	0	0	0	0	1777492252012
3479	1778	5244	3274	0	0	0	0	1777492253023
3517	1779	5331	3143	0	0	0	0	1777492254012
3430	1762	5149	3250	0	0	0	0	1777492255012
3463	1820	5185	3229	0	0	0	0	1777492256012
3577	1787	5292	3179	0	0	0	0	1777492257011
3451	1803	5363	3131	0	0	0	0	1777492258012
3500	1760	5306	3266	0	0	0	0	1777492259021
3572	1819	5332	3188	0	0	0	0	1777492260018
3452	1802	5292	3131	0	0	0	0	1777492261020
3467	1832	5347	3225	0	0	0	0	1777492262012
3486	1770	5178	3215	0	0	0	0	1777492263019
3467	1753	5299	3171	0	0	0	0	1777492264026
3477	1805	5363	3188	0	0	0	0	1777492265031
3540	1788	5355	3218	0	0	0	0	1777492266035
3492	1755	5303	3263	0	0	0	0	1777492267032
3503	1833	5318	3144	0	0	0	0	1777492268032
3582	1764	5180	3205	0	0	0	0	1777492269033
3557	1780	5268	3156	0	0	0	0	1777492270040
3457	1758	5258	3175	0	0	0	0	1777492271028
3577	1824	5176	3264	0	0	0	0	1777492272035
3542	1808	5247	3189	0	0	0	0	1777492273027
3509	1822	5288	3176	0	0	0	0	1777492274034
3519	1812	5195	3264	0	0	0	0	1777492275028
3563	1772	5232	3276	0	0	0	0	1777492276029
3589	1830	5365	3195	0	0	0	0	1777492277026
3521	1815	5168	3146	0	0	0	0	1777492278041
3572	1808	5332	3186	0	0	0	0	1777492279036
3518	1765	5145	3173	0	0	0	0	1777492280035
3508	1794	5143	3182	0	0	0	0	1777492281040
3481	1777	5235	3271	0	0	0	0	1777492282041
3582	1818	5182	3267	0	0	0	0	1777492283031
3551	1803	5146	3272	0	0	0	0	1777492284040
3464	1758	5279	3230	0	0	0	0	1777492285042
3506	1775	5373	3216	0	0	0	0	1777492286055
3475	1758	5346	3231	0	0	0	0	1777492287052
3532	1772	5278	3273	0	0	0	0	1777492288050
3559	1798	5253	3252	0	0	0	0	1777492289058
3500	1781	5268	3227	0	0	0	0	1777492290066
3529	1770	5208	3224	0	0	0	0	1777492291075
3511	1830	5388	3259	0	0	0	0	1777492292082
3515	1760	5378	3202	0	0	0	0	1777492293075
3538	1762	5188	3277	0	0	0	0	1777492294077
3451	1794	5242	3207	0	0	0	0	1777492295074
3502	1801	5390	3249	0	0	0	0	1777492296076
3445	1784	5263	3247	0	0	0	0	1777492297074
3594	1782	5203	3185	0	0	0	0	1777492298081
3586	1836	5217	3173	0	0	0	0	1777492299087
3491	1835	5261	3258	0	0	0	0	1777492300073
3575	1787	5349	3234	0	0	0	0	1777492301082
3496	1832	5196	3207	0	0	0	0	1777492302083
3500	1805	5221	3134	0	0	0	0	1777492303074
3513	1806	5299	3169	0	0	0	0	1777492304076
3465	1797	5374	3278	0	0	0	0	1777492305074
3581	1808	5368	3209	0	0	0	0	1777492306076
3549	1802	5152	3231	0	0	0	0	1777492307075
3586	1794	5351	3236	0	0	0	0	1777492308076
3495	1751	5393	3238	0	0	0	0	1777492309075
3463	1812	5215	3254	0	0	0	0	1777492310076
3509	1760	5227	3246	0	0	0	0	1777492311085
3525	1819	5331	3204	0	0	0	0	1777492312076
3511	1765	5273	3214	0	0	0	0	1777492313074
3439	1829	5322	3130	0	0	0	0	1777492314090
3442	1793	5214	3152	0	0	0	0	1777492315091
3516	1798	5216	3258	0	0	0	0	1777492316092
3525	1792	5199	3227	0	0	0	0	1777492317095
3500	1809	5315	3163	0	0	0	0	1777492318098
3492	1828	5203	3258	0	0	0	0	1777492319090
3570	1780	5303	3147	0	0	0	0	1777492320092
3490	1808	5162	3171	0	0	0	0	1777492321089
3512	1834	5138	3189	0	0	0	0	1777492322092
3585	1757	5347	3224	0	0	0	0	1777492323107
3560	1755	5185	3147	0	0	0	0	1777492324108
3485	1814	5221	3273	0	0	0	0	1777492325122
3487	1812	5313	3202	0	0	0	0	1777492326125
3585	1823	5351	3276	0	0	0	0	1777492327139
3513	1827	5287	3181	0	0	0	0	1777492328140
3516	1755	5239	3216	0	0	0	0	1777492329152
3510	1835	5145	3245	0	0	0	0	1777492330153
3481	1782	5239	3211	0	0	0	0	1777492331171
3513	1829	5330	3144	0	0	0	0	1777492332173
3551	1771	5147	3251	0	0	0	0	1777492333187
3478	1774	5281	3274	0	0	0	0	1777492334198
3575	1815	5357	3181	0	0	0	0	1777492335186
3504	1803	5354	3275	0	0	0	0	1777492336189
3510	1808	5194	3165	0	0	0	0	1777492337203
3449	1812	5156	3239	0	0	0	0	1777492338200
3591	1805	5346	3272	0	0	0	0	1777492339201
3431	1830	5210	3249	0	0	0	0	1777492340207
3557	1787	5179	3254	0	0	0	0	1777492341200
3598	1757	5291	3223	0	0	0	0	1777492342204
3441	1781	5166	3256	0	0	0	0	1777492343217
3593	1809	5322	3156	0	0	0	0	1777492344221
3556	1751	5225	3247	0	0	0	0	1777492345218
3435	1826	5246	3215	0	0	0	0	1777492346223
3536	1813	5355	3199	0	0	0	0	1777492347218
3569	1798	5155	3245	0	0	0	0	1777492348221
3540	1779	5259	3170	0	0	0	0	1777492349218
3466	1820	5159	3279	0	0	0	0	1777492350410
3432	1783	5234	3254	0	0	0	0	1777492351234
3534	1817	5261	3133	0	0	0	0	1777492352237
3586	1831	5276	3158	0	0	0	0	1777492353249
3560	1759	5230	3140	0	0	0	0	1777492354269
3446	1793	5212	3165	0	0	0	0	1777492355262
3547	1823	5235	3153	0	0	0	0	1777492356263
3452	1801	5333	3274	0	0	0	0	1777492357260
3496	1755	5212	3139	0	0	0	0	1777492358270
3495	1812	5249	3158	0	0	0	0	1777492359279
3561	1775	5244	3265	0	0	0	0	1777492360287
3504	1826	5293	3145	0	0	0	0	1777492361277
3599	1776	5179	3210	0	0	0	0	1777492362284
3533	1810	5371	3138	0	0	0	0	1777492363280
3569	1815	5267	3260	0	0	0	0	1777492364284
3558	1759	5343	3162	0	0	0	0	1777492365298
3532	1780	5267	3210	0	0	0	0	1777492366319
3528	1775	5154	3217	0	0	0	0	1777492367308
3442	1759	5343	3257	0	0	0	0	1777492368316
3488	1797	5218	3229	0	0	0	0	1777492369308
3593	1834	5166	3267	0	0	0	0	1777492370309
3468	1750	5265	3145	0	0	0	0	1777492371308
3437	1765	5323	3131	0	0	0	0	1777492372310
3478	1782	5234	3131	0	0	0	0	1777492373314
3446	1768	5140	3210	0	0	0	0	1777492374323
3553	1831	5151	3270	0	0	0	0	1777492375330
3484	1792	5374	3181	0	0	0	0	1777492376325
3519	1827	5253	3209	0	0	0	0	1777492377325
3566	1828	5263	3220	0	0	0	0	1777492378330
3538	1751	5349	3175	0	0	0	0	1777492379338
3538	1808	5218	3213	0	0	0	0	1777492380329
3491	1764	5205	3265	0	0	0	0	1777492381329
3435	1779	5159	3251	0	0	0	0	1777492382331
3545	1782	5182	3266	0	0	0	0	1777492383326
3467	1828	5152	3228	0	0	0	0	1777492384332
3489	1766	5340	3282	0	0	0	0	1777492385324
3439	1819	5286	3228	0	0	0	0	1777492386329
3535	1808	5313	3283	0	0	0	0	1777492387324
3578	1778	5282	3271	0	0	0	0	1777492388332
3463	1828	5202	3255	0	0	0	0	1777492389324
3596	1790	5140	3230	0	0	0	0	1777492390325
3582	1750	5192	3237	0	0	0	0	1777492391334
3519	1760	5263	3187	0	0	0	0	1777492392324
3454	1834	5168	3260	0	0	0	0	1777492393325
3549	1750	5306	3236	0	0	0	0	1777492394333
3586	1791	5355	3166	0	0	0	0	1777492395324
3487	1767	5329	3280	0	0	0	0	1777492396325
3577	1825	5167	3190	0	0	0	0	1777492397335
3520	1766	5154	3131	0	0	0	0	1777492398325
3543	1817	5380	3150	0	0	0	0	1777492399326
3497	1789	5265	3261	0	0	0	0	1777492400323
3489	1776	5192	3218	0	0	0	0	1777492401329
3532	1816	5140	3259	0	0	0	0	1777492402328
3494	1795	5164	3211	0	0	0	0	1777492403324
3498	1805	5176	3189	0	0	0	0	1777492404333
3456	1836	5301	3265	0	0	0	0	1777492405323
3486	1787	5274	3181	0	0	0	0	1777492406325
3453	1833	5180	3198	0	0	0	0	1777492407325
3497	1772	5231	3259	0	0	0	0	1777492408324
3597	1807	5358	3144	0	0	0	0	1777492409326
3455	1805	5373	3263	0	0	0	0	1777492410390
3571	1822	5196	3283	0	0	0	0	1777492411329
3549	1827	5151	3166	0	0	0	0	1777492412332
3531	1822	5292	3277	0	0	0	0	1777492413325
3545	1806	5316	3205	0	0	0	0	1777492414326
3440	1754	5302	3212	0	0	0	0	1777492415324
3430	1811	5233	3256	0	0	0	0	1777492416333
3589	1776	5352	3275	0	0	0	0	1777492417324
3588	1755	5307	3132	0	0	0	0	1777492418332
3460	1816	5139	3166	0	0	0	0	1777492419325
3545	1793	5325	3154	0	0	0	0	1777492420324
3457	1791	5340	3277	0	0	0	0	1777492421336
3541	1808	5352	3154	0	0	0	0	1777492422339
3476	1823	5179	3265	0	0	0	0	1777492423356
3449	1782	5342	3229	0	0	0	0	1777492424355
3522	1825	5375	3159	0	0	0	0	1777492425368
3498	1815	5270	3143	0	0	0	0	1777492426364
3591	1799	5193	3211	0	0	0	0	1777492427362
3438	1803	5260	3194	0	0	0	0	1777492428360
3592	1810	5388	3238	0	0	0	0	1777492429355
3579	1791	5198	3201	0	0	0	0	1777492430360
3465	1754	5267	3200	0	0	0	0	1777492431357
3497	1807	5376	3266	0	0	0	0	1777492432363
3453	1766	5371	3207	0	0	0	0	1777492433362
3466	1789	5336	3224	0	0	0	0	1777492434364
3513	1784	5301	3230	0	0	0	0	1777492435362
3483	1805	5282	3257	0	0	0	0	1777492436357
3432	1763	5382	3240	0	0	0	0	1777492437355
3578	1815	5182	3130	0	0	0	0	1777492438364
3457	1778	5254	3266	0	0	0	0	1777492439360
3567	1803	5149	3222	0	0	0	0	1777492440386
3452	1791	5284	3136	0	0	0	0	1777492441388
3584	1758	5319	3194	0	0	0	0	1777492442386
3541	1812	5152	3277	0	0	0	0	1777492443395
3475	1797	5208	3232	0	0	0	0	1777492444402
3538	1761	5264	3266	0	0	0	0	1777492445407
3549	1785	5375	3140	0	0	0	0	1777492446418
3474	1802	5340	3155	0	0	0	0	1777492447418
3594	1827	5246	3205	0	0	0	0	1777492448417
3525	1756	5314	3222	0	0	0	0	1777492449419
3460	1768	5293	3142	0	0	0	0	1777492450418
3470	1834	5202	3181	0	0	0	0	1777492451420
3554	1811	5366	3275	0	0	0	0	1777492452418
3569	1794	5235	3253	0	0	0	0	1777492453421
3574	1805	5338	3207	0	0	0	0	1777492454418
3577	1759	5212	3150	0	0	0	0	1777492455420
3584	1759	5227	3225	0	0	0	0	1777492456418
3582	1754	5148	3216	0	0	0	0	1777492457426
3584	1831	5328	3244	0	0	0	0	1777492458434
3456	1818	5139	3181	0	0	0	0	1777492459436
3483	1833	5316	3137	0	0	0	0	1777492460434
3479	1818	5239	3220	0	0	0	0	1777492461433
3568	1824	5143	3232	0	0	0	0	1777492462438
3588	1831	5328	3283	0	0	0	0	1777492463437
3440	1785	5163	3267	0	0	0	0	1777492464435
3469	1810	5243	3242	0	0	0	0	1777492465436
3534	1813	5241	3278	0	0	0	0	1777492466444
3583	1819	5163	3267	0	0	0	0	1777492467435
3521	1763	5386	3150	0	0	0	0	1777492468439
3558	1781	5219	3272	0	0	0	0	1777492469434
3518	1766	5374	3195	0	0	0	0	1777492470434
3558	1825	5374	3212	0	0	0	0	1777492471442
3522	1774	5384	3214	0	0	0	0	1777492472450
3517	1823	5287	3229	0	0	0	0	1777492473452
3469	1834	5359	3139	0	0	0	0	1777492474450
3571	1793	5217	3227	0	0	0	0	1777492475448
3549	1781	5391	3243	0	0	0	0	1777492476450
3429	1774	5377	3136	0	0	0	0	1777492477463
3457	1774	5334	3187	0	0	0	0	1777492478466
3598	1768	5294	3158	0	0	0	0	1777492479475
3553	1819	5192	3212	0	0	0	0	1777492480479
3559	1812	5224	3173	0	0	0	0	1777492481472
3534	1772	5244	3249	0	0	0	0	1777492482479
3454	1817	5246	3246	0	0	0	0	1777492483484
3561	1775	5148	3136	0	0	0	0	1777492484489
3460	1795	5143	3249	0	0	0	0	1777492485484
3492	1783	5353	3217	0	0	0	0	1777492486482
3516	1805	5290	3260	0	0	0	0	1777492487484
3519	1833	5172	3169	0	0	0	0	1777492488482
3555	1815	5254	3169	0	0	0	0	1777492489490
3560	1823	5222	3193	0	0	0	0	1777492490486
3473	1751	5195	3132	0	0	0	0	1777492491484
3558	1832	5241	3260	0	0	0	0	1777492492482
3499	1833	5230	3194	0	0	0	0	1777492493484
3456	1812	5245	3216	0	0	0	0	1777492494489
3519	1777	5305	3144	0	0	0	0	1777492495484
3498	1810	5140	3246	0	0	0	0	1777492496482
3586	1802	5320	3242	0	0	0	0	1777492497506
3596	1801	5366	3274	0	0	0	0	1777492498498
3441	1798	5261	3220	0	0	0	0	1777492499500
3545	1798	5230	3176	0	0	0	0	1777492500511
3477	1790	5326	3281	0	0	0	0	1777492501524
3443	1787	5339	3213	0	0	0	0	1777492502530
3493	1815	5282	3270	0	0	0	0	1777492503532
3532	1801	5168	3215	0	0	0	0	1777492504543
3538	1835	5367	3187	0	0	0	0	1777492505546
3591	1773	5236	3244	0	0	0	0	1777492506560
3506	1812	5391	3199	0	0	0	0	1777492507572
3534	1833	5187	3187	0	0	0	0	1777492508566
3595	1818	5374	3267	0	0	0	0	1777492509559
3535	1830	5195	3184	0	0	0	0	1777492510562
3549	1756	5166	3279	0	0	0	0	1777492511565
3432	1786	5327	3263	0	0	0	0	1777492512562
3460	1815	5339	3197	0	0	0	0	1777492513564
3501	1827	5160	3273	0	0	0	0	1777492514578
3489	1754	5272	3268	0	0	0	0	1777492515587
3437	1833	5183	3210	0	0	0	0	1777492516594
3562	1808	5320	3162	0	0	0	0	1777492517597
3455	1831	5140	3160	0	0	0	0	1777492518595
3456	1773	5157	3199	0	0	0	0	1777492519594
3594	1804	5179	3191	0	0	0	0	1777492520604
3486	1817	5180	3260	0	0	0	0	1777492521596
3500	1794	5209	3139	0	0	0	0	1777492522594
3595	1784	5359	3284	0	0	0	0	1777492523603
3491	1831	5291	3225	0	0	0	0	1777492524589
3592	1785	5362	3222	0	0	0	0	1777492525594
3550	1752	5248	3138	0	0	0	0	1777492526594
3574	1778	5199	3149	0	0	0	0	1777492527589
3434	1770	5306	3182	0	0	0	0	1777492528594
3551	1794	5346	3267	0	0	0	0	1777492529590
3448	1782	5201	3178	0	0	0	0	1777492530589
3444	1767	5341	3162	0	0	0	0	1777492531595
3556	1795	5327	3167	0	0	0	0	1777492532606
3576	1774	5189	3162	0	0	0	0	1777492533606
3450	1760	5333	3169	0	0	0	0	1777492534619
3447	1822	5235	3186	0	0	0	0	1777492535612
3596	1795	5269	3213	0	0	0	0	1777492536611
3520	1752	5269	3226	0	0	0	0	1777492537606
3533	1807	5206	3191	0	0	0	0	1777492538610
3466	1792	5162	3239	0	0	0	0	1777492539612
3559	1753	5363	3208	0	0	0	0	1777492540606
3505	1763	5257	3251	0	0	0	0	1777492541608
3472	1814	5212	3262	0	0	0	0	1777492542604
3449	1805	5211	3277	0	0	0	0	1777492543617
3510	1758	5140	3199	0	0	0	0	1777492544611
3554	1807	5148	3206	0	0	0	0	1777492545635
3498	1791	5297	3213	0	0	0	0	1777492546637
3528	1774	5278	3147	0	0	0	0	1777492547647
3523	1779	5215	3150	0	0	0	0	1777492548636
3580	1819	5254	3225	0	0	0	0	1777492549645
3471	1833	5213	3192	0	0	0	0	1777492550641
3541	1764	5325	3187	0	0	0	0	1777492551646
3465	1759	5246	3277	0	0	0	0	1777492552636
3595	1777	5184	3219	0	0	0	0	1777492553641
3499	1833	5290	3230	0	0	0	0	1777492554643
3558	1819	5376	3233	0	0	0	0	1777492555637
3452	1796	5210	3174	0	0	0	0	1777492556642
3506	1807	5379	3215	0	0	0	0	1777492557644
3541	1793	5152	3136	0	0	0	0	1777492558639
3467	1793	5266	3223	0	0	0	0	1777492559638
3546	1836	5149	3218	0	0	0	0	1777492560636
3475	1798	5321	3228	0	0	0	0	1777492561644
3570	1787	5256	3147	0	0	0	0	1777492562642
3480	1769	5146	3158	0	0	0	0	1777492563641
3444	1786	5166	3251	0	0	0	0	1777492564636
3433	1782	5322	3141	0	0	0	0	1777492565647
3505	1807	5356	3193	0	0	0	0	1777492566643
3437	1774	5234	3170	0	0	0	0	1777492567644
3542	1819	5175	3196	0	0	0	0	1777492568643
3489	1794	5247	3250	0	0	0	0	1777492569644
3538	1819	5269	3266	0	0	0	0	1777492570637
3531	1811	5298	3273	0	0	0	0	1777492571637
3494	1775	5153	3130	0	0	0	0	1777492572640
3547	1827	5281	3156	0	0	0	0	1777492573644
3513	1752	5387	3256	0	0	0	0	1777492574642
3548	1789	5172	3207	0	0	0	0	1777492575644
3549	1796	5141	3148	0	0	0	0	1777492576637
3480	1833	5161	3253	0	0	0	0	1777492577641
3555	1809	5143	3203	0	0	0	0	1777492578637
3584	1806	5265	3267	0	0	0	0	1777492579644
3433	1761	5244	3262	0	0	0	0	1777492580641
3433	1817	5201	3176	0	0	0	0	1777492581638
3465	1791	5315	3133	0	0	0	0	1777492582636
3487	1796	5282	3272	0	0	0	0	1777492583649
3475	1757	5375	3260	0	0	0	0	1777492584642
3564	1797	5265	3132	0	0	0	0	1777492585636
3460	1825	5207	3130	0	0	0	0	1777492586642
3484	1812	5247	3207	0	0	0	0	1777492587645
3441	1764	5255	3253	0	0	0	0	1777492588637
3460	1824	5282	3240	0	0	0	0	1777492589642
3458	1758	5213	3203	0	0	0	0	1777492590648
3450	1750	5250	3266	0	0	0	0	1777492591644
3534	1779	5180	3188	0	0	0	0	1777492592642
3511	1771	5245	3179	0	0	0	0	1777492593641
3545	1758	5277	3158	0	0	0	0	1777492594636
3519	1763	5188	3262	0	0	0	0	1777492595641
3595	1768	5257	3267	0	0	0	0	1777492596642
3502	1796	5211	3285	0	0	0	0	1777492597640
3575	1836	5152	3131	0	0	0	0	1777492598637
3584	1774	5277	3147	0	0	0	0	1777492599651
3433	1815	5142	3144	0	0	0	0	1777492600655
3492	1774	5302	3163	0	0	0	0	1777492601660
3468	1757	5169	3143	0	0	0	0	1777492602658
3482	1767	5287	3199	0	0	0	0	1777492603653
3509	1782	5324	3246	0	0	0	0	1777492604658
3535	1793	5190	3191	0	0	0	0	1777492605661
3582	1820	5206	3152	0	0	0	0	1777492606657
3498	1780	5307	3135	0	0	0	0	1777492607652
3442	1812	5331	3254	0	0	0	0	1777492608653
3500	1763	5380	3248	0	0	0	0	1777492609662
3534	1821	5210	3226	0	0	0	0	1777492610651
3503	1780	5233	3215	0	0	0	0	1777492611659
3551	1809	5270	3215	0	0	0	0	1777492612656
3574	1816	5161	3248	0	0	0	0	1777492613657
3576	1763	5189	3131	0	0	0	0	1777492614674
3437	1796	5284	3221	0	0	0	0	1777492615676
3514	1829	5308	3285	0	0	0	0	1777492616668
3570	1832	5166	3197	0	0	0	0	1777492617674
3478	1826	5217	3143	0	0	0	0	1777492618668
3452	1808	5226	3262	0	0	0	0	1777492619676
3519	1791	5168	3136	0	0	0	0	1777492620672
3542	1823	5325	3195	0	0	0	0	1777492621676
3441	1799	5175	3159	0	0	0	0	1777492622667
3472	1810	5151	3178	0	0	0	0	1777492623669
3525	1832	5145	3235	0	0	0	0	1777492624691
3580	1756	5374	3195	0	0	0	0	1777492625684
3445	1782	5262	3193	0	0	0	0	1777492626694
3513	1765	5210	3227	0	0	0	0	1777492627686
3450	1773	5346	3197	0	0	0	0	1777492628684
3465	1804	5370	3178	0	0	0	0	1777492629691
3456	1823	5234	3261	0	0	0	0	1777492630696
3496	1807	5365	3166	0	0	0	0	1777492631688
3547	1781	5170	3201	0	0	0	0	1777492632690
3512	1792	5178	3197	0	0	0	0	1777492633692
3459	1765	5161	3133	0	0	0	0	1777492634683
3567	1763	5385	3239	0	0	0	0	1777492635684
3559	1834	5363	3238	0	0	0	0	1777492636684
3451	1823	5239	3274	0	0	0	0	1777492637692
3476	1759	5183	3252	0	0	0	0	1777492638687
3506	1825	5358	3132	0	0	0	0	1777492639692
3595	1836	5198	3194	0	0	0	0	1777492640685
3554	1815	5291	3252	0	0	0	0	1777492641687
3508	1773	5242	3274	0	0	0	0	1777492642706
3470	1797	5183	3213	0	0	0	0	1777492643698
3598	1779	5293	3162	0	0	0	0	1777492644712
3580	1802	5390	3182	0	0	0	0	1777492645707
3598	1807	5349	3170	0	0	0	0	1777492646706
3450	1750	5330	3248	0	0	0	0	1777492647698
3455	1800	5303	3174	0	0	0	0	1777492648700
3466	1816	5145	3172	0	0	0	0	1777492649699
3520	1808	5321	3253	0	0	0	0	1777492650699
3520	1763	5315	3150	0	0	0	0	1777492651709
3451	1818	5206	3273	0	0	0	0	1777492652700
3522	1763	5253	3147	0	0	0	0	1777492653709
3519	1823	5294	3152	0	0	0	0	1777492654716
3486	1814	5225	3188	0	0	0	0	1777492655714
3561	1822	5299	3183	0	0	0	0	1777492656717
3557	1830	5196	3180	0	0	0	0	1777492657731
3473	1807	5213	3245	0	0	0	0	1777492658733
3584	1815	5214	3274	0	0	0	0	1777492659744
3459	1773	5175	3192	0	0	0	0	1777492660730
3434	1762	5285	3208	0	0	0	0	1777492661730
3584	1797	5344	3272	0	0	0	0	1777492662732
3489	1802	5243	3141	0	0	0	0	1777492663730
3539	1780	5259	3190	0	0	0	0	1777492664741
3596	1836	5387	3256	0	0	0	0	1777492665746
3437	1783	5247	3203	0	0	0	0	1777492666759
3439	1815	5336	3144	0	0	0	0	1777492667762
3517	1787	5272	3243	0	0	0	0	1777492668764
3448	1787	5174	3154	0	0	0	0	1777492669778
3502	1770	5316	3222	0	0	0	0	1777492670780
3566	1791	5327	3246	0	0	0	0	1777492671791
3535	1755	5255	3266	0	0	0	0	1777492672782
3455	1835	5151	3185	0	0	0	0	1777492673794
3571	1810	5239	3175	0	0	0	0	1777492674802
3435	1756	5369	3176	0	0	0	0	1777492675805
3573	1788	5313	3229	0	0	0	0	1777492676792
3498	1789	5376	3200	0	0	0	0	1777492677793
3563	1783	5282	3233	0	0	0	0	1777492678804
3475	1762	5166	3268	0	0	0	0	1777492679795
3595	1818	5358	3229	0	0	0	0	1777492680801
3536	1816	5201	3131	0	0	0	0	1777492681810
3489	1804	5261	3132	0	0	0	0	1777492682809
3595	1753	5256	3247	0	0	0	0	1777492683826
3578	1789	5369	3183	0	0	0	0	1777492684831
3490	1804	5322	3163	0	0	0	0	1777492685836
3490	1777	5314	3166	0	0	0	0	1777492686844
3462	1777	5216	3202	0	0	0	0	1777492687842
3534	1777	5386	3175	0	0	0	0	1777492688851
3596	1775	5223	3185	0	0	0	0	1777492689842
3489	1827	5385	3142	0	0	0	0	1777492690839
3576	1788	5199	3161	0	0	0	0	1777492691857
3512	1769	5257	3224	0	0	0	0	1777492692858
3564	1834	5214	3271	0	0	0	0	1777492693857
3586	1814	5227	3149	0	0	0	0	1777492694866
3513	1806	5165	3130	0	0	0	0	1777492695860
3580	1810	5153	3265	0	0	0	0	1777492696882
3556	1776	5161	3244	0	0	0	0	1777492697885
3474	1756	5170	3191	0	0	0	0	1777492698876
3477	1790	5140	3133	0	0	0	0	1777492699888
3445	1758	5305	3249	0	0	0	0	1777492700900
3511	1785	5250	3203	0	0	0	0	1777492701891
3585	1799	5350	3201	0	0	0	0	1777492702889
3479	1812	5213	3244	0	0	0	0	1777492703889
3497	1829	5244	3139	0	0	0	0	1777492704889
3462	1803	5217	3256	0	0	0	0	1777492705904
3521	1816	5201	3216	0	0	0	0	1777492706909
3479	1791	5280	3160	0	0	0	0	1777492707918
3582	1835	5329	3257	0	0	0	0	1777492708918
3588	1766	5375	3208	0	0	0	0	1777492709937
3502	1772	5244	3142	0	0	0	0	1777492710946
3485	1759	5303	3173	0	0	0	0	1777492711938
3526	1795	5219	3280	0	0	0	0	1777492712937
3527	1766	5333	3276	0	0	0	0	1777492713953
3544	1785	5294	3232	0	0	0	0	1777492714950
3459	1821	5307	3141	0	0	0	0	1777492715949
3451	1765	5145	3165	0	0	0	0	1777492716949
3493	1787	5277	3149	0	0	0	0	1777492717954
3555	1807	5234	3193	0	0	0	0	1777492718956
3460	1773	5380	3277	0	0	0	0	1777492719966
3506	1759	5149	3201	0	0	0	0	1777492720971
3572	1808	5198	3140	0	0	0	0	1777492721964
3460	1790	5265	3173	0	0	0	0	1777492722964
3568	1786	5164	3257	0	0	0	0	1777492723972
3545	1789	5337	3281	0	0	0	0	1777492724972
3494	1771	5155	3279	0	0	0	0	1777492725968
3599	1822	5139	3178	0	0	0	0	1777492726973
3454	1773	5388	3203	0	0	0	0	1777492727964
3562	1757	5364	3249	0	0	0	0	1777492728970
3546	1774	5268	3221	0	0	0	0	1777492729978
3431	1831	5186	3243	0	0	0	0	1777492730973
3566	1822	5309	3272	0	0	0	0	1777492731964
3513	1832	5208	3244	0	0	0	0	1777492732981
3579	1836	5211	3177	0	0	0	0	1777492733986
3564	1785	5286	3180	0	0	0	0	1777492734980
3538	1787	5271	3184	0	0	0	0	1777492735981
3545	1826	5166	3261	0	0	0	0	1777492736980
3516	1795	5231	3219	0	0	0	0	1777492737991
3495	1762	5384	3243	0	0	0	0	1777492738988
3487	1770	5172	3229	0	0	0	0	1777492739984
3517	1808	5343	3227	0	0	0	0	1777492740980
3450	1806	5387	3272	0	0	0	0	1777492741980
3554	1752	5234	3208	0	0	0	0	1777492742992
3431	1814	5229	3199	0	0	0	0	1777492743980
3484	1793	5140	3153	0	0	0	0	1777492744986
3592	1764	5287	3213	0	0	0	0	1777492745986
3587	1779	5165	3225	0	0	0	0	1777492746988
3532	1807	5210	3224	0	0	0	0	1777492747980
3516	1833	5302	3201	0	0	0	0	1777492748994
3514	1785	5372	3163	0	0	0	0	1777492749983
3509	1826	5312	3202	0	0	0	0	1777492750985
3429	1816	5205	3173	0	0	0	0	1777492751986
3521	1824	5358	3232	0	0	0	0	1777492752989
3470	1801	5379	3244	0	0	0	0	1777492753980
3589	1752	5367	3180	0	0	0	0	1777492754980
3447	1794	5367	3150	0	0	0	0	1777492755986
3558	1809	5157	3195	0	0	0	0	1777492756981
3551	1822	5366	3143	0	0	0	0	1777492757980
3483	1760	5336	3197	0	0	0	0	1777492758988
3457	1806	5145	3270	0	0	0	0	1777492759993
3527	1796	5380	3130	0	0	0	0	1777492760982
3549	1756	5197	3255	0	0	0	0	1777492761980
3511	1804	5295	3181	0	0	0	0	1777492762981
3487	1753	5331	3155	0	0	0	0	1777492763984
3484	1811	5236	3208	0	0	0	0	1777492764989
3506	1780	5313	3136	0	0	0	0	1777492765998
3598	1763	5378	3145	0	0	0	0	1777492767005
3523	1761	5247	3285	0	0	0	0	1777492767996
3548	1778	5277	3169	0	0	0	0	1777492768996
3536	1799	5195	3135	0	0	0	0	1777492770016
3523	1768	5276	3223	0	0	0	0	1777492771023
3433	1794	5301	3283	0	0	0	0	1777492772018
3441	1822	5354	3281	0	0	0	0	1777492773020
3515	1836	5156	3149	0	0	0	0	1777492774016
3577	1781	5254	3251	0	0	0	0	1777492775021
3435	1801	5200	3238	0	0	0	0	1777492776028
3509	1809	5379	3146	0	0	0	0	1777492777026
3502	1799	5318	3168	0	0	0	0	1777492778041
3480	1761	5384	3259	0	0	0	0	1777492779036
3530	1816	5223	3232	0	0	0	0	1777492780029
3431	1760	5328	3277	0	0	0	0	1777492781035
3536	1757	5352	3275	0	0	0	0	1777492782028
3556	1807	5291	3191	0	0	0	0	1777492783027
3513	1750	5203	3258	0	0	0	0	1777492784037
3470	1801	5244	3271	0	0	0	0	1777492785033
3443	1797	5253	3261	0	0	0	0	1777492786029
3563	1773	5177	3140	0	0	0	0	1777492787036
3463	1796	5295	3233	0	0	0	0	1777492788035
3548	1795	5230	3273	0	0	0	0	1777492789027
3545	1801	5333	3237	0	0	0	0	1777492790028
3547	1834	5307	3188	0	0	0	0	1777492791031
3472	1833	5202	3229	0	0	0	0	1777492792028
3431	1782	5201	3200	0	0	0	0	1777492793027
3441	1797	5202	3250	0	0	0	0	1777492794027
3508	1763	5240	3151	0	0	0	0	1777492795033
3555	1829	5206	3152	0	0	0	0	1777492796041
3487	1811	5388	3277	0	0	0	0	1777492797036
3576	1777	5299	3140	0	0	0	0	1777492798028
3590	1790	5372	3235	0	0	0	0	1777492799035
3449	1776	5139	3134	0	0	0	0	1777492800027
3570	1801	5322	3137	0	0	0	0	1777492801028
3570	1828	5363	3220	0	0	0	0	1777492802029
3467	1805	5389	3164	0	0	0	0	1777492803027
3481	1824	5156	3245	0	0	0	0	1777492804030
3567	1821	5362	3252	0	0	0	0	1777492805036
3595	1814	5194	3204	0	0	0	0	1777492806029
3539	1799	5303	3263	0	0	0	0	1777492807026
3577	1759	5216	3206	0	0	0	0	1777492808040
3559	1787	5166	3249	0	0	0	0	1777492809035
3516	1829	5169	3183	0	0	0	0	1777492810034
3531	1815	5184	3154	0	0	0	0	1777492811036
3532	1775	5344	3237	0	0	0	0	1777492812028
3430	1751	5224	3227	0	0	0	0	1777492813039
3436	1777	5218	3232	0	0	0	0	1777492814037
3597	1806	5171	3145	0	0	0	0	1777492815028
3493	1764	5375	3284	0	0	0	0	1777492816028
3587	1778	5319	3136	0	0	0	0	1777492817036
3474	1783	5332	3242	0	0	0	0	1777492818028
3564	1766	5209	3201	0	0	0	0	1777492819037
3567	1785	5204	3248	0	0	0	0	1777492820027
3580	1754	5301	3169	0	0	0	0	1777492821035
3524	1777	5314	3152	0	0	0	0	1777492822031
3479	1812	5306	3136	0	0	0	0	1777492823036
3450	1785	5304	3145	0	0	0	0	1777492824047
3444	1775	5339	3283	0	0	0	0	1777492825058
3547	1767	5284	3274	0	0	0	0	1777492826057
3562	1799	5279	3131	0	0	0	0	1777492827074
3484	1805	5190	3177	0	0	0	0	1777492828082
3563	1831	5154	3135	0	0	0	0	1777492829076
3429	1754	5171	3265	0	0	0	0	1777492830086
3571	1806	5266	3277	0	0	0	0	1777492831074
3566	1761	5205	3281	0	0	0	0	1777492832084
3504	1782	5299	3170	0	0	0	0	1777492833080
3599	1784	5225	3239	0	0	0	0	1777492834082
3464	1757	5211	3181	0	0	0	0	1777492835075
3431	1758	5247	3165	0	0	0	0	1777492836076
3445	1804	5367	3277	0	0	0	0	1777492837074
3459	1757	5245	3191	0	0	0	0	1777492838076
3579	1808	5380	3228	0	0	0	0	1777492839074
3571	1824	5276	3167	0	0	0	0	1777492840075
3568	1788	5271	3284	0	0	0	0	1777492841083
3512	1778	5354	3188	0	0	0	0	1777492842077
3429	1800	5334	3222	0	0	0	0	1777492843073
3553	1758	5319	3139	0	0	0	0	1777492844076
3449	1750	5244	3186	0	0	0	0	1777492845084
3537	1826	5224	3257	0	0	0	0	1777492846082
3451	1826	5208	3204	0	0	0	0	1777492847074
3489	1811	5207	3168	0	0	0	0	1777492848077
3572	1752	5326	3134	0	0	0	0	1777492849075
3439	1805	5360	3265	0	0	0	0	1777492850087
3473	1822	5205	3184	0	0	0	0	1777492851086
3496	1770	5349	3252	0	0	0	0	1777492852075
3587	1771	5368	3190	0	0	0	0	1777492853086
3536	1768	5308	3268	0	0	0	0	1777492854076
3483	1781	5334	3190	0	0	0	0	1777492855090
3469	1820	5196	3239	0	0	0	0	1777492856092
3437	1776	5282	3227	0	0	0	0	1777492857107
3508	1797	5187	3231	0	0	0	0	1777492858108
3595	1764	5155	3267	0	0	0	0	1777492859122
3461	1784	5283	3132	0	0	0	0	1777492860134
3497	1758	5301	3238	0	0	0	0	1777492861135
3496	1817	5184	3243	0	0	0	0	1777492862125
3572	1757	5318	3265	0	0	0	0	1777492863133
3589	1819	5188	3149	0	0	0	0	1777492864125
3561	1776	5209	3240	0	0	0	0	1777492865122
3436	1796	5291	3242	0	0	0	0	1777492866121
3480	1800	5255	3284	0	0	0	0	1777492867137
3578	1756	5319	3278	0	0	0	0	1777492868140
3523	1801	5369	3178	0	0	0	0	1777492869154
3539	1822	5309	3171	0	0	0	0	1777492870157
3448	1810	5231	3130	0	0	0	0	1777492871165
3497	1805	5382	3185	0	0	0	0	1777492872151
3598	1780	5180	3241	0	0	0	0	1777492873160
3578	1754	5360	3233	0	0	0	0	1777492874162
3483	1775	5320	3275	0	0	0	0	1777492875154
3479	1779	5146	3167	0	0	0	0	1777492876160
3485	1785	5389	3141	0	0	0	0	1777492877165
3588	1751	5371	3256	0	0	0	0	1777492878155
3532	1752	5146	3188	0	0	0	0	1777492879165
3518	1797	5212	3268	0	0	0	0	1777492880151
3552	1816	5267	3237	0	0	0	0	1777492881170
3491	1819	5337	3233	0	0	0	0	1777492882172
3471	1792	5167	3235	0	0	0	0	1777492883186
3479	1798	5220	3162	0	0	0	0	1777492884198
3463	1757	5177	3176	0	0	0	0	1777492885202
3498	1789	5314	3177	0	0	0	0	1777492886213
3461	1801	5391	3168	0	0	0	0	1777492887198
3482	1780	5388	3269	0	0	0	0	1777492888210
3537	1814	5286	3160	0	0	0	0	1777492889207
3542	1757	5167	3189	0	0	0	0	1777492890199
3512	1834	5380	3241	0	0	0	0	1777492891200
3566	1751	5229	3243	0	0	0	0	1777492892216
3501	1764	5316	3246	0	0	0	0	1777492893215
3484	1774	5338	3159	0	0	0	0	1777492894219
3496	1819	5270	3174	0	0	0	0	1777492895234
3599	1792	5343	3269	0	0	0	0	1777492896236
3528	1757	5308	3179	0	0	0	0	1777492897248
3578	1822	5306	3142	0	0	0	0	1777492898261
3548	1787	5263	3284	0	0	0	0	1777492899263
3593	1776	5372	3156	0	0	0	0	1777492900260
3586	1817	5368	3264	0	0	0	0	1777492901282
3476	1767	5386	3221	0	0	0	0	1777492902281
3563	1776	5367	3265	0	0	0	0	1777492903278
3541	1806	5277	3160	0	0	0	0	1777492904278
3586	1768	5151	3262	0	0	0	0	1777492905282
3485	1799	5186	3232	0	0	0	0	1777492906284
3446	1796	5143	3157	0	0	0	0	1777492907276
3455	1769	5339	3219	0	0	0	0	1777492908279
3431	1800	5147	3238	0	0	0	0	1777492909285
3529	1768	5147	3140	0	0	0	0	1777492910277
3531	1789	5241	3253	0	0	0	0	1777492911281
3486	1762	5390	3197	0	0	0	0	1777492912285
3569	1796	5141	3284	0	0	0	0	1777492913277
3551	1782	5263	3198	0	0	0	0	1777492914280
3589	1798	5350	3183	0	0	0	0	1777492915279
3595	1797	5328	3196	0	0	0	0	1777492916280
3483	1806	5238	3247	0	0	0	0	1777492917276
3566	1827	5334	3251	0	0	0	0	1777492918284
3508	1786	5221	3220	0	0	0	0	1777492919276
3503	1768	5369	3285	0	0	0	0	1777492920345
3573	1831	5351	3226	0	0	0	0	1777492921289
3568	1809	5224	3200	0	0	0	0	1777492922285
3577	1836	5186	3183	0	0	0	0	1777492923282
3513	1809	5284	3256	0	0	0	0	1777492924279
3469	1825	5201	3147	0	0	0	0	1777492925283
3438	1818	5376	3219	0	0	0	0	1777492926290
3438	1758	5379	3151	0	0	0	0	1777492927276
3546	1783	5160	3255	0	0	0	0	1777492928284
3445	1755	5341	3140	0	0	0	0	1777492929282
3450	1763	5271	3155	0	0	0	0	1777492930284
3527	1751	5236	3181	0	0	0	0	1777492931277
3429	1773	5151	3199	0	0	0	0	1777492932283
3505	1789	5364	3212	0	0	0	0	1777492933290
3488	1780	5220	3227	0	0	0	0	1777492934282
3443	1795	5275	3149	0	0	0	0	1777492935282
3547	1757	5217	3156	0	0	0	0	1777492936284
3529	1752	5182	3173	0	0	0	0	1777492937277
3599	1754	5346	3243	0	0	0	0	1777492938284
3499	1810	5315	3156	0	0	0	0	1777492939285
3538	1798	5384	3212	0	0	0	0	1777492940279
3564	1825	5286	3151	0	0	0	0	1777492941283
3450	1836	5321	3272	0	0	0	0	1777492942284
3584	1760	5237	3220	0	0	0	0	1777492943276
3453	1752	5229	3167	0	0	0	0	1777492944288
3578	1776	5204	3265	0	0	0	0	1777492945296
3451	1768	5138	3243	0	0	0	0	1777492946293
3517	1809	5241	3177	0	0	0	0	1777492947295
3454	1785	5161	3255	0	0	0	0	1777492948301
3477	1828	5296	3251	0	0	0	0	1777492949298
3443	1783	5366	3254	0	0	0	0	1777492950348
3591	1824	5337	3164	0	0	0	0	1777492951312
3546	1800	5140	3209	0	0	0	0	1777492952317
3585	1772	5221	3249	0	0	0	0	1777492953308
3462	1823	5359	3184	0	0	0	0	1777492954312
3523	1830	5341	3235	0	0	0	0	1777492955330
3553	1800	5192	3242	0	0	0	0	1777492956330
3570	1765	5210	3250	0	0	0	0	1777492957330
3514	1819	5300	3172	0	0	0	0	1777492958332
3429	1805	5390	3182	0	0	0	0	1777492959324
3509	1833	5149	3146	0	0	0	0	1777492960326
3440	1769	5306	3249	0	0	0	0	1777492961324
3592	1806	5184	3202	0	0	0	0	1777492962331
3555	1750	5174	3255	0	0	0	0	1777492963330
3441	1825	5166	3142	0	0	0	0	1777492964328
3578	1809	5356	3148	0	0	0	0	1777492965324
3558	1760	5323	3275	0	0	0	0	1777492966334
3459	1751	5213	3234	0	0	0	0	1777492967325
3574	1815	5202	3245	0	0	0	0	1777492968328
3492	1760	5275	3280	0	0	0	0	1777492969323
3584	1835	5327	3172	0	0	0	0	1777492970333
3459	1813	5325	3256	0	0	0	0	1777492971325
3465	1797	5283	3194	0	0	0	0	1777492972327
3542	1804	5294	3166	0	0	0	0	1777492973330
3569	1823	5379	3262	0	0	0	0	1777492974333
3553	1786	5390	3235	0	0	0	0	1777492975330
3432	1754	5241	3242	0	0	0	0	1777492976332
3516	1819	5199	3151	0	0	0	0	1777492977324
3495	1792	5218	3258	0	0	0	0	1777492978329
3562	1767	5354	3183	0	0	0	0	1777492979334
3475	1802	5230	3256	0	0	0	0	1777492982334
3506	1824	5352	3159	0	0	0	0	1777492983324
3519	1813	5156	3238	0	0	0	0	1777492984330
3505	1770	5225	3157	0	0	0	0	1777492985331
3564	1774	5211	3247	0	0	0	0	1777492986326
3530	1784	5152	3225	0	0	0	0	1777492987330
3442	1812	5314	3201	0	0	0	0	1777492988339
3446	1817	5332	3231	0	0	0	0	1777492989343
3467	1827	5209	3248	0	0	0	0	1777492990347
3461	1788	5345	3221	0	0	0	0	1777492991340
3523	1790	5365	3250	0	0	0	0	1777492992342
3479	1765	5301	3250	0	0	0	0	1777492993346
3546	1760	5312	3177	0	0	0	0	1777492994340
3449	1804	5204	3183	0	0	0	0	1777492995346
3431	1822	5303	3169	0	0	0	0	1777492996339
3598	1786	5333	3193	0	0	0	0	1777492997340
3539	1769	5162	3207	0	0	0	0	1777492998341
3505	1789	5346	3225	0	0	0	0	1777492999339
3497	1752	5183	3259	0	0	0	0	1777493000348
3579	1790	5180	3207	0	0	0	0	1777493001345
3528	1824	5232	3179	0	0	0	0	1777493002355
3580	1823	5172	3244	0	0	0	0	1777493003363
3464	1802	5384	3249	0	0	0	0	1777493004364
3571	1783	5171	3145	0	0	0	0	1777493005362
3593	1811	5290	3245	0	0	0	0	1777493006370
3597	1765	5171	3278	0	0	0	0	1777493007363
3527	1775	5322	3160	0	0	0	0	1777493008359
3574	1836	5188	3275	0	0	0	0	1777493009355
3504	1752	5170	3167	0	0	0	0	1777493010358
3552	1779	5384	3249	0	0	0	0	1777493011356
3515	1785	5247	3154	0	0	0	0	1777493012356
3585	1821	5175	3210	0	0	0	0	1777493013358
3439	1808	5281	3253	0	0	0	0	1777493014361
3507	1766	5148	3281	0	0	0	0	1777493015359
3543	1761	5214	3270	0	0	0	0	1777493016356
3454	1830	5142	3176	0	0	0	0	1777493017356
3571	1793	5327	3165	0	0	0	0	1777493018354
3578	1834	5144	3134	0	0	0	0	1777493019357
3598	1795	5346	3155	0	0	0	0	1777493020359
3589	1768	5161	3149	0	0	0	0	1777493021362
3503	1757	5335	3200	0	0	0	0	1777493022365
3482	1781	5349	3197	0	0	0	0	1777493023356
3554	1806	5315	3193	0	0	0	0	1777493024364
3576	1807	5370	3182	0	0	0	0	1777493025356
3565	1777	5392	3258	0	0	0	0	1777493026358
3469	1828	5291	3242	0	0	0	0	1777493027362
3571	1828	5370	3133	0	0	0	0	1777493028365
3582	1799	5201	3137	0	0	0	0	1777493029355
3502	1768	5139	3153	0	0	0	0	1777493030355
3584	1790	5333	3268	0	0	0	0	1777493031357
3525	1770	5312	3240	0	0	0	0	1777493032365
3492	1769	5175	3194	0	0	0	0	1777493033362
3596	1798	5306	3170	0	0	0	0	1777493034355
3449	1797	5387	3210	0	0	0	0	1777493035356
3459	1753	5263	3216	0	0	0	0	1777493036355
3588	1801	5366	3259	0	0	0	0	1777493037376
3467	1765	5151	3265	0	0	0	0	1777493038371
3558	1826	5173	3162	0	0	0	0	1777493039384
