3010	2081	2608	4306	0	0	0	0	1771967298476
2950	2110	2616	4051	0	0	0	0	1771967299981
2943	2138	2582	4095	0	0	0	0	1771967301527
2894	2000	0	4105	0	0	0	0	1771967303166
2884	2006	2474	4140	0	0	0	0	1771967304216
2905	1991	2521	4096	0	0	0	0	1771967305519
2820	2046	2561	4105	0	0	0	0	1771967306649
2853	2049	2583	4055	0	0	0	0	1771967308005
2872	1899	2549	0	0	0	0	0	1771967309418
2868	1934	2465	4012	0	0	0	0	1771967310870
2856	1985	2503	4016	0	0	0	0	1771967312150
2830	1989	2523	4061	0	0	0	0	1771967313581
2866	2008	2559	3925	0	0	0	0	1771967314803
2861	0	2384	3969	0	0	0	0	1771967316337
2867	1866	2482	3992	0	0	0	0	1771967317123
2845	1998	2387	4005	0	0	0	0	1771967318244
2790	2001	2514	4073	0	0	0	0	1771967319477
2832	2011	2464	3851	0	0	0	0	1771967320881
2811	1831	2521	3902	0	0	0	0	1771967322172
2860	1923	2540	3941	0	0	0	0	1771967323470
2801	1970	2408	0	0	0	0	0	1771967324869
2826	2007	2521	3985	0	0	0	0	1771967326296
2787	1828	0	3947	0	0	0	0	1771967327632
2796	1896	2478	0	0	0	0	0	1771967328938
2846	1959	2521	3959	0	0	0	0	1771967330256
2775	1959	0	3888	0	0	0	0	1771967331602
2813	1975	2502	3981	0	0	0	0	1771967332755
2783	1865	2498	3948	0	0	0	0	1771967334059
2808	1901	2429	3844	0	0	0	0	1771967335496
2819	2000	2478	3920	0	0	0	0	1771967336812
2783	1962	2496	3948	0	0	0	0	1771967338317
2734	0	2511	4029	0	0	0	0	1771967339409
2778	1971	2523	3876	0	0	0	0	1771967340507
2793	1801	2542	3919	0	0	0	0	1771967341593
2790	1862	2402	3925	0	0	0	0	1771967342775
2797	1976	2470	3976	0	0	0	0	1771967344196
2816	1978	2505	3977	0	0	0	0	1771967345576
2737	1828	2516	3975	0	0	0	0	1771967347191
2768	1885	2347	3972	0	0	0	0	1771967348419
2782	1939	2439	0	0	0	0	0	1771967349856
2805	2001	2488	3839	0	0	0	0	1771967351182
2819	1793	2501	3885	0	0	0	0	1771967352940
2718	1871	2385	3970	0	0	0	0	1771967354394
2773	1895	0	3900	0	0	0	0	1771967355491
2778	1927	2442	3919	0	0	0	0	1771967356229
2791	2002	2488	3939	0	0	0	0	1771967357324
2793	1794	2493	3940	0	0	0	0	1771967358699
2797	1836	2391	3977	0	0	0	0	1771967360018
2783	1888	2439	3839	0	0	0	0	1771967361388
2746	1940	2321	3895	0	0	0	0	1771967362936
2753	0	2400	3940	0	0	0	0	1771967363990
2756	1891	2451	4014	0	0	0	0	1771967365052
2763	1898	2484	3928	0	0	0	0	1771967366314
2696	1898	2336	3814	0	0	0	0	1771967367707
2741	1920	2321	3888	0	0	0	0	1771967369074
2768	1933	2407	3945	0	0	0	0	1771967370299
2766	1919	2457	3962	0	0	0	0	1771967371669
2747	1880	2474	0	0	0	0	0	1771967372905
2739	1887	2456	3939	0	0	0	0	1771967374335
2773	1920	2457	3795	0	0	0	0	1771967376139
2722	1949	2469	3868	0	0	0	0	1771967377162
2772	1714	0	3912	0	0	0	0	1771967378430
2703	1778	2483	3937	0	0	0	0	1771967379723
2734	1891	2377	3928	0	0	0	0	1771967380849
2751	1917	2394	3820	0	0	0	0	1771967382040
2726	1794	2336	3917	0	0	0	0	1771967383343
2774	1819	2408	3950	0	0	0	0	1771967384702
2732	0	2431	3904	0	0	0	0	1771967386491
2758	1828	2474	3826	0	0	0	0	1771967387451
2717	1854	2317	3871	0	0	0	0	1771967388430
2724	1906	2391	3890	0	0	0	0	1771967389925
2771	1907	2416	3970	0	0	0	0	1771967390993
2722	1691	2441	3964	0	0	0	0	1771967392486
2760	1745	2343	0	0	0	0	0	1771967394096
2710	1875	2382	3783	0	0	0	0	1771967395081
2743	1903	2407	3828	0	0	0	0	1771967396527
2711	1889	2451	3862	0	0	0	0	1771967397708
2754	1680	2443	3940	0	0	0	0	1771967399121
2754	1736	2347	3949	0	0	0	0	1771967400444
2713	1822	0	3820	0	0	0	0	1771967401736
2731	1866	2394	3917	0	0	0	0	1771967402904
2714	1867	2424	3944	0	0	0	0	1771967404029
2741	1825	2443	3955	0	0	0	0	1771967405575
2749	1829	2459	3933	0	0	0	0	1771967406885
2652	1857	2319	3942	0	0	0	0	1771967408325
2707	0	2424	3770	0	0	0	0	1771967409688
2715	1902	2291	3839	0	0	0	0	1771967410641
2734	1678	2364	3868	0	0	0	0	1771967411918
2749	1758	2397	3913	0	0	0	0	1771967413456
2636	1807	2315	3938	0	0	0	0	1771967414887
2711	1850	2433	0	0	0	0	0	1771967416288
2715	1790	2335	3801	0	0	0	0	1771967417368
2753	1801	2376	3894	0	0	0	0	1771967418438
2743	1775	2408	3917	0	0	0	0	1771967419604
2691	1887	2422	3943	0	0	0	0	1771967420833
2725	1892	2442	3801	0	0	0	0	1771967422368
2695	1899	2238	3847	0	0	0	0	1771967423756
2713	1825	2329	3932	0	0	0	0	1771967424985
2704	1799	0	3923	0	0	0	0	1771967426236
2726	1822	2298	3783	0	0	0	0	1771967427583
2718	1852	2355	3826	0	0	0	0	1771967428914
2695	1875	2392	3850	0	0	0	0	1771967430213
2733	1719	2398	3920	0	0	0	0	1771967431568
2707	0	2348	3920	0	0	0	0	1771967432933
2703	1824	2390	3795	0	0	0	0	1771967434029
2685	1836	2417	3843	0	0	0	0	1771967435556
2707	1875	2428	3914	0	0	0	0	1771967436686
2667	1626	2417	3907	0	0	0	0	1771967438030
2700	1726	2278	3913	0	0	0	0	1771967439323
2658	1816	2332	0	0	0	0	0	1771967440718
2685	1829	2405	3770	0	0	0	0	1771967441777
2697	1759	2390	3884	0	0	0	0	1771967443320
2673	1780	2250	3906	0	0	0	0	1771967444555
2719	1854	2311	3910	0	0	0	0	1771967445830
2667	1803	0	3789	0	0	0	0	1771967447311
2691	1808	2266	3823	0	0	0	0	1771967448440
2621	1847	2355	3863	0	0	0	0	1771967449524
2667	1845	2378	3887	0	0	0	0	1771967450827
2693	1848	2264	3880	0	0	0	0	1771967452160
2683	1772	2325	3898	0	0	0	0	1771967453599
2681	0	2373	3788	0	0	0	0	1771967455023
2640	1803	2449	3884	0	0	0	0	1771967456245
2677	1808	2261	3874	0	0	0	0	1771967457339
2693	1800	2261	3892	0	0	0	0	1771967458720
2689	1847	2336	3764	0	0	0	0	1771967460134
2696	1792	2383	3822	0	0	0	0	1771967461637
2663	1645	2406	0	0	0	0	0	1771967462911
2688	1697	2414	3899	0	0	0	0	1771967464033
2644	1748	2282	3886	0	0	0	0	1771967465354
2699	1832	2329	3923	0	0	0	0	1771967466508
2675	1803	2380	3820	0	0	0	0	1771967467739
2679	1662	2396	3853	0	0	0	0	1771967469160
2688	1713	2238	3923	0	0	0	0	1771967470594
2660	1765	0	3861	0	0	0	0	1771967471819
2698	1778	2309	3866	0	0	0	0	1771967472932
2646	1775	2346	3789	0	0	0	0	1771967474367
2650	1657	2367	3847	0	0	0	0	1771967476018
2680	1720	2306	3903	0	0	0	0	1771967477148
2653	1764	2333	3750	0	0	0	0	1771967478435
2692	0	2394	3802	0	0	0	0	1771967479669
2660	1828	2381	3825	0	0	0	0	1771967481044
2650	1627	2385	3844	0	0	0	0	1771967482434
2677	1697	2401	3892	0	0	0	0	1771967483861
2662	1720	2212	0	0	0	0	0	1771967485295
2671	1758	2293	3893	0	0	0	0	1771967486362
2671	1827	2336	3895	0	0	0	0	1771967487548
2680	1629	2378	3727	0	0	0	0	1771967488572
2665	1715	2276	3851	0	0	0	0	1771967489840
2642	1728	2317	3871	0	0	0	0	1771967491275
2685	1762	2352	3877	0	0	0	0	1771967492635
2648	1830	2382	3734	0	0	0	0	1771967494045
2635	1643	0	3806	0	0	0	0	1771967495231
2636	1677	2357	3895	0	0	0	0	1771967496497
2662	1724	2264	3881	0	0	0	0	1771967497931
2615	1773	2301	3874	0	0	0	0	1771967499221
2653	1772	2349	3884	0	0	0	0	1771967500550
2650	0	2363	3897	0	0	0	0	1771967501983
2619	1606	2365	3942	0	0	0	0	1771967503050
2652	1748	2249	3691	0	0	0	0	1771967504483
2627	1770	2356	3772	0	0	0	0	1771967505820
2653	1792	2230	3837	0	0	0	0	1771967507104
2666	1801	2311	3901	0	0	0	0	1771967508401
2652	1643	2217	0	0	0	0	0	1771967509796
2592	1750	2292	3907	0	0	0	0	1771967510859
2633	1753	2386	3880	0	0	0	0	1771967512089
2654	1784	2231	3883	0	0	0	0	1771967513395
2624	1637	2302	3813	0	0	0	0	1771967514528
2654	1676	2210	3899	0	0	0	0	1771967515964
2648	1765	2278	3910	0	0	0	0	1771967517384
2660	1793	0	3764	0	0	0	0	1771967518673
2600	1649	2318	3808	0	0	0	0	1771967519709
2639	1697	2348	3896	0	0	0	0	1771967521071
2650	1708	2269	3886	0	0	0	0	1771967522565
2604	1725	2304	3855	0	0	0	0	1771967523998
2646	0	2336	3867	0	0	0	0	1771967525196
2610	1767	2349	3887	0	0	0	0	1771967526352
2670	1784	2266	3848	0	0	0	0	1771967527649
2635	1616	2307	3911	0	0	0	0	1771967529065
2634	1665	2261	3885	0	0	0	0	1771967530577
2595	1768	2310	0	0	0	0	0	1771967531938
2613	1768	2330	3758	0	0	0	0	1771967533023
2664	1771	2349	3809	0	0	0	0	1771967534135
2611	1640	2196	3848	0	0	0	0	1771967535406
2615	1687	2282	3836	0	0	0	0	1771967536806
2650	1760	2310	3813	0	0	0	0	1771967538136
2637	1761	2334	3842	0	0	0	0	1771967539566
2666	1676	0	3816	0	0	0	0	1771967540833
2652	1701	2348	3839	0	0	0	0	1771967542061
2597	1711	2209	3848	0	0	0	0	1771967543319
2626	1724	2295	3789	0	0	0	0	1771967544731
2595	1746	2379	3830	0	0	0	0	1771967546323
2634	1563	2369	3817	0	0	0	0	1771967547307
2653	0	2362	3827	0	0	0	0	1771967548679
2656	1683	2145	3828	0	0	0	0	1771967549949
2568	1721	2246	3807	0	0	0	0	1771967551393
2604	1740	2291	0	0	0	0	0	1771967552739
2631	1744	2324	3770	0	0	0	0	1771967554038
2644	0	2259	3801	0	0	0	0	1771967555406
2657	1765	2283	3858	0	0	0	0	1771967556503
2566	1755	2316	3866	0	0	0	0	1771967557627
2602	1558	2354	3685	0	0	0	0	1771967558817
2612	1625	2341	3766	0	0	0	0	1771967560278
2606	1658	2284	3849	0	0	0	0	1771967561518
2646	1734	2299	3828	0	0	0	0	1771967562850
2634	1743	2328	3831	0	0	0	0	1771967564172
2643	1602	0	3692	0	0	0	0	1771967565334
2585	1696	2354	3767	0	0	0	0	1771967566494
2616	1746	2364	3853	0	0	0	0	1771967567774
2627	1754	2255	3776	0	0	0	0	1771967569123
2619	1712	2285	3752	0	0	0	0	1771967570589
2630	1717	2313	3805	0	0	0	0	1771967571991
2611	1712	2341	0	0	0	0	0	1771967573220
2630	1731	2348	3827	0	0	0	0	1771967574582
2584	0	2217	3815	0	0	0	0	1771967575965
2605	1745	2249	3709	0	0	0	0	1771967577388
2541	1753	2292	0	0	0	0	0	1771967578714
2587	1695	2321	3772	0	0	0	0	1771967579877
2609	1679	2332	3877	0	0	0	0	1771967580970
2611	1728	2353	3874	0	0	0	0	1771967582104
2627	1743	2354	3733	0	0	0	0	1771967583420
2636	1622	2180	3779	0	0	0	0	1771967585792
2541	1641	2262	3809	0	0	0	0	1771967586317
2611	1678	0	3824	0	0	0	0	1771967587721
2599	1727	2186	3841	0	0	0	0	1771967588786
2621	1732	2248	3851	0	0	0	0	1771967589950
2624	1496	2278	3852	0	0	0	0	1771967591217
2571	1615	2300	3825	0	0	0	0	1771967592646
2609	1676	2331	3852	0	0	0	0	1771967594040
2591	1708	2355	3823	0	0	0	0	1771967595322
2617	1608	2315	0	0	0	0	0	1771967596672
