1325	670	1445	1201	0	0	0	0	1776866667608
1289	677	1458	1209	0	0	0	0	1776866669128
1283	666	1471	1236	0	0	0	0	1776866670399
1310	686	1527	0	0	0	0	0	1776866672104
1286	682	1488	1262	0	0	0	0	1776866673104
1330	677	1482	1253	0	0	0	0	1776866674100
1303	696	1504	1260	0	0	0	0	1776866675107
1303	695	1480	1239	0	0	0	0	1776866676099
1278	684	1504	1243	0	0	0	0	1776866677097
1309	673	1518	1267	0	0	0	0	1776866678115
1331	695	1516	1286	0	0	0	0	1776866679113
1298	687	1515	1246	0	0	0	0	1776866680115
1295	697	1497	1262	0	0	0	0	1776866681129
1307	684	1476	1248	0	0	0	0	1776866682131
1302	677	1501	1252	0	0	0	0	1776866683140
1298	670	1541	1261	0	0	0	0	1776866684131
1297	687	1506	1247	0	0	0	0	1776866685142
1298	672	1479	1285	0	0	0	0	1776866686129
1300	698	1542	1282	0	0	0	0	1776866687131
1305	676	1532	1248	0	0	0	0	1776866688130
1318	676	1542	1272	0	0	0	0	1776866689129
1283	696	1532	1251	0	0	0	0	1776866690130
1281	681	1482	1275	0	0	0	0	1776866691135
1305	683	1538	1246	0	0	0	0	1776866692131
1314	692	1473	1243	0	0	0	0	1776866693135
1277	673	1479	1292	0	0	0	0	1776866694137
1325	670	1533	1284	0	0	0	0	1776866695145
1322	669	1478	1241	0	0	0	0	1776866696145
1314	695	1511	1246	0	0	0	0	1776866697145
1293	696	1505	1248	0	0	0	0	1776866698145
1316	678	1528	1285	0	0	0	0	1776866699161
1292	697	1536	1250	0	0	0	0	1776866700163
1271	696	1531	1270	0	0	0	0	1776866701173
1315	690	1507	1278	0	0	0	0	1776866703273
1322	683	1474	1267	0	0	0	0	1776866704270
1331	673	1519	1255	0	0	0	0	1776866705289
1326	676	1494	1288	0	0	0	0	1776866706290
1317	695	1520	1250	0	0	0	0	1776866707289
1291	677	1484	1288	0	0	0	0	1776866708313
1283	698	1487	1249	0	0	0	0	1776866709304
1298	675	1542	1295	0	0	0	0	1776866710307
1307	694	1532	1294	0	0	0	0	1776866711304
1287	686	1472	1246	0	0	0	0	1776866712307
1291	689	1501	1244	0	0	0	0	1776866713304
1271	681	1472	1277	0	0	0	0	1776866714306
1280	695	1542	1251	0	0	0	0	1776866715304
1319	697	1541	1267	0	0	0	0	1776866716308
1275	666	1502	1284	0	0	0	0	1776866717316
1297	681	1524	1259	0	0	0	0	1776866718305
1290	686	1509	1283	0	0	0	0	1776866719315
1315	671	1476	1242	0	0	0	0	1776866720307
1284	676	1539	1245	0	0	0	0	1776866721320
1278	683	1508	1278	0	0	0	0	1776866722323
1277	692	1499	1295	0	0	0	0	1776866723316
1331	668	1492	1241	0	0	0	0	1776866724327
1324	675	1490	1255	0	0	0	0	1776866725316
1317	671	1495	1264	0	0	0	0	1776866726323
1314	691	1498	1242	0	0	0	0	1776866727317
1300	669	1512	1244	0	0	0	0	1776866728318
1283	687	1497	1284	0	0	0	0	1776866729317
1311	695	1523	1266	0	0	0	0	1776866730319
1328	674	1521	1267	0	0	0	0	1776866731320
1329	693	1540	1248	0	0	0	0	1776866732323
1322	689	1484	1267	0	0	0	0	1776866733332
1289	686	1503	1247	0	0	0	0	1776866734332
1273	693	1540	1249	0	0	0	0	1776866735348
1286	690	1505	1247	0	0	0	0	1776866736363
1297	668	1512	1251	0	0	0	0	1776866737382
1276	678	1517	1243	0	0	0	0	1776866738383
1289	687	1500	1249	0	0	0	0	1776866739385
1273	689	1524	1282	0	0	0	0	1776866740380
1315	668	1509	1286	0	0	0	0	1776866741378
1286	668	1523	1273	0	0	0	0	1776866742388
1301	669	1513	1265	0	0	0	0	1776866743379
1278	688	1509	1265	0	0	0	0	1776866744385
1322	688	1476	1268	0	0	0	0	1776866745379
1284	696	1521	1247	0	0	0	0	1776866746387
1280	675	1496	1241	0	0	0	0	1776866747379
1274	678	1503	1284	0	0	0	0	1776866748380
1274	694	1474	1258	0	0	0	0	1776866749379
1276	674	1540	1254	0	0	0	0	1776866750386
1315	690	1477	1240	0	0	0	0	1776866751379
1294	691	1514	1276	0	0	0	0	1776866752387
1327	679	1481	1260	0	0	0	0	1776866753379
1273	695	1483	1253	0	0	0	0	1776866754387
1331	667	1504	1278	0	0	0	0	1776866755401
1313	693	1481	1292	0	0	0	0	1776866756411
1274	679	1490	1286	0	0	0	0	1776866757435
1298	667	1485	1238	0	0	0	0	1776866758435
1299	683	1478	1281	0	0	0	0	1776866759427
1298	669	1541	1258	0	0	0	0	1776866760435
1290	697	1514	1274	0	0	0	0	1776866761447
1281	692	1519	1293	0	0	0	0	1776866762452
1323	689	1475	1262	0	0	0	0	1776866763443
1280	677	1483	1271	0	0	0	0	1776866764451
1323	692	1491	1262	0	0	0	0	1776866765462
1289	690	1517	1283	0	0	0	0	1776866766458
1270	671	1522	1253	0	0	0	0	1776866767458
1282	671	1471	1285	0	0	0	0	1776866768473
1328	694	1522	1246	0	0	0	0	1776866769475
1322	684	1532	1258	0	0	0	0	1776866770474
1323	695	1478	1246	0	0	0	0	1776866771475
1322	682	1543	1246	0	0	0	0	1776866772476
1276	695	1482	1239	0	0	0	0	1776866773476
1325	692	1507	1281	0	0	0	0	1776866774481
1313	670	1528	1237	0	0	0	0	1776866775475
1304	684	1481	1248	0	0	0	0	1776866776472
1330	674	1538	1269	0	0	0	0	1776866777475
1276	675	1529	1265	0	0	0	0	1776866778484
1314	695	1495	1257	0	0	0	0	1776866779475
1292	668	1541	1256	0	0	0	0	1776866780482
1304	677	1473	1267	0	0	0	0	1776866781475
1301	697	1487	1283	0	0	0	0	1776866782489
1324	686	1533	1264	0	0	0	0	1776866783491
1309	676	1538	1267	0	0	0	0	1776866784504
1318	675	1531	1266	0	0	0	0	1776866785506
1322	679	1499	1287	0	0	0	0	1776866786504
1315	692	1477	1247	0	0	0	0	1776866787507
1306	674	1540	1259	0	0	0	0	1776866788521
1283	685	1497	1274	0	0	0	0	1776866789523
1270	678	1502	1267	0	0	0	0	1776866790530
1309	686	1484	1296	0	0	0	0	1776866791520
1279	687	1481	1268	0	0	0	0	1776866792537
1276	691	1471	1282	0	0	0	0	1776866793540
1299	686	1541	1246	0	0	0	0	1776866794550
1291	683	1490	1243	0	0	0	0	1776866795539
1304	679	1521	1269	0	0	0	0	1776866796537
1289	694	1519	1249	0	0	0	0	1776866797555
1273	676	1541	1248	0	0	0	0	1776866798569
1322	697	1501	1239	0	0	0	0	1776866799569
1317	671	1527	1263	0	0	0	0	1776866800574
1323	674	1510	1284	0	0	0	0	1776866801589
1295	694	1518	1283	0	0	0	0	1776866802582
1299	691	1522	1279	0	0	0	0	1776866803587
1318	671	1487	1246	0	0	0	0	1776866804600
1308	670	1511	1277	0	0	0	0	1776866805603
1285	680	1524	1247	0	0	0	0	1776866806612
1277	670	1489	1281	0	0	0	0	1776866807603
1302	687	1543	1272	0	0	0	0	1776866808617
1270	672	1484	1292	0	0	0	0	1776866809619
1315	682	1484	1270	0	0	0	0	1776866810633
1318	697	1514	1245	0	0	0	0	1776866811633
1320	684	1529	1272	0	0	0	0	1776866812629
1311	672	1542	1295	0	0	0	0	1776866813632
1313	686	1523	1256	0	0	0	0	1776866814646
1323	684	1522	1283	0	0	0	0	1776866815646
1311	672	1537	1243	0	0	0	0	1776866816664
1276	688	1502	1287	0	0	0	0	1776866817667
1289	666	1478	1262	0	0	0	0	1776866818662
1308	676	1539	1263	0	0	0	0	1776866819667
1310	692	1523	1270	0	0	0	0	1776866820681
1298	685	1537	1279	0	0	0	0	1776866821679
1282	668	1504	1270	0	0	0	0	1776866822684
1272	676	1509	1296	0	0	0	0	1776866823678
1308	671	1480	1281	0	0	0	0	1776866824691
1320	689	1492	1294	0	0	0	0	1776866825683
1305	673	1485	1238	0	0	0	0	1776866826696
1303	695	1502	1245	0	0	0	0	1776866827699
1281	679	1500	1296	0	0	0	0	1776866828691
1301	687	1511	1260	0	0	0	0	1776866829693
1318	675	1543	1292	0	0	0	0	1776866830691
1307	677	1488	1264	0	0	0	0	1776866831692
1281	674	1471	1247	0	0	0	0	1776866832697
1278	667	1510	1257	0	0	0	0	1776866833697
1325	674	1514	1277	0	0	0	0	1776866834691
1278	682	1478	1236	0	0	0	0	1776866835694
1271	671	1509	1248	0	0	0	0	1776866836706
1289	682	1477	1250	0	0	0	0	1776866837709
1303	697	1479	1263	0	0	0	0	1776866838707
1272	676	1542	1274	0	0	0	0	1776866839715
1289	680	1494	1270	0	0	0	0	1776866840707
1270	670	1504	1277	0	0	0	0	1776866841714
1293	682	1490	1283	0	0	0	0	1776866842707
1304	687	1482	1255	0	0	0	0	1776866843708
1310	672	1539	1265	0	0	0	0	1776866844707
1299	668	1486	1244	0	0	0	0	1776866845714
1324	670	1508	1274	0	0	0	0	1776866846724
1326	690	1503	1255	0	0	0	0	1776866847724
1293	694	1539	1257	0	0	0	0	1776866848724
1327	675	1493	1294	0	0	0	0	1776866849725
1319	687	1517	1257	0	0	0	0	1776866850723
1322	691	1483	1251	0	0	0	0	1776866851726
1270	694	1512	1281	0	0	0	0	1776866852724
1274	666	1498	1237	0	0	0	0	1776866853738
1300	671	1534	1287	0	0	0	0	1776866854740
1326	692	1482	1257	0	0	0	0	1776866855747
1320	670	1472	1250	0	0	0	0	1776866856757
1308	685	1522	1259	0	0	0	0	1776866857764
1313	686	1481	1288	0	0	0	0	1776866858755
1301	666	1488	1278	0	0	0	0	1776866859760
1283	692	1509	1248	0	0	0	0	1776866860775
1299	693	1502	1259	0	0	0	0	1776866861773
1300	684	1509	1246	0	0	0	0	1776866862771
1296	685	1540	1255	0	0	0	0	1776866863778
1300	696	1515	1252	0	0	0	0	1776866864771
1328	695	1537	1259	0	0	0	0	1776866865776
1298	687	1499	1243	0	0	0	0	1776866866771
1290	675	1494	1246	0	0	0	0	1776866867770
1313	696	1483	1246	0	0	0	0	1776866868771
1282	689	1495	1281	0	0	0	0	1776866869771
1322	675	1495	1271	0	0	0	0	1776866870772
1303	696	1536	1262	0	0	0	0	1776866871780
1279	678	1489	1269	0	0	0	0	1776866872785
1269	692	1475	1280	0	0	0	0	1776866873795
1271	675	1542	1254	0	0	0	0	1776866874805
1279	673	1538	1245	0	0	0	0	1776866875802
1270	682	1524	1240	0	0	0	0	1776866876880
1277	689	1478	1246	0	0	0	0	1776866877811
1275	680	1536	1277	0	0	0	0	1776866878802
1331	677	1477	1277	0	0	0	0	1776866879817
1280	693	1480	1276	0	0	0	0	1776866880816
1293	691	1530	1261	0	0	0	0	1776866881833
1297	675	1536	1263	0	0	0	0	1776866882847
1294	679	1501	1292	0	0	0	0	1776866883833
1328	697	1534	1256	0	0	0	0	1776866884836
1276	687	1478	1280	0	0	0	0	1776866885834
1328	682	1513	1239	0	0	0	0	1776866886840
1305	675	1524	1249	0	0	0	0	1776866887845
1278	697	1477	1265	0	0	0	0	1776866888834
1303	666	1512	1274	0	0	0	0	1776866889833
1326	690	1498	1276	0	0	0	0	1776866890836
1291	668	1512	1268	0	0	0	0	1776866891840
1318	668	1494	1261	0	0	0	0	1776866892835
1291	669	1524	1279	0	0	0	0	1776866893849
1288	670	1471	1240	0	0	0	0	1776866894873
1293	694	1504	1271	0	0	0	0	1776866895864
1319	684	1475	1296	0	0	0	0	1776866896866
1302	680	1481	1252	0	0	0	0	1776866897881
1282	666	1512	1259	0	0	0	0	1776866898879
1325	675	1471	1286	0	0	0	0	1776866899881
1320	697	1480	1266	0	0	0	0	1776866900879
1314	680	1498	1243	0	0	0	0	1776866901896
1290	679	1476	1288	0	0	0	0	1776866902899
1320	668	1526	1245	0	0	0	0	1776866903914
1328	697	1528	1274	0	0	0	0	1776866904911
1293	696	1496	1241	0	0	0	0	1776866905926
1322	691	1526	1254	0	0	0	0	1776866906929
1321	693	1529	1251	0	0	0	0	1776866907931
1317	695	1477	1296	0	0	0	0	1776866908931
1317	693	1478	1286	0	0	0	0	1776866909945
1304	683	1521	1286	0	0	0	0	1776866910946
1289	685	1500	1238	0	0	0	0	1776866911945
1270	682	1507	1244	0	0	0	0	1776866912954
1303	695	1499	1250	0	0	0	0	1776866913961
1284	695	1504	1270	0	0	0	0	1776866914963
1300	678	1523	1251	0	0	0	0	1776866915961
1295	682	1515	1240	0	0	0	0	1776866916962
1297	671	1502	1249	0	0	0	0	1776866917970
1300	670	1472	1238	0	0	0	0	1776866918958
1325	697	1490	1270	0	0	0	0	1776866919959
1307	668	1511	1257	0	0	0	0	1776866920961
1317	690	1495	1249	0	0	0	0	1776866921959
1293	683	1513	1293	0	0	0	0	1776866922963
1287	676	1505	1285	0	0	0	0	1776866923977
1269	689	1537	1292	0	0	0	0	1776866924982
1288	672	1521	1281	0	0	0	0	1776866925975
1293	698	1497	1287	0	0	0	0	1776866926985
1305	679	1519	1249	0	0	0	0	1776866927993
1283	687	1488	1261	0	0	0	0	1776866929017
1320	682	1512	1280	0	0	0	0	1776866930020
1279	675	1532	1278	0	0	0	0	1776866931026
1326	691	1477	1243	0	0	0	0	1776866932019
1314	688	1510	1265	0	0	0	0	1776866933027
1317	679	1540	1270	0	0	0	0	1776866934037
1274	674	1537	1246	0	0	0	0	1776866935043
1315	667	1506	1291	0	0	0	0	1776866936036
1326	683	1492	1240	0	0	0	0	1776866937042
1328	671	1519	1277	0	0	0	0	1776866938057
1271	695	1482	1294	0	0	0	0	1776866939066
1300	689	1503	1273	0	0	0	0	1776866940071
1288	692	1487	1244	0	0	0	0	1776866941076
1297	668	1511	1265	0	0	0	0	1776866942067
1281	677	1514	1241	0	0	0	0	1776866943069
1269	688	1503	1257	0	0	0	0	1776866944088
1272	677	1490	1238	0	0	0	0	1776866945089
1302	675	1500	1257	0	0	0	0	1776866946083
1291	678	1535	1249	0	0	0	0	1776866947090
1274	696	1542	1236	0	0	0	0	1776866948083
1313	697	1530	1272	0	0	0	0	1776866949090
1310	674	1540	1240	0	0	0	0	1776866950084
1297	697	1536	1264	0	0	0	0	1776866951091
1282	666	1521	1257	0	0	0	0	1776866952099
1280	666	1494	1244	0	0	0	0	1776866953107
1287	679	1498	1270	0	0	0	0	1776866954099
1289	666	1495	1281	0	0	0	0	1776866955106
1287	695	1531	1266	0	0	0	0	1776866956098
1323	668	1492	1284	0	0	0	0	1776866957102
1292	692	1537	1240	0	0	0	0	1776866958100
1318	698	1537	1284	0	0	0	0	1776866959107
1284	678	1497	1259	0	0	0	0	1776866960098
1325	686	1498	1295	0	0	0	0	1776866961107
1273	690	1527	1285	0	0	0	0	1776866962112
1302	681	1526	1247	0	0	0	0	1776866963107
1315	696	1522	1238	0	0	0	0	1776866964098
1289	682	1519	1236	0	0	0	0	1776866965098
1299	676	1480	1263	0	0	0	0	1776866966099
1286	691	1507	1245	0	0	0	0	1776866967103
1317	666	1543	1256	0	0	0	0	1776866968100
1281	687	1518	1244	0	0	0	0	1776866969107
1330	673	1514	1267	0	0	0	0	1776866970099
1309	687	1480	1273	0	0	0	0	1776866971099
1294	667	1480	1257	0	0	0	0	1776866972098
1308	691	1501	1283	0	0	0	0	1776866973100
1296	672	1529	1267	0	0	0	0	1776866974100
1297	693	1472	1293	0	0	0	0	1776866975106
1285	693	1532	1270	0	0	0	0	1776866976099
1303	693	1512	1264	0	0	0	0	1776866977097
1309	689	1492	1292	0	0	0	0	1776866978099
1329	688	1542	1251	0	0	0	0	1776866979107
1303	673	1478	1258	0	0	0	0	1776866980099
1311	691	1532	1283	0	0	0	0	1776866981108
1300	687	1526	1285	0	0	0	0	1776866982100
1269	696	1535	1236	0	0	0	0	1776866983099
1293	688	1536	1258	0	0	0	0	1776866984104
1278	671	1524	1251	0	0	0	0	1776866985106
1296	692	1481	1286	0	0	0	0	1776866986099
1310	667	1492	1257	0	0	0	0	1776866987102
1304	667	1503	1259	0	0	0	0	1776866988099
1308	688	1523	1263	0	0	0	0	1776866989101
1321	686	1513	1238	0	0	0	0	1776866990098
1314	671	1504	1283	0	0	0	0	1776866991098
1305	666	1511	1289	0	0	0	0	1776866992099
1329	696	1516	1283	0	0	0	0	1776866993107
1291	691	1533	1250	0	0	0	0	1776866994099
1292	681	1488	1241	0	0	0	0	1776866995103
1290	696	1507	1256	0	0	0	0	1776866996099
1322	696	1514	1267	0	0	0	0	1776866997099
1272	694	1509	1267	0	0	0	0	1776866998099
1274	697	1510	1277	0	0	0	0	1776866999098
1324	671	1491	1280	0	0	0	0	1776867000099
1327	690	1487	1291	0	0	0	0	1776867001106
1315	694	1488	1256	0	0	0	0	1776867002098
1323	698	1542	1241	0	0	0	0	1776867003107
1310	668	1499	1264	0	0	0	0	1776867004111
1329	671	1518	1246	0	0	0	0	1776867005107
1318	695	1492	1265	0	0	0	0	1776867006120
1285	695	1538	1252	0	0	0	0	1776867007120
1272	675	1527	1266	0	0	0	0	1776867008114
1290	678	1518	1275	0	0	0	0	1776867009114
1318	695	1492	1268	0	0	0	0	1776867010115
1278	692	1475	1245	0	0	0	0	1776867011117
1320	682	1535	1253	0	0	0	0	1776867012137
1313	680	1530	1251	0	0	0	0	1776867013139
1285	667	1512	1275	0	0	0	0	1776867014131
1331	666	1509	1245	0	0	0	0	1776867015140
1323	671	1519	1282	0	0	0	0	1776867016148
1308	666	1530	1274	0	0	0	0	1776867017144
1281	685	1532	1294	0	0	0	0	1776867018148
1313	686	1473	1274	0	0	0	0	1776867019145
1291	697	1485	1262	0	0	0	0	1776867020152
1295	666	1493	1286	0	0	0	0	1776867021154
1306	677	1493	1239	0	0	0	0	1776867022159
1291	680	1521	1265	0	0	0	0	1776867023161
1297	682	1482	1263	0	0	0	0	1776867024162
1310	668	1477	1290	0	0	0	0	1776867025160
1328	680	1509	1259	0	0	0	0	1776867026162
1324	674	1516	1277	0	0	0	0	1776867027161
1320	698	1500	1246	0	0	0	0	1776867028168
1297	678	1514	1252	0	0	0	0	1776867029171
1299	690	1504	1293	0	0	0	0	1776867030176
1299	688	1505	1262	0	0	0	0	1776867031178
1278	690	1472	1291	0	0	0	0	1776867032178
1283	672	1481	1275	0	0	0	0	1776867033193
1270	689	1494	1267	0	0	0	0	1776867034195
1310	693	1517	1252	0	0	0	0	1776867035208
1297	696	1498	1268	0	0	0	0	1776867036211
1282	681	1482	1271	0	0	0	0	1776867037224
1309	694	1500	1282	0	0	0	0	1776867038227
1312	685	1514	1269	0	0	0	0	1776867039225
1307	670	1471	1253	0	0	0	0	1776867040236
1314	680	1500	1238	0	0	0	0	1776867041234
1277	681	1471	1280	0	0	0	0	1776867042224
1275	689	1484	1293	0	0	0	0	1776867043235
1278	696	1485	1269	0	0	0	0	1776867044226
1327	677	1524	1282	0	0	0	0	1776867045241
1330	669	1505	1256	0	0	0	0	1776867046263
1320	671	1510	1293	0	0	0	0	1776867047268
1300	686	1536	1266	0	0	0	0	1776867048258
1314	666	1519	1266	0	0	0	0	1776867049257
1309	681	1486	1293	0	0	0	0	1776867050260
1294	689	1498	1262	0	0	0	0	1776867051273
1308	693	1471	1273	0	0	0	0	1776867052276
1292	679	1484	1245	0	0	0	0	1776867053273
1328	690	1493	1276	0	0	0	0	1776867054276
1318	691	1474	1269	0	0	0	0	1776867055281
1280	667	1540	1263	0	0	0	0	1776867056275
1323	680	1472	1270	0	0	0	0	1776867057284
1315	678	1535	1284	0	0	0	0	1776867058271
1284	691	1521	1236	0	0	0	0	1776867059282
1302	676	1502	1268	0	0	0	0	1776867060276
1275	678	1511	1246	0	0	0	0	1776867061270
1273	689	1492	1255	0	0	0	0	1776867062272
1309	666	1487	1289	0	0	0	0	1776867063287
1313	696	1498	1274	0	0	0	0	1776867064293
1283	684	1500	1273	0	0	0	0	1776867065289
1284	683	1537	1262	0	0	0	0	1776867066292
1288	669	1510	1273	0	0	0	0	1776867067305
1317	694	1525	1291	0	0	0	0	1776867068304
1316	670	1541	1241	0	0	0	0	1776867069321
1270	692	1513	1291	0	0	0	0	1776867070316
1272	692	1543	1273	0	0	0	0	1776867071318
1325	687	1493	1278	0	0	0	0	1776867072317
1326	682	1483	1269	0	0	0	0	1776867073334
1320	671	1516	1280	0	0	0	0	1776867074337
1323	677	1519	1244	0	0	0	0	1776867075334
1307	689	1541	1254	0	0	0	0	1776867076338
1282	698	1523	1279	0	0	0	0	1776867077352
1327	685	1475	1238	0	0	0	0	1776867078348
1296	677	1514	1288	0	0	0	0	1776867079366
1309	676	1516	1247	0	0	0	0	1776867080371
1306	685	1511	1244	0	0	0	0	1776867081364
1278	671	1495	1280	0	0	0	0	1776867082365
1273	675	1524	1251	0	0	0	0	1776867083364
1306	695	1528	1240	0	0	0	0	1776867084371
1308	680	1506	1280	0	0	0	0	1776867085363
1327	680	1539	1260	0	0	0	0	1776867086369
1271	668	1504	1287	0	0	0	0	1776867087363
1317	693	1532	1276	0	0	0	0	1776867088370
1329	683	1500	1241	0	0	0	0	1776867089384
1324	675	1508	1278	0	0	0	0	1776867090384
1295	698	1473	1271	0	0	0	0	1776867091379
1287	670	1497	1246	0	0	0	0	1776867092389
1282	675	1521	1275	0	0	0	0	1776867093379
1315	679	1496	1247	0	0	0	0	1776867094388
1316	692	1488	1240	0	0	0	0	1776867095379
1316	696	1542	1250	0	0	0	0	1776867096382
1327	674	1489	1290	0	0	0	0	1776867097394
1296	666	1515	1264	0	0	0	0	1776867098403
1326	694	1498	1286	0	0	0	0	1776867099395
1322	668	1518	1257	0	0	0	0	1776867100395
1313	686	1493	1284	0	0	0	0	1776867101415
1276	679	1483	1244	0	0	0	0	1776867102412
1287	682	1509	1246	0	0	0	0	1776867103411
1293	666	1524	1280	0	0	0	0	1776867104414
1327	698	1541	1262	0	0	0	0	1776867105413
1277	688	1526	1239	0	0	0	0	1776867106419
1302	686	1484	1260	0	0	0	0	1776867107411
1289	669	1486	1255	0	0	0	0	1776867108419
1328	692	1481	1248	0	0	0	0	1776867109411
1270	672	1511	1267	0	0	0	0	1776867110418
1272	682	1488	1282	0	0	0	0	1776867111412
1277	679	1516	1244	0	0	0	0	1776867112410
1282	673	1513	1286	0	0	0	0	1776867113411
1302	676	1519	1254	0	0	0	0	1776867114418
1309	673	1538	1293	0	0	0	0	1776867115411
1283	676	1501	1272	0	0	0	0	1776867116418
1278	683	1502	1283	0	0	0	0	1776867117411
1319	670	1526	1266	0	0	0	0	1776867118415
1290	679	1497	1288	0	0	0	0	1776867119411
1294	669	1524	1289	0	0	0	0	1776867120412
1320	691	1499	1279	0	0	0	0	1776867121411
1312	693	1517	1285	0	0	0	0	1776867122419
1312	692	1493	1238	0	0	0	0	1776867123411
1290	687	1477	1240	0	0	0	0	1776867124429
1308	686	1491	1285	0	0	0	0	1776867125427
1323	684	1488	1281	0	0	0	0	1776867126431
1269	667	1477	1254	0	0	0	0	1776867127426
1300	696	1525	1257	0	0	0	0	1776867128427
1306	688	1521	1281	0	0	0	0	1776867129427
1316	693	1526	1257	0	0	0	0	1776867130433
1308	666	1530	1292	0	0	0	0	1776867131449
1308	691	1525	1288	0	0	0	0	1776867132451
1327	678	1492	1242	0	0	0	0	1776867133442
1273	679	1507	1245	0	0	0	0	1776867134443
1307	687	1537	1238	0	0	0	0	1776867135458
1319	681	1482	1267	0	0	0	0	1776867136463
1318	677	1473	1295	0	0	0	0	1776867137457
1331	689	1515	1242	0	0	0	0	1776867138473
1294	683	1511	1271	0	0	0	0	1776867139475
1292	674	1524	1272	0	0	0	0	1776867140477
1276	674	1535	1278	0	0	0	0	1776867141480
1303	685	1510	1295	0	0	0	0	1776867142483
1321	684	1475	1255	0	0	0	0	1776867143473
1290	669	1528	1246	0	0	0	0	1776867144488
1331	677	1536	1273	0	0	0	0	1776867145490
1279	690	1521	1251	0	0	0	0	1776867146505
1288	682	1518	1246	0	0	0	0	1776867147506
1324	676	1522	1245	0	0	0	0	1776867148509
1282	668	1473	1261	0	0	0	0	1776867149506
1299	685	1471	1266	0	0	0	0	1776867150520
1314	685	1503	1263	0	0	0	0	1776867151521
1290	667	1509	1251	0	0	0	0	1776867152521
1320	687	1495	1267	0	0	0	0	1776867153523
1280	692	1532	1267	0	0	0	0	1776867154531
1277	675	1478	1251	0	0	0	0	1776867155523
1325	698	1501	1249	0	0	0	0	1776867156522
1308	692	1492	1241	0	0	0	0	1776867157524
1292	693	1482	1280	0	0	0	0	1776867158537
1289	689	1520	1273	0	0	0	0	1776867159538
1320	670	1523	1241	0	0	0	0	1776867160549
1289	678	1477	1250	0	0	0	0	1776867161539
1283	689	1522	1264	0	0	0	0	1776867162536
1295	681	1512	1248	0	0	0	0	1776867163540
1306	671	1475	1259	0	0	0	0	1776867164550
1321	694	1476	1243	0	0	0	0	1776867165557
1270	682	1475	1257	0	0	0	0	1776867166566
1279	671	1529	1281	0	0	0	0	1776867167567
1307	671	1499	1276	0	0	0	0	1776867168586
1321	668	1499	1260	0	0	0	0	1776867169582
1304	667	1518	1273	0	0	0	0	1776867170602
1294	666	1495	1257	0	0	0	0	1776867171602
1329	678	1491	1252	0	0	0	0	1776867172616
1323	692	1493	1239	0	0	0	0	1776867173620
1302	681	1497	1293	0	0	0	0	1776867174616
1322	684	1542	1247	0	0	0	0	1776867175620
1297	687	1474	1261	0	0	0	0	1776867176633
1318	680	1514	1284	0	0	0	0	1776867177631
1331	666	1516	1253	0	0	0	0	1776867178630
1293	669	1494	1273	0	0	0	0	1776867179635
1300	669	1527	1279	0	0	0	0	1776867180647
1328	684	1501	1290	0	0	0	0	1776867181651
1285	681	1481	1293	0	0	0	0	1776867182650
1294	687	1490	1253	0	0	0	0	1776867183656
1293	693	1489	1280	0	0	0	0	1776867184660
1329	684	1479	1281	0	0	0	0	1776867185662
1301	694	1496	1296	0	0	0	0	1776867186667
1320	674	1486	1290	0	0	0	0	1776867187663
1272	680	1506	1280	0	0	0	0	1776867188661
1280	676	1543	1259	0	0	0	0	1776867189667
1296	666	1514	1256	0	0	0	0	1776867190676
1327	688	1504	1278	0	0	0	0	1776867191684
1326	692	1527	1252	0	0	0	0	1776867192676
1285	690	1503	1287	0	0	0	0	1776867193683
1270	677	1537	1247	0	0	0	0	1776867194680
1305	672	1475	1269	0	0	0	0	1776867195681
1299	679	1498	1289	0	0	0	0	1776867196678
1294	683	1525	1242	0	0	0	0	1776867197682
1279	677	1484	1242	0	0	0	0	1776867198681
1326	667	1527	1293	0	0	0	0	1776867199678
1310	677	1494	1265	0	0	0	0	1776867200697
1274	685	1498	1285	0	0	0	0	1776867201693
1275	674	1488	1284	0	0	0	0	1776867202713
1316	666	1477	1247	0	0	0	0	1776867203715
1274	689	1472	1243	0	0	0	0	1776867204725
1296	694	1500	1281	0	0	0	0	1776867205729
1284	685	1488	1286	0	0	0	0	1776867206743
1279	676	1493	1290	0	0	0	0	1776867207745
1289	672	1492	1265	0	0	0	0	1776867208739
1321	696	1531	1272	0	0	0	0	1776867209747
1286	697	1473	1263	0	0	0	0	1776867210739
1312	698	1517	1293	0	0	0	0	1776867211764
1290	695	1484	1239	0	0	0	0	1776867212754
1291	681	1540	1263	0	0	0	0	1776867213763
1279	682	1518	1250	0	0	0	0	1776867214756
1296	684	1516	1249	0	0	0	0	1776867215764
1327	689	1512	1242	0	0	0	0	1776867216755
1283	666	1541	1278	0	0	0	0	1776867217763
1313	688	1515	1247	0	0	0	0	1776867218755
1327	691	1475	1264	0	0	0	0	1776867219757
1318	672	1475	1260	0	0	0	0	1776867220757
1304	684	1508	1294	0	0	0	0	1776867221763
1280	690	1534	1243	0	0	0	0	1776867222754
1331	666	1479	1236	0	0	0	0	1776867223757
1276	668	1522	1236	0	0	0	0	1776867224755
1294	673	1535	1274	0	0	0	0	1776867225763
1287	681	1514	1290	0	0	0	0	1776867226755
1280	672	1487	1283	0	0	0	0	1776867227770
1307	690	1523	1256	0	0	0	0	1776867228770
1317	691	1513	1255	0	0	0	0	1776867229773
1293	689	1495	1295	0	0	0	0	1776867230771
1287	671	1518	1264	0	0	0	0	1776867231777
1279	673	1541	1284	0	0	0	0	1776867232771
1304	676	1471	1253	0	0	0	0	1776867233778
1302	669	1530	1246	0	0	0	0	1776867234771
1308	681	1516	1245	0	0	0	0	1776867235779
1273	680	1515	1243	0	0	0	0	1776867236789
1321	697	1494	1288	0	0	0	0	1776867237789
1308	686	1526	1245	0	0	0	0	1776867238786
1331	695	1532	1263	0	0	0	0	1776867239786
1280	697	1502	1278	0	0	0	0	1776867240787
1279	676	1530	1244	0	0	0	0	1776867241796
1279	671	1492	1263	0	0	0	0	1776867242785
1301	668	1501	1286	0	0	0	0	1776867243788
1291	693	1484	1267	0	0	0	0	1776867244788
1311	674	1508	1248	0	0	0	0	1776867245802
1291	677	1523	1280	0	0	0	0	1776867246824
1331	673	1478	1271	0	0	0	0	1776867247832
1278	693	1507	1268	0	0	0	0	1776867248836
1271	680	1473	1251	0	0	0	0	1776867249844
1328	666	1543	1242	0	0	0	0	1776867250834
1303	689	1506	1295	0	0	0	0	1776867251849
1296	680	1540	1237	0	0	0	0	1776867252849
1326	668	1540	1240	0	0	0	0	1776867253864
1319	690	1505	1274	0	0	0	0	1776867254867
1305	685	1486	1262	0	0	0	0	1776867255881
1288	671	1502	1254	0	0	0	0	1776867256880
1277	676	1509	1288	0	0	0	0	1776867257894
1281	690	1506	1244	0	0	0	0	1776867258883
1288	678	1498	1261	0	0	0	0	1776867259898
1282	678	1543	1278	0	0	0	0	1776867260899
1279	670	1512	1287	0	0	0	0	1776867261909
1274	675	1524	1256	0	0	0	0	1776867262899
1276	685	1541	1237	0	0	0	0	1776867263897
1291	698	1480	1269	0	0	0	0	1776867264900
1307	691	1491	1264	0	0	0	0	1776867265913
1277	676	1525	1244	0	0	0	0	1776867267989
1273	678	1498	1269	0	0	0	0	1776867268931
1318	689	1540	1239	0	0	0	0	1776867269945
1272	681	1492	1274	0	0	0	0	1776867270948
1328	674	1490	1266	0	0	0	0	1776867271944
1291	673	1492	1257	0	0	0	0	1776867272948
1284	672	1488	1276	0	0	0	0	1776867273955
1277	698	1513	1275	0	0	0	0	1776867274947
1306	679	1524	1289	0	0	0	0	1776867275945
1329	677	1476	1243	0	0	0	0	1776867276947
1325	672	1495	1278	0	0	0	0	1776867277961
1271	676	1505	1259	0	0	0	0	1776867278965
1331	691	1540	1236	0	0	0	0	1776867279975
1279	687	1498	1258	0	0	0	0	1776867280974
1326	681	1531	1284	0	0	0	0	1776867281990
1292	675	1511	1237	0	0	0	0	1776867282995
1292	683	1540	1265	0	0	0	0	1776867284009
1313	668	1481	1292	0	0	0	0	1776867285011
1330	676	1483	1293	0	0	0	0	1776867286023
1289	672	1503	1245	0	0	0	0	1776867287028
1295	690	1523	1252	0	0	0	0	1776867288019
1324	678	1512	1273	0	0	0	0	1776867289027
1312	674	1531	1291	0	0	0	0	1776867290034
1289	680	1516	1273	0	0	0	0	1776867291025
1317	695	1518	1254	0	0	0	0	1776867292019
1276	688	1502	1253	0	0	0	0	1776867293039
1278	682	1542	1283	0	0	0	0	1776867294055
1300	667	1539	1282	0	0	0	0	1776867295060
1281	690	1540	1270	0	0	0	0	1776867296072
1313	673	1493	1252	0	0	0	0	1776867297069
1289	692	1521	1267	0	0	0	0	1776867298066
1284	678	1522	1238	0	0	0	0	1776867299075
1329	684	1496	1240	0	0	0	0	1776867300068
1280	688	1482	1271	0	0	0	0	1776867301074
1312	692	1477	1250	0	0	0	0	1776867302084
1299	695	1494	1256	0	0	0	0	1776867303090
1291	673	1542	1240	0	0	0	0	1776867304083
1298	673	1477	1263	0	0	0	0	1776867305087
1300	666	1525	1268	0	0	0	0	1776867306082
1309	679	1487	1261	0	0	0	0	1776867307090
1320	679	1529	1279	0	0	0	0	1776867308083
1281	689	1493	1255	0	0	0	0	1776867309083
1327	670	1526	1281	0	0	0	0	1776867310096
1297	670	1532	1253	0	0	0	0	1776867311091
1276	681	1504	1262	0	0	0	0	1776867312082
1284	689	1471	1252	0	0	0	0	1776867313091
1297	692	1514	1288	0	0	0	0	1776867314083
1283	667	1509	1293	0	0	0	0	1776867315086
1278	696	1540	1266	0	0	0	0	1776867316103
1323	691	1507	1246	0	0	0	0	1776867317107
1308	671	1507	1291	0	0	0	0	1776867318105
1321	682	1489	1294	0	0	0	0	1776867319107
1274	678	1542	1260	0	0	0	0	1776867320120
1328	677	1514	1250	0	0	0	0	1776867321122
1299	686	1530	1285	0	0	0	0	1776867322115
1275	667	1492	1295	0	0	0	0	1776867323129
1279	686	1512	1293	0	0	0	0	1776867324115
1321	670	1542	1291	0	0	0	0	1776867325122
1315	676	1504	1278	0	0	0	0	1776867326115
1277	696	1523	1267	0	0	0	0	1776867327123
1323	691	1497	1260	0	0	0	0	1776867328115
1276	698	1495	1288	0	0	0	0	1776867329115
1271	695	1513	1239	0	0	0	0	1776867330136
1299	686	1471	1275	0	0	0	0	1776867331138
1277	685	1488	1280	0	0	0	0	1776867332137
1277	676	1509	1258	0	0	0	0	1776867333143
1307	695	1536	1254	0	0	0	0	1776867334145
1276	687	1527	1240	0	0	0	0	1776867335149
1317	673	1515	1260	0	0	0	0	1776867336148
1302	694	1481	1261	0	0	0	0	1776867337144
1285	689	1523	1252	0	0	0	0	1776867338157
1327	668	1481	1266	0	0	0	0	1776867339157
1325	691	1525	1291	0	0	0	0	1776867340148
1287	671	1539	1263	0	0	0	0	1776867341145
1303	695	1490	1263	0	0	0	0	1776867342147
1280	672	1523	1295	0	0	0	0	1776867343146
1323	667	1538	1269	0	0	0	0	1776867344157
1273	679	1511	1294	0	0	0	0	1776867345161
1329	697	1511	1290	0	0	0	0	1776867346163
1331	668	1475	1262	0	0	0	0	1776867347161
1288	697	1486	1292	0	0	0	0	1776867348183
1313	693	1486	1249	0	0	0	0	1776867349193
1291	668	1531	1280	0	0	0	0	1776867350196
1310	678	1487	1291	0	0	0	0	1776867351209
1322	678	1513	1271	0	0	0	0	1776867352228
1323	679	1488	1246	0	0	0	0	1776867353239
1309	679	1493	1296	0	0	0	0	1776867354228
1322	686	1519	1270	0	0	0	0	1776867355241
1303	686	1522	1262	0	0	0	0	1776867356243
1291	686	1503	1242	0	0	0	0	1776867357239
1274	667	1513	1252	0	0	0	0	1776867358243
1328	674	1490	1258	0	0	0	0	1776867359255
1291	670	1492	1288	0	0	0	0	1776867360256
1295	694	1517	1277	0	0	0	0	1776867361274
1321	681	1521	1282	0	0	0	0	1776867362275
1311	695	1521	1247	0	0	0	0	1776867363289
1321	667	1506	1252	0	0	0	0	1776867364291
1275	674	1475	1245	0	0	0	0	1776867365289
1319	672	1483	1270	0	0	0	0	1776867366287
1282	672	1509	1290	0	0	0	0	1776867367305
1298	696	1489	1289	0	0	0	0	1776867368312
1297	669	1538	1292	0	0	0	0	1776867369317
1301	679	1477	1287	0	0	0	0	1776867370323
1330	678	1484	1247	0	0	0	0	1776867371336
1274	676	1481	1274	0	0	0	0	1776867372333
1296	688	1498	1286	0	0	0	0	1776867373348
1274	686	1524	1295	0	0	0	0	1776867374355
1289	695	1488	1278	0	0	0	0	1776867375353
1302	676	1522	1282	0	0	0	0	1776867376355
1327	689	1531	1292	0	0	0	0	1776867377348
1304	674	1525	1264	0	0	0	0	1776867378354
1302	696	1502	1260	0	0	0	0	1776867379351
1331	675	1476	1243	0	0	0	0	1776867380355
1311	669	1543	1290	0	0	0	0	1776867381369
1301	675	1486	1270	0	0	0	0	1776867382367
1321	673	1526	1263	0	0	0	0	1776867383378
1329	681	1478	1247	0	0	0	0	1776867384372
1328	684	1530	1289	0	0	0	0	1776867385363
1295	693	1484	1270	0	0	0	0	1776867386364
1296	685	1524	1253	0	0	0	0	1776867387364
1328	685	1500	1256	0	0	0	0	1776867388371
1271	669	1526	1282	0	0	0	0	1776867389364
1280	694	1480	1273	0	0	0	0	1776867390369
1287	680	1503	1249	0	0	0	0	1776867391369
1315	681	1477	1289	0	0	0	0	1776867392364
1327	693	1543	1248	0	0	0	0	1776867393363
1313	690	1537	1271	0	0	0	0	1776867394371
1314	688	1517	1292	0	0	0	0	1776867395383
1283	687	1521	1252	0	0	0	0	1776867396380
1280	679	1510	1250	0	0	0	0	1776867397380
1289	695	1530	1263	0	0	0	0	1776867398387
1309	667	1531	1251	0	0	0	0	1776867399396
1307	668	1507	1251	0	0	0	0	1776867400400
1304	695	1542	1275	0	0	0	0	1776867401394
1291	677	1534	1238	0	0	0	0	1776867402402
1273	693	1525	1279	0	0	0	0	1776867403396
1289	688	1494	1264	0	0	0	0	1776867404413
1304	670	1494	1265	0	0	0	0	1776867405410
1295	685	1541	1240	0	0	0	0	1776867406411
1325	689	1527	1281	0	0	0	0	1776867407410
1270	696	1536	1273	0	0	0	0	1776867408419
1326	684	1508	1248	0	0	0	0	1776867409428
1281	693	1531	1292	0	0	0	0	1776867410428
1283	667	1525	1252	0	0	0	0	1776867411427
1301	686	1489	1253	0	0	0	0	1776867412428
1321	687	1508	1289	0	0	0	0	1776867413427
1273	698	1492	1257	0	0	0	0	1776867414427
1305	686	1540	1254	0	0	0	0	1776867415427
1307	677	1537	1272	0	0	0	0	1776867416426
1276	690	1480	1250	0	0	0	0	1776867417427
1325	669	1488	1246	0	0	0	0	1776867418427
1269	678	1534	1260	0	0	0	0	1776867419448
1309	674	1471	1287	0	0	0	0	1776867420451
1318	683	1497	1256	0	0	0	0	1776867421443
1290	698	1471	1269	0	0	0	0	1776867422444
1282	666	1518	1256	0	0	0	0	1776867423444
1269	683	1485	1273	0	0	0	0	1776867424442
1305	692	1542	1252	0	0	0	0	1776867425459
1323	696	1474	1289	0	0	0	0	1776867426457
1330	680	1478	1255	0	0	0	0	1776867427457
1281	670	1486	1242	0	0	0	0	1776867428473
1295	691	1510	1275	0	0	0	0	1776867429473
1296	671	1525	1264	0	0	0	0	1776867430474
1318	684	1538	1262	0	0	0	0	1776867431478
1283	678	1512	1267	0	0	0	0	1776867432488
1328	672	1487	1251	0	0	0	0	1776867433491
1324	691	1532	1286	0	0	0	0	1776867434505
1288	695	1520	1247	0	0	0	0	1776867435526
1331	685	1509	1282	0	0	0	0	1776867436521
1276	684	1513	1291	0	0	0	0	1776867437522
1324	696	1477	1291	0	0	0	0	1776867438522
1278	669	1485	1257	0	0	0	0	1776867439543
1308	686	1487	1253	0	0	0	0	1776867440554
1280	694	1474	1254	0	0	0	0	1776867441552
1284	695	1540	1239	0	0	0	0	1776867442567
1328	692	1480	1256	0	0	0	0	1776867443571
1309	687	1523	1255	0	0	0	0	1776867444580
1285	677	1503	1238	0	0	0	0	1776867445571
1285	680	1487	1290	0	0	0	0	1776867446582
1272	696	1539	1241	0	0	0	0	1776867447587
1319	690	1485	1269	0	0	0	0	1776867448584
1305	695	1535	1279	0	0	0	0	1776867449590
1278	680	1508	1242	0	0	0	0	1776867450588
1326	682	1476	1296	0	0	0	0	1776867451588
1311	676	1479	1278	0	0	0	0	1776867452601
1327	695	1475	1268	0	0	0	0	1776867453604
1303	686	1543	1248	0	0	0	0	1776867454613
1320	678	1533	1246	0	0	0	0	1776867455611
1291	666	1543	1264	0	0	0	0	1776867456617
1296	688	1492	1271	0	0	0	0	1776867457620
1286	671	1542	1239	0	0	0	0	1776867458630
1289	685	1484	1250	0	0	0	0	1776867459636
1279	671	1497	1268	0	0	0	0	1776867460649
1269	675	1516	1278	0	0	0	0	1776867461657
1281	675	1523	1248	0	0	0	0	1776867462660
1301	674	1529	1254	0	0	0	0	1776867463653
1299	682	1474	1273	0	0	0	0	1776867464666
1308	697	1480	1261	0	0	0	0	1776867465669
1297	692	1537	1257	0	0	0	0	1776867466669
1314	697	1498	1237	0	0	0	0	1776867467667
1325	688	1495	1292	0	0	0	0	1776867468680
1326	693	1515	1283	0	0	0	0	1776867469683
1296	695	1528	1241	0	0	0	0	1776867470697
1283	684	1526	1263	0	0	0	0	1776867471698
1292	667	1471	1269	0	0	0	0	1776867472701
1321	687	1479	1238	0	0	0	0	1776867473699
1317	688	1536	1286	0	0	0	0	1776867474711
1329	690	1521	1265	0	0	0	0	1776867475709
1326	669	1484	1252	0	0	0	0	1776867476727
1276	671	1489	1276	0	0	0	0	1776867477726
1270	691	1527	1257	0	0	0	0	1776867478724
1283	686	1524	1278	0	0	0	0	1776867479729
1305	675	1513	1250	0	0	0	0	1776867480730
1300	698	1506	1257	0	0	0	0	1776867481731
1296	666	1526	1236	0	0	0	0	1776867482724
1271	679	1505	1266	0	0	0	0	1776867483731
1273	680	1529	1252	0	0	0	0	1776867484723
1295	670	1491	1246	0	0	0	0	1776867485731
1271	698	1479	1246	0	0	0	0	1776867486744
1283	698	1486	1283	0	0	0	0	1776867487739
1327	685	1538	1246	0	0	0	0	1776867488740
1328	684	1505	1284	0	0	0	0	1776867489738
1287	691	1526	1262	0	0	0	0	1776867490739
1271	687	1472	1294	0	0	0	0	1776867491752
1271	681	1517	1268	0	0	0	0	1776867492739
1276	696	1514	1260	0	0	0	0	1776867493741
1307	679	1536	1276	0	0	0	0	1776867494756
1282	684	1515	1255	0	0	0	0	1776867495764
1301	671	1482	1279	0	0	0	0	1776867496754
1320	670	1488	1245	0	0	0	0	1776867497761
1269	689	1533	1271	0	0	0	0	1776867498755
1303	682	1530	1244	0	0	0	0	1776867499763
1295	691	1476	1276	0	0	0	0	1776867500774
1285	666	1475	1243	0	0	0	0	1776867501778
1280	688	1539	1293	0	0	0	0	1776867502771
1275	681	1513	1264	0	0	0	0	1776867503773
1295	697	1505	1270	0	0	0	0	1776867504771
1270	692	1509	1292	0	0	0	0	1776867505777
1317	677	1512	1238	0	0	0	0	1776867506771
1293	674	1522	1244	0	0	0	0	1776867507779
1274	689	1534	1277	0	0	0	0	1776867508771
1299	668	1523	1295	0	0	0	0	1776867509772
1306	673	1525	1265	0	0	0	0	1776867510792
1293	670	1520	1272	0	0	0	0	1776867511795
1284	689	1489	1248	0	0	0	0	1776867512787
1330	698	1535	1276	0	0	0	0	1776867513794
1321	667	1472	1246	0	0	0	0	1776867514787
1301	681	1493	1236	0	0	0	0	1776867515785
1276	678	1519	1293	0	0	0	0	1776867516807
1303	672	1533	1283	0	0	0	0	1776867517816
1316	673	1482	1285	0	0	0	0	1776867518841
1304	676	1476	1251	0	0	0	0	1776867519832
1331	698	1504	1292	0	0	0	0	1776867520835
1326	675	1487	1270	0	0	0	0	1776867521849
1324	693	1491	1236	0	0	0	0	1776867522850
1282	666	1533	1281	0	0	0	0	1776867523848
1276	690	1505	1288	0	0	0	0	1776867524851
1314	685	1472	1264	0	0	0	0	1776867525857
1324	690	1475	1295	0	0	0	0	1776867526853
1316	697	1522	1271	0	0	0	0	1776867527853
1293	668	1488	1248	0	0	0	0	1776867528852
1305	688	1496	1285	0	0	0	0	1776867529849
1310	687	1530	1254	0	0	0	0	1776867530849
1325	698	1490	1285	0	0	0	0	1776867531849
1308	681	1488	1248	0	0	0	0	1776867532848
1275	696	1517	1251	0	0	0	0	1776867533849
1298	681	1523	1251	0	0	0	0	1776867534851
1326	676	1528	1275	0	0	0	0	1776867535861
