2195	2816	1200	3939	0	0	0	0	1778620798274
2055	2830	1234	3953	0	0	0	0	1778620799808
2069	2644	1206	3964	0	0	0	0	1778620801235
2069	2721	1100	0	0	0	0	0	1778620802579
2044	2753	1144	3957	0	0	0	0	1778620803800
2086	2778	1180	3932	0	0	0	0	1778620805168
2083	2778	1214	3887	0	0	0	0	1778620806662
2053	2598	1164	3885	0	0	0	0	1778620807972
2045	0	1126	3890	0	0	0	0	1778620809252
2075	2671	1150	3893	0	0	0	0	1778620810480
1998	2706	1194	3911	0	0	0	0	1778620811883
2041	2759	1195	3855	0	0	0	0	1778620813046
2053	2764	1203	3862	0	0	0	0	1778620814528
2032	2602	0	3864	0	0	0	0	1778620815908
2058	2674	1188	3788	0	0	0	0	1778620817085
2012	2711	1160	3871	0	0	0	0	1778620818216
2043	2797	1210	3883	0	0	0	0	1778620819288
2062	2621	1213	3879	0	0	0	0	1778620820693
1997	2687	1153	3722	0	0	0	0	1778620822104
2026	2732	1163	3819	0	0	0	0	1778620823571
2039	2730	1172	0	0	0	0	0	1778620824819
2081	2751	1219	3833	0	0	0	0	1778620825926
2040	2759	1089	3860	0	0	0	0	1778620827360
2022	2565	1174	3872	0	0	0	0	1778620828917
2055	2653	1178	3685	0	0	0	0	1778620830096
2011	2697	1179	3753	0	0	0	0	1778620831427
2047	0	1134	3862	0	0	0	0	1778620832571
2024	2789	1179	3824	0	0	0	0	1778620833708
2030	2617	1191	3752	0	0	0	0	1778620834925
2012	2663	1184	3776	0	0	0	0	1778620836340
2039	2701	1162	3815	0	0	0	0	1778620837770
2045	2740	1176	3869	0	0	0	0	1778620839106
2070	2778	0	3879	0	0	0	0	1778620840652
2062	2696	1153	3728	0	0	0	0	1778620841492
2040	2816	1209	3769	0	0	0	0	1778620842788
2058	2823	1182	3838	0	0	0	0	1778620844022
1991	2777	1181	3866	0	0	0	0	1778620845405
2025	2609	1049	3876	0	0	0	0	1778620846641
2028	2677	1137	3679	0	0	0	0	1778620848113
2031	2711	1198	0	0	0	0	0	1778620849496
2057	2744	1177	3789	0	0	0	0	1778620850878
1986	2757	1071	3815	0	0	0	0	1778620852136
2024	0	1129	3827	0	0	0	0	1778620853489
2002	2615	1160	0	0	0	0	0	1778620854798
2030	2684	1204	3828	0	0	0	0	1778620855998
2030	2714	1188	3831	0	0	0	0	1778620857048
2032	2755	1072	3838	0	0	0	0	1778620858353
2066	2759	1119	3785	0	0	0	0	1778620859688
2010	2777	1180	3777	0	0	0	0	1778620861018
2020	2777	1211	3784	0	0	0	0	1778620862371
1990	2777	0	3854	0	0	0	0	1778620863631
2020	2778	1216	3836	0	0	0	0	1778620864805
2035	2782	1056	3838	0	0	0	0	1778620866136
2030	2786	1115	3857	0	0	0	0	1778620867517
2043	2615	1176	3788	0	0	0	0	1778620868928
2023	0	1200	3829	0	0	0	0	1778620870292
2054	2767	1111	3719	0	0	0	0	1778620871597
2029	2754	1144	3765	0	0	0	0	1778620873053
2018	2615	1148	0	0	0	0	0	1778620874351
2032	0	1195	3809	0	0	0	0	1778620875745
2000	2680	1179	0	0	0	0	0	1778620877246
2034	2721	1074	3846	0	0	0	0	1778620878242
2014	2746	1126	3725	0	0	0	0	1778620879359
2054	2841	1139	3777	0	0	0	0	1778620880490
2013	2597	1191	3815	0	0	0	0	1778620881618
2021	2659	1196	3865	0	0	0	0	1778620882984
2037	2773	1080	3798	0	0	0	0	1778620884472
2013	2779	1102	3792	0	0	0	0	1778620885745
2043	2636	0	3802	0	0	0	0	1778620887153
2021	2701	1168	3733	0	0	0	0	1778620888284
2025	2730	1190	3806	0	0	0	0	1778620889698
2052	2810	1124	3808	0	0	0	0	1778620891141
2012	2763	1148	3834	0	0	0	0	1778620892560
2006	2777	1171	0	0	0	0	0	1778620893836
2037	2617	1213	3812	0	0	0	0	1778620895118
2041	2673	1170	3691	0	0	0	0	1778620896648
2001	2728	1184	3773	0	0	0	0	1778620897906
2028	2742	1106	3788	0	0	0	0	1778620899314
1995	0	1143	3807	0	0	0	0	1778620900543
2045	2768	1191	3787	0	0	0	0	1778620901701
2020	2772	1160	3800	0	0	0	0	1778620902719
2028	2751	1077	3866	0	0	0	0	1778620903841
2043	2770	1109	3781	0	0	0	0	1778620904966
1977	2764	1149	3787	0	0	0	0	1778620906404
2018	2616	1210	3806	0	0	0	0	1778620907666
2022	2683	1059	3813	0	0	0	0	1778620908960
2013	2792	1131	3832	0	0	0	0	1778620910428
2040	2779	0	3817	0	0	0	0	1778620911713
1977	2586	1128	3726	0	0	0	0	1778620913194
2008	2680	1163	0	0	0	0	0	1778620914493
2032	2718	1185	3760	0	0	0	0	1778620915834
2011	0	1192	3837	0	0	0	0	1778620917238
2037	2781	0	3811	0	0	0	0	1778620918621
2003	2789	1169	3821	0	0	0	0	1778620919949
2021	2598	1145	3834	0	0	0	0	1778620921336
2031	0	1131	3765	0	0	0	0	1778620922598
2039	2671	0	3837	0	0	0	0	1778620924101
1984	2801	1188	3813	0	0	0	0	1778620925070
2009	2791	1160	3764	0	0	0	0	1778620926151
2027	2805	1173	3790	0	0	0	0	1778620927530
2016	2615	1053	3731	0	0	0	0	1778620929018
2023	2688	1135	3819	0	0	0	0	1778620930601
2046	2802	1171	3828	0	0	0	0	1778620931809
1977	2598	1185	3671	0	0	0	0	1778620933465
2010	2685	1056	3742	0	0	0	0	1778620934489
2026	0	1121	3804	0	0	0	0	1778620935312
2019	2607	1165	3773	0	0	0	0	1778620936492
2039	2662	1166	3794	0	0	0	0	1778620938078
2017	2784	1153	3749	0	0	0	0	1778620939813
1993	2755	1159	0	0	0	0	0	1778620941713
2017	2623	1163	3806	0	0	0	0	1778620945655
2028	2685	1204	3770	0	0	0	0	1778620947188
1969	2722	1160	3765	0	0	0	0	1778620948676
2000	2745	1161	3769	0	0	0	0	1778620950056
1999	2759	0	3772	0	0	0	0	1778620951796
2040	2794	1175	3777	0	0	0	0	1778620952876
2014	2747	1121	3829	0	0	0	0	1778620953743
1991	2737	1178	3829	0	0	0	0	1778620955029
2025	2752	1162	3654	0	0	0	0	1778620956713
1986	2763	1168	3701	0	0	0	0	1778620958199
2016	2774	1084	3752	0	0	0	0	1778620959684
1976	2644	1140	3820	0	0	0	0	1778620961013
2023	0	1185	3807	0	0	0	0	1778620962317
2001	2761	1168	3689	0	0	0	0	1778620963125
2027	2770	1085	3785	0	0	0	0	1778620964098
2033	2599	1136	3795	0	0	0	0	1778620965514
1981	2688	1175	3790	0	0	0	0	1778620966541
2030	2728	1221	0	0	0	0	0	1778620969005
1975	2758	1199	3828	0	0	0	0	1778620970077
1999	2760	1069	3666	0	0	0	0	1778620971821
2036	2675	1096	3768	0	0	0	0	1778620972645
2006	2739	1162	3794	0	0	0	0	1778620973713
2027	2847	1170	3813	0	0	0	0	1778620974387
1977	2780	0	3817	0	0	0	0	1778620975304
2017	2646	1106	3789	0	0	0	0	1778620977702
2021	2726	1127	3788	0	0	0	0	1778620978317
2003	2735	1150	3844	0	0	0	0	1778620979214
2043	2841	1195	3824	0	0	0	0	1778620980119
2028	2780	1179	3696	0	0	0	0	1778620981044
2038	0	1183	3735	0	0	0	0	1778620982005
2008	2632	1120	3767	0	0	0	0	1778620982579
2016	2720	1157	3837	0	0	0	0	1778620983187
2025	2746	1187	3730	0	0	0	0	1778620983930
1995	2774	1096	3727	0	0	0	0	1778620984975
2014	2772	1130	3749	0	0	0	0	1778620986184
2009	2785	1143	0	0	0	0	0	1778620987392
2019	2793	1158	3819	0	0	0	0	1778620988513
2003	2780	1163	3822	0	0	0	0	1778620989741
2017	2795	1123	3745	0	0	0	0	1778620991072
2035	2795	1171	3641	0	0	0	0	1778620992451
1956	2796	1160	3763	0	0	0	0	1778620993950
2006	2803	0	3776	0	0	0	0	1778620995173
1996	2758	1189	3783	0	0	0	0	1778620996295
2004	2772	1156	3757	0	0	0	0	1778620997422
2026	2662	1175	3610	0	0	0	0	1778620998847
2000	2718	1180	3719	0	0	0	0	1778621000190
2031	2756	1181	3729	0	0	0	0	1778621001517
1982	2767	1182	3755	0	0	0	0	1778621002891
2019	0	1194	3782	0	0	0	0	1778621004016
1964	2859	1127	3709	0	0	0	0	1778621005111
1988	2642	1131	3727	0	0	0	0	1778621006533
2004	2710	1145	3743	0	0	0	0	1778621008071
1998	2747	1150	3785	0	0	0	0	1778621009232
2034	2765	1171	3787	0	0	0	0	1778621011570
2005	2766	1104	0	0	0	0	0	1778621012500
2026	2627	1157	3744	0	0	0	0	1778621013397
1944	2775	1147	3761	0	0	0	0	1778621014616
1984	2790	1158	3704	0	0	0	0	1778621015896
2004	2795	0	3735	0	0	0	0	1778621017284
2007	2619	1130	3732	0	0	0	0	1778621018415
2022	2692	1168	3788	0	0	0	0	1778621019536
1991	2745	1198	3776	0	0	0	0	1778621020769
2027	2767	1131	3716	0	0	0	0	1778621022095
1979	2782	1160	3750	0	0	0	0	1778621023472
2007	2668	1111	3688	0	0	0	0	1778621024810
1969	0	1161	3772	0	0	0	0	1778621026243
1992	2710	1123	3765	0	0	0	0	1778621027366
1974	2752	1162	3641	0	0	0	0	1778621028695
2002	2769	1034	3721	0	0	0	0	1778621030031
2015	2849	1131	3764	0	0	0	0	1778621031358
1992	2642	1158	3804	0	0	0	0	1778621032791
2005	2703	1136	0	0	0	0	0	1778621033917
1973	2746	1089	3753	0	0	0	0	1778621035101
1993	2763	1140	3629	0	0	0	0	1778621036375
2006	2603	1144	3693	0	0	0	0	1778621037812
2007	2677	1186	3733	0	0	0	0	1778621039038
2022	2702	1138	3796	0	0	0	0	1778621040441
1998	2768	0	3581	0	0	0	0	1778621041768
2027	2775	1095	3651	0	0	0	0	1778621043035
2029	2780	1131	3720	0	0	0	0	1778621045449
1994	2630	1164	3764	0	0	0	0	1778621046308
2013	2693	1199	3769	0	0	0	0	1778621047339
2023	2739	1203	3757	0	0	0	0	1778621048623
2019	0	1101	3762	0	0	0	0	1778621049654
2004	2748	1103	3783	0	0	0	0	1778621050715
2021	2774	1163	3796	0	0	0	0	1778621051893
2027	2616	1201	3778	0	0	0	0	1778621053379
1946	2740	1081	3773	0	0	0	0	1778621054807
1989	2756	1087	3808	0	0	0	0	1778621056102
1983	2767	1125	0	0	0	0	0	1778621057322
1993	2616	1158	3769	0	0	0	0	1778621058454
1995	2688	1155	3777	0	0	0	0	1778621059685
2015	2787	1156	3776	0	0	0	0	1778621061114
1991	2624	1170	3778	0	0	0	0	1778621062553
1975	2703	1149	3745	0	0	0	0	1778621064027
1977	2726	0	3812	0	0	0	0	1778621065167
1980	2758	1173	3744	0	0	0	0	1778621066279
1987	2761	1184	3577	0	0	0	0	1778621067763
2004	2775	1068	3657	0	0	0	0	1778621069060
1988	2784	1106	3712	0	0	0	0	1778621070336
2031	2630	1130	3802	0	0	0	0	1778621071814
1985	0	1190	3597	0	0	0	0	1778621073044
2004	2698	1074	3665	0	0	0	0	1778621074060
1932	2799	1098	3688	0	0	0	0	1778621075655
1974	2777	1125	3731	0	0	0	0	1778621076692
1996	2651	1143	3741	0	0	0	0	1778621078053
1998	2697	1162	3726	0	0	0	0	1778621079468
2004	2796	1119	0	0	0	0	0	1778621080926
1958	2770	1174	3736	0	0	0	0	1778621081920
2001	2744	1150	3744	0	0	0	0	1778621083794
1966	2644	1150	3724	0	0	0	0	1778621086354
1989	2685	1157	3753	0	0	0	0	1778621087989
1953	2787	0	3756	0	0	0	0	1778621090017
1976	2740	1165	3733	0	0	0	0	1778621091568
1996	2618	1174	3766	0	0	0	0	1778621092901
1972	2701	1178	3755	0	0	0	0	1778621095053
2017	2752	1129	3666	0	0	0	0	1778621097287
1975	2734	1154	3720	0	0	0	0	1778621099321
1998	0	1076	3722	0	0	0	0	1778621100890
1950	2753	1142	3767	0	0	0	0	1778621102306
1981	2759	1158	3669	0	0	0	0	1778621103863
1961	2779	1177	3717	0	0	0	0	1778621105396
1994	2784	1114	3750	0	0	0	0	1778621106295
1994	2752	1146	3728	0	0	0	0	1778621107106
1972	2580	1132	3785	0	0	0	0	1778621108118
1997	2669	1157	0	0	0	0	0	1778621108979
1964	2726	1101	3603	0	0	0	0	1778621109701
1995	2823	1117	3680	0	0	0	0	1778621110774
2004	2718	1141	3698	0	0	0	0	1778621111537
1944	2580	1124	3765	0	0	0	0	1778621114735
1979	2654	1144	3712	0	0	0	0	1778621115940
1995	2697	0	3714	0	0	0	0	1778621117074
2011	2737	1179	3758	0	0	0	0	1778621118197
2014	2738	1091	3678	0	0	0	0	1778621119631
1933	2754	1155	3763	0	0	0	0	1778621120657
1977	2773	1147	3778	0	0	0	0	1778621121633
1983	0	1184	3655	0	0	0	0	1778621122657
2016	2740	1028	3673	0	0	0	0	1778621123280
2006	2752	1107	3710	0	0	0	0	1778621124136
1971	2736	1136	3740	0	0	0	0	1778621125468
1998	2743	1142	3745	0	0	0	0	1778621126386
1969	2761	1075	3735	0	0	0	0	1778621127413
1991	2746	1124	0	0	0	0	0	1778621128216
1980	2768	1153	3743	0	0	0	0	1778621128897
1996	2732	1186	3738	0	0	0	0	1778621129868
1984	2719	1177	3791	0	0	0	0	1778621130749
1949	2642	1080	3687	0	0	0	0	1778621131769
1994	2684	1093	3701	0	0	0	0	1778621132582
1995	0	1162	3725	0	0	0	0	1778621134028
2005	2792	1209	3703	0	0	0	0	1778621135094
1905	2739	1063	3741	0	0	0	0	1778621136478
1956	2567	1076	3755	0	0	0	0	1778621137961
1977	2667	1101	3762	0	0	0	0	1778621139350
1986	2696	0	3768	0	0	0	0	1778621140684
1987	2790	1142	3718	0	0	0	0	1778621141951
1994	2611	1152	3719	0	0	0	0	1778621142948
1975	2658	1155	3725	0	0	0	0	1778621144162
1952	2698	1167	3753	0	0	0	0	1778621145535
2000	2717	1153	3767	0	0	0	0	1778621146733
1947	2733	1185	3718	0	0	0	0	1778621149228
1950	2740	1186	3707	0	0	0	0	1778621150450
1980	2731	1098	0	0	0	0	0	1778621151583
1953	2742	1124	3712	0	0	0	0	1778621152663
1990	2754	1135	3718	0	0	0	0	1778621153418
1950	2757	1186	3728	0	0	0	0	1778621154495
1963	2565	1044	3733	0	0	0	0	1778621155936
1918	0	1125	3704	0	0	0	0	1778621157362
1962	2698	1140	3713	0	0	0	0	1778621158499
1976	2724	1143	3721	0	0	0	0	1778621159870
1960	2745	1144	3750	0	0	0	0	1778621161098
1966	2709	1140	3682	0	0	0	0	1778621162521
1979	2601	1143	3711	0	0	0	0	1778621163971
1989	2740	0	3718	0	0	0	0	1778621165096
1935	2707	1149	3729	0	0	0	0	1778621166278
1966	2752	1163	3713	0	0	0	0	1778621167323
1984	2715	1141	3722	0	0	0	0	1778621168838
1924	2588	1154	3711	0	0	0	0	1778621170190
1952	2723	1079	3724	0	0	0	0	1778621171652
1956	2717	1135	3783	0	0	0	0	1778621172837
1996	2741	1170	0	0	0	0	0	1778621174005
1947	2601	1117	3724	0	0	0	0	1778621175185
1976	2654	1122	3742	0	0	0	0	1778621176663
1976	2701	1128	3664	0	0	0	0	1778621178103
1935	2716	1150	3693	0	0	0	0	1778621179496
1977	0	1174	3715	0	0	0	0	1778621180763
1983	2797	1085	3745	0	0	0	0	1778621181843
1994	2626	1130	3688	0	0	0	0	1778621183073
1963	2670	1132	3707	0	0	0	0	1778621184549
1965	2700	1138	3729	0	0	0	0	1778621185837
1992	2721	1146	3776	0	0	0	0	1778621187210
1982	2734	0	3696	0	0	0	0	1778621188598
1992	2598	1131	3742	0	0	0	0	1778621189726
1984	2724	1168	3748	0	0	0	0	1778621190896
1938	2738	1166	3753	0	0	0	0	1778621192315
1978	2748	1127	3788	0	0	0	0	1778621193517
1946	2769	1129	3690	0	0	0	0	1778621194894
1994	2594	1131	3713	0	0	0	0	1778621196186
1958	2657	1172	0	0	0	0	0	1778621197556
1976	2691	1179	3731	0	0	0	0	1778621198784
1921	2709	1128	3698	0	0	0	0	1778621200118
1959	2737	1108	3722	0	0	0	0	1778621201346
1968	2740	1165	3682	0	0	0	0	1778621202836
1987	0	1187	3691	0	0	0	0	1778621204164
1953	2742	1142	3712	0	0	0	0	1778621205239
1950	2726	1079	3741	0	0	0	0	1778621206367
1995	2735	1093	3690	0	0	0	0	1778621207750
1945	2619	1143	3687	0	0	0	0	1778621209027
1946	2654	1184	3644	0	0	0	0	1778621210308
1963	2678	1119	3748	0	0	0	0	1778621211784
1952	2766	0	3724	0	0	0	0	1778621213122
1994	2734	1076	3724	0	0	0	0	1778621214248
1943	2565	1113	3753	0	0	0	0	1778621215476
1955	2631	1144	3690	0	0	0	0	1778621216913
1961	2733	1156	3696	0	0	0	0	1778621218466
1965	2733	1138	3709	0	0	0	0	1778621220086
1923	2533	1141	0	0	0	0	0	1778621221677
1958	2605	1141	3747	0	0	0	0	1778621222720
1960	0	1175	3736	0	0	0	0	1778621223437
1949	2671	1147	3742	0	0	0	0	1778621224949
1953	2690	1155	0	0	0	0	0	1778621226386
1915	0	1056	3709	0	0	0	0	1778621227609
1951	2571	1104	3720	0	0	0	0	1778621228683
1969	2641	1144	3741	0	0	0	0	1778621229765
1916	2685	1158	3773	0	0	0	0	1778621230996
1950	2690	1066	3711	0	0	0	0	1778621232270
1957	2669	1105	3705	0	0	0	0	1778621233760
1958	2701	1117	3747	0	0	0	0	1778621235196
1941	2717	0	3703	0	0	0	0	1778621236437
1950	2732	1172	3658	0	0	0	0	1778621237542
1973	2723	1076	3672	0	0	0	0	1778621238974
1931	2723	1102	3617	0	0	0	0	1778621240308
1954	2739	1126	3697	0	0	0	0	1778621241551
1962	0	1164	3720	0	0	0	0	1778621243021
1978	2706	1126	3725	0	0	0	0	1778621244204
1947	2690	1151	3693	0	0	0	0	1778621245533
1947	2702	1078	3696	0	0	0	0	1778621246963
1979	2670	1123	3725	0	0	0	0	1778621248343
1903	2590	1142	3766	0	0	0	0	1778621249554
1966	2649	1105	0	0	0	0	0	1778621250782
1932	2745	1131	3712	0	0	0	0	1778621251877
1951	2571	1074	3716	0	0	0	0	1778621253112
1978	2639	1116	3731	0	0	0	0	1778621254443
1943	2668	1146	3738	0	0	0	0	1778621255756
1960	2689	1070	3686	0	0	0	0	1778621257026
1972	2769	1093	3708	0	0	0	0	1778621258402
1954	2555	0	3711	0	0	0	0	1778621259817
1957	2622	1112	3723	0	0	0	0	1778621260895
1968	2663	1139	3730	0	0	0	0	1778621262226
1983	2720	1143	3744	0	0	0	0	1778621263669
1965	2715	1109	3716	0	0	0	0	1778621265445
1964	0	1136	3732	0	0	0	0	1778621266678
1932	2734	1130	3702	0	0	0	0	1778621267843
1974	2552	1161	3734	0	0	0	0	1778621269032
1928	2622	1136	3609	0	0	0	0	1778621270466
1968	2700	1138	3647	0	0	0	0	1778621274256
1913	2700	1178	0	0	0	0	0	1778621275793
1936	2700	1168	3682	0	0	0	0	1778621276305
1952	2575	1169	3695	0	0	0	0	1778621277118
1943	2633	1143	3776	0	0	0	0	1778621278106
1952	2754	1153	3746	0	0	0	0	1778621278963
1971	2726	1186	3598	0	0	0	0	1778621280042
1888	2520	1188	3662	0	0	0	0	1778621280665
1925	2609	1079	3701	0	0	0	0	1778621281723
1928	2656	0	3767	0	0	0	0	1778621283063
1936	2749	1079	3691	0	0	0	0	1778621284241
1945	2590	1139	3605	0	0	0	0	1778621285689
1968	2643	1177	3654	0	0	0	0	1778621287108
1960	2681	1155	3733	0	0	0	0	1778621288385
1906	2700	1045	3734	0	0	0	0	1778621289734
1929	0	1101	3740	0	0	0	0	1778621290898
1925	2723	1135	3604	0	0	0	0	1778621292344
1951	2719	1172	3696	0	0	0	0	1778621293767
1944	2724	1166	3719	0	0	0	0	1778621294993
1939	2732	1085	3684	0	0	0	0	1778621296348
1912	2750	1090	0	0	0	0	0	1778621297659
1925	2697	1148	3718	0	0	0	0	1778621298790
1957	2561	1191	3712	0	0	0	0	1778621299953
1968	2676	1113	3741	0	0	0	0	1778621301035
1917	2698	1061	3652	0	0	0	0	1778621302365
1957	2710	1134	3587	0	0	0	0	1778621303697
1935	2527	1170	3636	0	0	0	0	1778621304924
1938	2600	1136	3678	0	0	0	0	1778621306408
1917	2650	0	3703	0	0	0	0	1778621307690
1950	2671	1144	3583	0	0	0	0	1778621309021
1951	2755	1153	3639	0	0	0	0	1778621310561
1922	2536	1105	3676	0	0	0	0	1778621311838
1953	0	1151	3739	0	0	0	0	1778621313220
1929	2614	1140	3667	0	0	0	0	1778621314347
1966	2648	1158	3679	0	0	0	0	1778621315790
1932	2677	1107	3692	0	0	0	0	1778621317111
1945	2700	1119	3643	0	0	0	0	1778621318442
1889	2702	1174	0	0	0	0	0	1778621319818
1925	2546	1063	3668	0	0	0	0	1778621320947
1937	2683	1066	3732	0	0	0	0	1778621322134
1952	2692	1098	3588	0	0	0	0	1778621323198
1959	2715	1141	3628	0	0	0	0	1778621324301
1945	2540	1154	3665	0	0	0	0	1778621325610
1966	2595	1157	3681	0	0	0	0	1778621327089
1942	2634	1098	3717	0	0	0	0	1778621328502
1911	2667	1136	3570	0	0	0	0	1778621329858
1949	0	1121	3589	0	0	0	0	1778621331050
1948	2750	1146	3642	0	0	0	0	1778621332471
1938	2557	1089	3677	0	0	0	0	1778621333909
1955	2623	1112	3730	0	0	0	0	1778621335283
1938	2642	1138	0	0	0	0	0	1778621336594
1896	2680	1179	3611	0	0	0	0	1778621337912
1946	2707	1023	3629	0	0	0	0	1778621339180
1927	2507	1119	3641	0	0	0	0	1778621340574
1935	2573	1123	3666	0	0	0	0	1778621342043
1913	2622	0	3701	0	0	0	0	1778621343271
1935	2658	1114	3666	0	0	0	0	1778621344350
1944	2681	1131	3701	0	0	0	0	1778621345424
1916	2709	1147	3720	0	0	0	0	1778621346618
1941	2685	1149	3736	0	0	0	0	1778621347881
1918	2686	1158	3578	0	0	0	0	1778621349166
1903	2695	1118	3624	0	0	0	0	1778621350542
1946	2722	1146	3633	0	0	0	0	1778621351769
1941	0	1079	3661	0	0	0	0	1778621353200
1938	2722	1143	3710	0	0	0	0	1778621354486
1914	2656	1154	3592	0	0	0	0	1778621355844
1936	2686	1196	3631	0	0	0	0	1778621357198
1943	2704	1013	3646	0	0	0	0	1778621358586
1900	2701	1099	3703	0	0	0	0	1778621359810
1941	2709	1096	0	0	0	0	0	1778621361144
1899	2703	1130	3662	0	0	0	0	1778621362474
1921	2707	1064	3543	0	0	0	0	1778621363960
1931	2713	1076	3620	0	0	0	0	1778621365497
1947	2715	0	3703	0	0	0	0	1778621366823
1958	2722	1127	3702	0	0	0	0	1778621367850
1885	2688	1169	3658	0	0	0	0	1778621368826
1929	2671	1162	3587	0	0	0	0	1778621370103
1941	2682	1064	3640	0	0	0	0	1778621371125
1914	2543	1081	3678	0	0	0	0	1778621372405
1930	2674	1143	3743	0	0	0	0	1778621373840
1941	2682	1189	3617	0	0	0	0	1778621375324
1945	0	1133	3617	0	0	0	0	1778621376654
1923	2505	1077	0	0	0	0	0	1778621378293
1932	0	1104	3689	0	0	0	0	1778621379525
1946	2590	1146	3699	0	0	0	0	1778621380831
1876	2625	1158	3638	0	0	0	0	1778621382032
1926	2659	1126	0	0	0	0	0	1778621383289
1902	2490	1078	3654	0	0	0	0	1778621384498
1944	2581	1103	3660	0	0	0	0	1778621385923
1939	2642	1146	3682	0	0	0	0	1778621387204
1918	2670	1131	3600	0	0	0	0	1778621388581
1916	2677	0	3624	0	0	0	0	1778621390068
1940	2667	1137	3640	0	0	0	0	1778621391093
1899	2697	1139	3668	0	0	0	0	1778621392285
1932	2714	1158	3675	0	0	0	0	1778621393245
1935	2674	1172	3689	0	0	0	0	1778621394474
1904	2548	1184	3680	0	0	0	0	1778621395906
1925	2587	1062	3685	0	0	0	0	1778621397341
1939	2639	1046	3734	0	0	0	0	1778621398568
1910	2688	1117	3656	0	0	0	0	1778621399903
1947	0	1171	3652	0	0	0	0	1778621401436
1883	2653	1126	3605	0	0	0	0	1778621402769
1907	2511	1049	0	0	0	0	0	1778621404061
1913	2596	1077	3644	0	0	0	0	1778621405535
1943	0	1141	3694	0	0	0	0	1778621406656
1909	2715	1150	3629	0	0	0	0	1778621407969
1937	2672	1138	3617	0	0	0	0	1778621409218
1937	2528	1114	3673	0	0	0	0	1778621410648
1888	2596	1136	3682	0	0	0	0	1778621412087
1915	2638	1172	3695	0	0	0	0	1778621413382
1927	2674	0	3577	0	0	0	0	1778621414499
1942	2509	1141	3630	0	0	0	0	1778621415648
1915	2579	1160	3667	0	0	0	0	1778621416742
1912	2622	1093	3703	0	0	0	0	1778621417887
1939	2659	1128	3711	0	0	0	0	1778621419151
1886	2678	1155	3635	0	0	0	0	1778621420581
1917	2701	1087	3662	0	0	0	0	1778621422018
1885	0	1112	3631	0	0	0	0	1778621423296
1913	2550	1121	3647	0	0	0	0	1778621424631
1918	2597	1124	3676	0	0	0	0	1778621425888
1919	2652	1124	3619	0	0	0	0	1778621427296
1926	2741	1102	3660	0	0	0	0	1778621428781
1854	2561	1139	0	0	0	0	0	1778621430063
1904	2609	1143	3709	0	0	0	0	1778621431200
1920	2632	1133	3716	0	0	0	0	1778621432514
1897	2659	1118	3629	0	0	0	0	1778621433899
1915	2672	1141	3636	0	0	0	0	1778621435281
1922	2685	1159	3675	0	0	0	0	1778621436560
1930	2688	0	3726	0	0	0	0	1778621437889
1903	2697	1130	3658	0	0	0	0	1778621439015
1937	2700	1120	3619	0	0	0	0	1778621440122
1895	2708	1137	3628	0	0	0	0	1778621441187
1896	2705	1051	3642	0	0	0	0	1778621442499
1912	2700	1140	3607	0	0	0	0	1778621443905
1921	2677	1103	3640	0	0	0	0	1778621445319
1897	2694	1128	3676	0	0	0	0	1778621446489
1940	2688	1011	3617	0	0	0	0	1778621447872
1916	0	1103	3667	0	0	0	0	1778621449057
1935	2691	1157	3655	0	0	0	0	1778621450587
1858	2699	1101	3630	0	0	0	0	1778621452020
1895	2659	1066	0	0	0	0	0	1778621453356
1920	0	1104	3590	0	0	0	0	1778621454532
1922	2550	1143	3528	0	0	0	0	1778621455764
1928	2614	1184	3660	0	0	0	0	1778621457140
1887	2711	1130	3668	0	0	0	0	1778621458528
1911	2653	1046	3487	0	0	0	0	1778621460318
1946	2543	0	3570	0	0	0	0	1778621461643
1911	2614	1063	3597	0	0	0	0	1778621462464
1917	2650	1133	3607	0	0	0	0	1778621463444
1924	2664	1144	3583	0	0	0	0	1778621464569
1906	2675	1129	3609	0	0	0	0	1778621465899
1895	2588	1119	3656	0	0	0	0	1778621467180
1940	2625	1083	3613	0	0	0	0	1778621468711
1876	2722	1145	3643	0	0	0	0	1778621470214
1917	0	1153	3648	0	0	0	0	1778621471378
1920	2712	1162	3668	0	0	0	0	1778621472706
1905	2641	995	3630	0	0	0	0	1778621474036
1939	2533	1096	3638	0	0	0	0	1778621475235
1902	2579	1147	3654	0	0	0	0	1778621476755
1912	2628	1156	0	0	0	0	0	1778621477984
1887	2654	1049	3670	0	0	0	0	1778621479314
1922	2494	1084	3650	0	0	0	0	1778621480641
1883	2585	1127	3659	0	0	0	0	1778621481926
1914	2659	1159	3638	0	0	0	0	1778621483204
1930	2746	1160	3654	0	0	0	0	1778621484641
1909	2512	0	3649	0	0	0	0	1778621485809
1926	2583	1030	3637	0	0	0	0	1778621486988
1893	2643	1045	3619	0	0	0	0	1778621488121
1911	2684	1107	3607	0	0	0	0	1778621489275
1923	2689	1131	3623	0	0	0	0	1778621490776
1864	2648	1107	3626	0	0	0	0	1778621492214
1895	2523	1071	3627	0	0	0	0	1778621493549
1905	2595	1094	0	0	0	0	0	1778621494787
1946	0	1137	3583	0	0	0	0	1778621496136
1886	2713	1120	3558	0	0	0	0	1778621497645
1892	2679	1142	0	0	0	0	0	1778621499077
1867	0	1058	3569	0	0	0	0	1778621500303
1892	2554	1099	3610	0	0	0	0	1778621501376
1909	2610	1132	3598	0	0	0	0	1778621502455
1905	2727	1132	3623	0	0	0	0	1778621503687
1912	2685	1142	3619	0	0	0	0	1778621505032
1914	2516	1117	3631	0	0	0	0	1778621506554
1934	2587	0	3624	0	0	0	0	1778621508034
1887	2635	1119	3645	0	0	0	0	1778621509141
1897	2726	1132	3545	0	0	0	0	1778621510286
1897	2546	1107	3593	0	0	0	0	1778621511365
1898	2592	1114	3625	0	0	0	0	1778621512740
1917	2648	1090	3643	0	0	0	0	1778621514074
1870	2667	1097	3601	0	0	0	0	1778621515408
1899	2677	1120	3553	0	0	0	0	1778621517025
1878	0	1127	3563	0	0	0	0	1778621518151
1887	2688	1147	0	0	0	0	0	1778621519555
1922	2666	1133	3588	0	0	0	0	1778621520932
1875	2697	1090	3655	0	0	0	0	1778621522372
1901	2705	1120	3660	0	0	0	0	1778621523545
1889	0	1076	3574	0	0	0	0	1778621524686
1897	2527	1130	3520	0	0	0	0	1778621525899
1890	2651	1140	3600	0	0	0	0	1778621527136
1872	2671	1112	3607	0	0	0	0	1778621528568
1925	2703	1112	3615	0	0	0	0	1778621529845
1858	2527	1127	3569	0	0	0	0	1778621531230
1906	2601	0	3568	0	0	0	0	1778621532462
1863	2636	1138	3637	0	0	0	0	1778621533530
1887	2664	1141	3547	0	0	0	0	1778621534713
1900	2693	1161	3570	0	0	0	0	1778621535987
1901	2677	1013	3579	0	0	0	0	1778621537420
1912	2571	1094	3562	0	0	0	0	1778621538852
1879	2614	1136	3640	0	0	0	0	1778621540140
1915	2641	1137	0	0	0	0	0	1778621541478
1852	2667	1018	3556	0	0	0	0	1778621542703
1892	2538	1083	3565	0	0	0	0	1778621544133
1908	2607	1118	3482	0	0	0	0	1778621545650
1886	0	1137	3561	0	0	0	0	1778621546845
1920	2700	1081	3645	0	0	0	0	1778621548140
1896	2680	1094	3602	0	0	0	0	1778621549509
1919	2516	1095	3614	0	0	0	0	1778621550631
1923	2592	1143	3615	0	0	0	0	1778621551917
1842	2646	1144	3569	0	0	0	0	1778621553601
1887	2670	0	3585	0	0	0	0	1778621554830
1912	2648	1092	3601	0	0	0	0	1778621555852
1918	2687	1094	3611	0	0	0	0	1778621557100
1891	2706	1115	3553	0	0	0	0	1778621558393
1913	2700	1150	3589	0	0	0	0	1778621559750
1873	2676	1159	3578	0	0	0	0	1778621560728
1873	2670	1048	3456	0	0	0	0	1778621562160
1904	2588	1058	3536	0	0	0	0	1778621563530
1895	2628	1110	0	0	0	0	0	1778621564820
1907	2701	1166	3581	0	0	0	0	1778621566251
1909	2506	1127	3603	0	0	0	0	1778621567685
1876	2573	1019	3452	0	0	0	0	1778621568918
1914	2625	1060	3507	0	0	0	0	1778621570244
1902	0	1130	3580	0	0	0	0	1778621571391
1914	2657	1171	3585	0	0	0	0	1778621572498
1845	2666	1063	3574	0	0	0	0	1778621573727
1871	2683	1040	3583	0	0	0	0	1778621575160
1886	2513	1083	3575	0	0	0	0	1778621576594
1876	2583	1141	3611	0	0	0	0	1778621577943
1886	2633	1147	3575	0	0	0	0	1778621579159
1903	2721	0	3581	0	0	0	0	1778621580301
1900	2670	1118	3584	0	0	0	0	1778621581867
1863	2498	1138	3596	0	0	0	0	1778621582895
1913	2583	1107	3485	0	0	0	0	1778621584321
1872	2693	1164	3553	0	0	0	0	1778621585752
1878	2690	1121	0	0	0	0	0	1778621587085
1870	2498	1078	3615	0	0	0	0	1778621588370
1872	2578	1106	3507	0	0	0	0	1778621589625
1913	2616	1123	3525	0	0	0	0	1778621590982
1855	2660	1179	3556	0	0	0	0	1778621592408
1890	0	1081	3623	0	0	0	0	1778621593848
1891	2663	1095	3597	0	0	0	0	1778621594871
1847	2674	1095	3386	0	0	0	0	1778621595999
1898	2668	1111	3489	0	0	0	0	1778621597328
1881	2506	1131	3536	0	0	0	0	1778621598449
1874	2641	1117	3556	0	0	0	0	1778621601120
1899	2660	1152	3570	0	0	0	0	1778621602552
1868	2502	1108	3517	0	0	0	0	1778621603985
1837	2577	0	3550	0	0	0	0	1778621605173
1872	2635	1126	3568	0	0	0	0	1778621606438
1880	2658	1108	3583	0	0	0	0	1778621607463
1858	2663	1140	3615	0	0	0	0	1778621608735
1887	2650	1157	3456	0	0	0	0	1778621610124
1855	2664	1131	0	0	0	0	0	1778621610843
1904	2676	1116	3519	0	0	0	0	1778621611821
1849	2678	1107	3568	0	0	0	0	1778621613100
1859	2521	1093	3631	0	0	0	0	1778621614529
1881	2574	1095	3601	0	0	0	0	1778621616067
1859	0	1107	3445	0	0	0	0	1778621617193
1891	2616	1108	3517	0	0	0	0	1778621618319
1880	2663	1087	3562	0	0	0	0	1778621619441
1860	2672	1098	3561	0	0	0	0	1778621620451
1891	2674	1098	3530	0	0	0	0	1778621622007
1856	2475	1105	3539	0	0	0	0	1778621623436
1877	2568	1128	3553	0	0	0	0	1778621624664
1849	2612	1130	3589	0	0	0	0	1778621625995
1888	2631	0	3527	0	0	0	0	1778621627225
1847	2527	1150	3500	0	0	0	0	1778621628659
1881	2589	1146	3523	0	0	0	0	1778621630041
1892	2625	1146	3552	0	0	0	0	1778621631488
1841	2641	1131	3615	0	0	0	0	1778621632618
1883	2649	1141	0	0	0	0	0	1778621633780
1881	2498	1162	3422	0	0	0	0	1778621635109
1886	2561	1104	3469	0	0	0	0	1778621636341
