920	968	835	1224	0	0	0	0	1774539307858
920	969	818	1107	0	0	0	0	1774539309174
881	907	760	1047	0	0	0	0	1774539310701
897	859	773	1093	0	0	0	0	1774539311939
868	876	758	0	0	0	0	0	1774539313357
886	0	786	1152	0	0	0	0	1774539314712
899	912	783	1121	0	0	0	0	1774539315958
866	933	819	1053	0	0	0	0	1774539317389
889	906	789	0	0	0	0	0	1774539318739
872	859	770	1084	0	0	0	0	1774539320050
880	898	773	1116	0	0	0	0	1774539321478
879	914	798	1156	0	0	0	0	1774539322809
911	942	677	1119	0	0	0	0	1774539324037
867	861	0	1035	0	0	0	0	1774539325417
880	910	745	1080	0	0	0	0	1774539326591
857	911	739	1152	0	0	0	0	1774539327722
881	923	750	1006	0	0	0	0	1774539328746
893	956	719	1063	0	0	0	0	1774539329869
866	849	750	1095	0	0	0	0	1774539331106
889	871	764	1109	0	0	0	0	1774539332538
882	918	737	1151	0	0	0	0	1774539333972
860	933	744	1101	0	0	0	0	1774539335385
875	910	761	0	0	0	0	0	1774539336613
888	924	732	1105	0	0	0	0	1774539337970
899	882	767	1039	0	0	0	0	1774539339401
863	905	729	1119	0	0	0	0	1774539340725
883	906	0	1129	0	0	0	0	1774539342059
876	934	733	1113	0	0	0	0	1774539343289
887	0	778	1119	0	0	0	0	1774539344720
893	866	784	1065	0	0	0	0	1774539346055
840	889	764	1137	0	0	0	0	1774539347492
872	915	0	1130	0	0	0	0	1774539348769
873	924	737	1105	0	0	0	0	1774539349826
886	923	747	1106	0	0	0	0	1774539350970
872	871	763	1115	0	0	0	0	1774539352136
890	889	763	1123	0	0	0	0	1774539353225
885	912	686	1141	0	0	0	0	1774539354537
853	930	723	1099	0	0	0	0	1774539355860
887	910	735	1105	0	0	0	0	1774539357207
874	901	755	1113	0	0	0	0	1774539358630
881	907	781	0	0	0	0	0	1774539359875
845	904	718	1131	0	0	0	0	1774539361255
869	918	732	1132	0	0	0	0	1774539362538
876	928	764	1090	0	0	0	0	1774539363823
876	897	761	1104	0	0	0	0	1774539365286
867	0	773	1116	0	0	0	0	1774539366501
869	894	719	1137	0	0	0	0	1774539367767
889	918	739	1088	0	0	0	0	1774539369085
859	929	749	1105	0	0	0	0	1774539370425
883	830	770	1110	0	0	0	0	1774539371755
886	892	700	1134	0	0	0	0	1774539373087
877	908	0	1034	0	0	0	0	1774539374220
864	927	723	1069	0	0	0	0	1774539375323
851	909	751	1071	0	0	0	0	1774539376470
889	928	767	1139	0	0	0	0	1774539377577
870	891	796	1077	0	0	0	0	1774539379201
879	818	687	1102	0	0	0	0	1774539380458
882	874	710	1107	0	0	0	0	1774539381900
858	908	734	1112	0	0	0	0	1774539383122
895	918	756	0	0	0	0	0	1774539384353
859	888	778	1083	0	0	0	0	1774539385870
871	853	746	1103	0	0	0	0	1774539387186
886	887	778	1121	0	0	0	0	1774539388547
870	0	730	1124	0	0	0	0	1774539389878
897	912	775	1102	0	0	0	0	1774539391060
865	908	682	1085	0	0	0	0	1774539392262
870	882	741	1107	0	0	0	0	1774539393670
888	838	749	1118	0	0	0	0	1774539395111
865	876	766	1031	0	0	0	0	1774539396540
868	906	0	1102	0	0	0	0	1774539397742
884	910	712	1105	0	0	0	0	1774539398787
888	915	747	1068	0	0	0	0	1774539399933
858	899	743	1088	0	0	0	0	1774539401215
875	906	761	1113	0	0	0	0	1774539402562
877	928	745	1101	0	0	0	0	1774539403774
875	879	771	1075	0	0	0	0	1774539405121
863	836	736	0	0	0	0	0	1774539406583
868	859	763	1088	0	0	0	0	1774539407782
884	897	723	1105	0	0	0	0	1774539409139
858	921	721	1102	0	0	0	0	1774539410432
878	882	746	1102	0	0	0	0	1774539411774
884	897	769	1120	0	0	0	0	1774539413210
870	0	778	1128	0	0	0	0	1774539414344
886	881	709	1114	0	0	0	0	1774539415709
854	899	725	1159	0	0	0	0	1774539417023
870	907	741	1107	0	0	0	0	1774539418357
886	932	758	1110	0	0	0	0	1774539419731
862	870	762	1120	0	0	0	0	1774539421016
848	882	0	1109	0	0	0	0	1774539422218
871	915	715	1114	0	0	0	0	1774539423262
878	940	739	1082	0	0	0	0	1774539424467
867	841	738	1096	0	0	0	0	1774539425807
877	855	750	1118	0	0	0	0	1774539427237
887	910	786	1109	0	0	0	0	1774539428689
841	927	711	1120	0	0	0	0	1774539429925
869	859	719	0	0	0	0	0	1774539431115
875	899	747	1091	0	0	0	0	1774539432300
892	873	768	1101	0	0	0	0	1774539433912
868	919	707	1120	0	0	0	0	1774539435229
858	897	749	1170	0	0	0	0	1774539436567
845	0	749	1113	0	0	0	0	1774539437784
868	899	749	1073	0	0	0	0	1774539438845
885	890	776	1100	0	0	0	0	1774539440081
858	895	696	1112	0	0	0	0	1774539441369
873	904	713	1169	0	0	0	0	1774539442830
863	908	739	1045	0	0	0	0	1774539444265
886	934	0	1059	0	0	0	0	1774539445451
868	849	704	1092	0	0	0	0	1774539446609
876	898	743	1111	0	0	0	0	1774539447734
887	846	696	1112	0	0	0	0	1774539449140
819	882	710	1091	0	0	0	0	1774539450570
849	908	749	1083	0	0	0	0	1774539451933
862	846	767	1096	0	0	0	0	1774539453116
886	906	735	0	0	0	0	0	1774539454472
876	838	743	1112	0	0	0	0	1774539455831
853	874	707	1118	0	0	0	0	1774539457052
868	881	721	1115	0	0	0	0	1774539458455
880	882	754	1101	0	0	0	0	1774539459787
882	0	773	1107	0	0	0	0	1774539461131
883	898	721	1117	0	0	0	0	1774539462172
860	867	723	1139	0	0	0	0	1774539463678
872	888	734	1020	0	0	0	0	1774539464937
859	891	750	1060	0	0	0	0	1774539466314
893	922	761	1078	0	0	0	0	1774539467526
867	875	0	1137	0	0	0	0	1774539468830
879	819	689	1141	0	0	0	0	1774539470034
856	875	735	1090	0	0	0	0	1774539471238
860	901	686	1099	0	0	0	0	1774539472570
891	921	740	1132	0	0	0	0	1774539473830
853	891	754	1125	0	0	0	0	1774539475280
879	814	725	0	0	0	0	0	1774539476690
847	833	741	1125	0	0	0	0	1774539477808
868	882	725	1106	0	0	0	0	1774539479171
881	908	761	1119	0	0	0	0	1774539480472
863	886	751	1118	0	0	0	0	1774539481914
874	914	775	1118	0	0	0	0	1774539483261
868	0	709	1126	0	0	0	0	1774539484581
877	897	721	1126	0	0	0	0	1774539485629
861	908	754	1107	0	0	0	0	1774539486730
873	907	766	1130	0	0	0	0	1774539488078
882	908	736	1137	0	0	0	0	1774539489520
832	845	720	1106	0	0	0	0	1774539491049
868	859	0	1107	0	0	0	0	1774539492286
864	894	764	1110	0	0	0	0	1774539493391
881	937	703	1103	0	0	0	0	1774539494621
887	856	763	1120	0	0	0	0	1774539495758
824	876	770	1124	0	0	0	0	1774539497246
856	922	771	1078	0	0	0	0	1774539498508
865	927	704	1080	0	0	0	0	1774539499839
866	894	736	1108	0	0	0	0	1774539501195
864	856	746	0	0	0	0	0	1774539502491
877	907	754	1115	0	0	0	0	1774539503935
862	924	703	1093	0	0	0	0	1774539505266
846	919	738	1073	0	0	0	0	1774539506613
867	0	730	1082	0	0	0	0	1774539507944
873	843	760	1095	0	0	0	0	1774539509056
876	875	767	1109	0	0	0	0	1774539510199
827	886	676	1165	0	0	0	0	1774539511327
861	899	716	1095	0	0	0	0	1774539512758
866	904	744	1080	0	0	0	0	1774539514160
868	914	744	1030	0	0	0	0	1774539515425
850	819	0	1078	0	0	0	0	1774539516779
856	863	704	1131	0	0	0	0	1774539517976
870	884	731	1130	0	0	0	0	1774539519280
839	906	692	1083	0	0	0	0	1774539520629
861	819	722	1052	0	0	0	0	1774539522021
835	839	746	0	0	0	0	0	1774539523492
858	852	756	1096	0	0	0	0	1774539524646
859	889	699	1106	0	0	0	0	1774539526061
862	933	731	1155	0	0	0	0	1774539527486
882	816	749	1107	0	0	0	0	1774539528738
875	0	722	1050	0	0	0	0	1774539530046
883	844	744	1085	0	0	0	0	1774539531176
848	863	726	1127	0	0	0	0	1774539532321
854	895	732	1133	0	0	0	0	1774539533430
887	914	754	1103	0	0	0	0	1774539534663
861	841	764	1050	0	0	0	0	1774539536000
868	855	683	1091	0	0	0	0	1774539537640
886	894	700	1078	0	0	0	0	1774539538868
866	916	0	1130	0	0	0	0	1774539540184
858	884	730	1097	0	0	0	0	1774539541508
874	903	745	0	0	0	0	0	1774539542861
879	885	739	1040	0	0	0	0	1774539544279
859	933	0	1136	0	0	0	0	1774539545610
878	906	720	0	0	0	0	0	1774539546842
864	917	730	989	0	0	0	0	1774539548113
877	818	764	1023	0	0	0	0	1774539549595
884	841	677	1059	0	0	0	0	1774539551047
841	882	723	1079	0	0	0	0	1774539552356
869	0	730	1119	0	0	0	0	1774539553498
869	897	742	1103	0	0	0	0	1774539554592
882	919	739	1081	0	0	0	0	1774539555820
889	871	755	1031	0	0	0	0	1774539556895
829	875	743	1097	0	0	0	0	1774539558090
855	896	716	1103	0	0	0	0	1774539559353
868	914	739	983	0	0	0	0	1774539560754
866	926	743	1039	0	0	0	0	1774539562128
879	875	726	1078	0	0	0	0	1774539563556
881	882	757	0	0	0	0	0	1774539564745
875	914	708	1128	0	0	0	0	1774539566213
853	924	742	1142	0	0	0	0	1774539567631
883	910	685	1074	0	0	0	0	1774539568861
855	897	0	1079	0	0	0	0	1774539570292
869	897	729	1104	0	0	0	0	1774539571520
875	904	754	1105	0	0	0	0	1774539572869
849	926	712	1112	0	0	0	0	1774539574097
878	821	712	1075	0	0	0	0	1774539575513
863	0	733	1043	0	0	0	0	1774539576953
878	887	739	1082	0	0	0	0	1774539578072
826	888	755	1131	0	0	0	0	1774539579113
853	909	721	1047	0	0	0	0	1774539580314
865	842	683	1057	0	0	0	0	1774539581361
869	890	729	1080	0	0	0	0	1774539582785
872	922	750	1098	0	0	0	0	1774539584233
878	882	743	1140	0	0	0	0	1774539585652
866	838	701	0	0	0	0	0	1774539586888
841	879	718	1027	0	0	0	0	1774539588431
859	895	727	1043	0	0	0	0	1774539589606
875	898	751	1064	0	0	0	0	1774539590970
857	890	0	1111	0	0	0	0	1774539592470
861	915	702	1119	0	0	0	0	1774539593535
865	911	685	1011	0	0	0	0	1774539594778
887	908	716	1038	0	0	0	0	1774539596199
862	933	726	1115	0	0	0	0	1774539597641
883	0	749	1122	0	0	0	0	1774539599050
841	800	705	1138	0	0	0	0	1774539600198
861	857	689	1010	0	0	0	0	1774539601354
843	892	727	1048	0	0	0	0	1774539602458
868	906	751	1067	0	0	0	0	1774539603567
873	898	760	1121	0	0	0	0	1774539604814
847	831	708	1124	0	0	0	0	1774539606344
