3265	2959	968	6784	0	0	0	0	1776694839175
3232	2646	932	6689	0	0	0	0	1776694840507
3211	2702	924	6730	0	0	0	0	1776694842025
3200	2728	871	0	0	0	0	0	1776694843232
3230	2732	882	6777	0	0	0	0	1776694844744
3168	2756	893	6694	0	0	0	0	1776694846000
3197	2763	900	6749	0	0	0	0	1776694847449
3123	0	843	6603	0	0	0	0	1776694848702
3161	2695	856	6641	0	0	0	0	1776694850094
3173	2714	875	6713	0	0	0	0	1776694851299
3162	2716	905	6724	0	0	0	0	1776694852753
3181	2716	908	6573	0	0	0	0	1776694854733
3200	2642	907	6644	0	0	0	0	1776694856174
3142	2730	0	6682	0	0	0	0	1776694857287
3148	2747	910	6604	0	0	0	0	1776694857953
3152	2731	880	6633	0	0	0	0	1776694858797
3169	2580	926	6672	0	0	0	0	1776694860026
3159	2648	850	6676	0	0	0	0	1776694861437
3166	2670	902	6644	0	0	0	0	1776694862994
3169	2677	898	6678	0	0	0	0	1776694864199
3180	2708	908	0	0	0	0	0	1776694865540
3144	2671	894	6708	0	0	0	0	1776694866681
3152	2672	903	6648	0	0	0	0	1776694867987
3159	2690	910	6634	0	0	0	0	1776694869418
3155	2698	867	6662	0	0	0	0	1776694870676
3148	2694	887	6715	0	0	0	0	1776694872083
3135	0	890	6723	0	0	0	0	1776694873541
3123	2546	897	6611	0	0	0	0	1776694874746
3150	2614	873	6653	0	0	0	0	1776694876184
3104	2717	0	6690	0	0	0	0	1776694877613
3145	0	883	6717	0	0	0	0	1776694878866
3151	2560	889	6637	0	0	0	0	1776694879968
3152	2614	897	6666	0	0	0	0	1776694881091
3121	2627	906	6690	0	0	0	0	1776694882266
3122	2656	914	6695	0	0	0	0	1776694883680
3150	2670	918	6715	0	0	0	0	1776694885050
3123	2670	896	6620	0	0	0	0	1776694886326
3157	2626	896	0	0	0	0	0	1776694887751
3070	2627	921	6651	0	0	0	0	1776694888903
3102	2635	904	6681	0	0	0	0	1776694890214
3113	2650	908	6750	0	0	0	0	1776694891500
3119	2659	845	6629	0	0	0	0	1776694892882
3162	2658	884	6688	0	0	0	0	1776694894125
3081	0	910	6593	0	0	0	0	1776694895454
3119	2660	911	6633	0	0	0	0	1776694896601
3099	2664	872	6680	0	0	0	0	1776694898131
3128	2655	875	6695	0	0	0	0	1776694899488
3102	2550	891	6692	0	0	0	0	1776694900835
3136	2606	911	6572	0	0	0	0	1776694902111
3080	2674	0	6614	0	0	0	0	1776694903272
3111	2460	928	6652	0	0	0	0	1776694904548
3127	2547	927	6733	0	0	0	0	1776694906025
3095	2593	835	6663	0	0	0	0	1776694907317
3124	2494	890	6685	0	0	0	0	1776694908649
3048	2602	923	0	0	0	0	0	1776694909955
3091	2483	903	6667	0	0	0	0	1776694911079
3105	2553	856	6702	0	0	0	0	1776694912147
3112	2585	894	6670	0	0	0	0	1776694913297
3152	2600	918	6680	0	0	0	0	1776694914731
3109	2613	949	6683	0	0	0	0	1776694916163
3091	2574	909	6685	0	0	0	0	1776694917613
3065	0	873	6592	0	0	0	0	1776694918820
3102	2608	895	6661	0	0	0	0	1776694920005
3119	2614	924	6695	0	0	0	0	1776694921129
3128	2615	924	6618	0	0	0	0	1776694922489
3080	2627	923	6643	0	0	0	0	1776694923897
3112	2584	904	6646	0	0	0	0	1776694925226
3125	2467	0	6652	0	0	0	0	1776694926665
3127	2527	925	0	0	0	0	0	1776694927915
3106	2622	926	6688	0	0	0	0	1776694929224
3114	2608	873	6538	0	0	0	0	1776694930554
3052	2471	888	6629	0	0	0	0	1776694932477
3115	2584	0	6681	0	0	0	0	1776694933549
3116	2614	899	6606	0	0	0	0	1776694934574
3120	2606	920	6650	0	0	0	0	1776694935653
3127	2607	904	6644	0	0	0	0	1776694936778
3060	2611	903	6686	0	0	0	0	1776694938260
3095	2608	894	6678	0	0	0	0	1776694939509
3110	2616	919	6702	0	0	0	0	1776694940818
3110	2586	932	6680	0	0	0	0	1776694942330
3108	0	924	6665	0	0	0	0	1776694943458
3118	2596	932	6695	0	0	0	0	1776694944537
3115	2580	927	6661	0	0	0	0	1776694946017
3074	2595	933	6693	0	0	0	0	1776694947348
3122	2604	930	6593	0	0	0	0	1776694948636
3099	2564	890	6635	0	0	0	0	1776694949982
3109	2466	902	0	0	0	0	0	1776694951196
3045	2518	908	6656	0	0	0	0	1776694952615
3083	2566	922	6700	0	0	0	0	1776694953779
3100	2547	913	6653	0	0	0	0	1776694955167
3084	2555	926	6538	0	0	0	0	1776694956506
3104	2470	0	6669	0	0	0	0	1776694957816
3036	2565	934	6666	0	0	0	0	1776694959000
3076	2583	899	6705	0	0	0	0	1776694960187
3097	2574	846	6642	0	0	0	0	1776694961560
3104	2547	885	6601	0	0	0	0	1776694963986
3110	2444	900	6659	0	0	0	0	1776694964819
3072	2500	903	6663	0	0	0	0	1776694965629
3107	0	900	6676	0	0	0	0	1776694966866
3103	2534	869	6712	0	0	0	0	1776694968199
3092	2616	882	6593	0	0	0	0	1776694969622
3103	2407	915	6669	0	0	0	0	1776694971040
3082	2468	910	0	0	0	0	0	1776694972521
3110	2503	901	6685	0	0	0	0	1776694973506
3082	2526	874	6637	0	0	0	0	1776694974666
3117	2563	896	6640	0	0	0	0	1776694975815
3096	2457	919	6657	0	0	0	0	1776694977209
3059	2499	913	6656	0	0	0	0	1776694978478
3085	2587	862	6689	0	0	0	0	1776694979991
3086	2588	0	6564	0	0	0	0	1776694981369
3122	2449	870	6635	0	0	0	0	1776694982418
3066	2505	911	6671	0	0	0	0	1776694985443
3069	2527	928	6669	0	0	0	0	1776694986080
3095	2545	916	6737	0	0	0	0	1776694986853
3053	2573	852	6671	0	0	0	0	1776694987652
3081	2436	895	6673	0	0	0	0	1776694989005
3088	2495	920	0	0	0	0	0	1776694990316
3097	2572	930	6557	0	0	0	0	1776694991665
3030	2404	926	6652	0	0	0	0	1776694993097
3063	2484	845	6612	0	0	0	0	1776694994301
3083	2525	865	6613	0	0	0	0	1776694995840
3099	0	913	6615	0	0	0	0	1776694996970
3108	2547	928	6630	0	0	0	0	1776694998044
3017	2547	872	6655	0	0	0	0	1776694999219
3055	2538	882	6666	0	0	0	0	1776695000538
3071	2448	899	6669	0	0	0	0	1776695001942
3077	2501	937	6681	0	0	0	0	1776695003215
3094	2535	911	6696	0	0	0	0	1776695004531
2995	2605	0	6668	0	0	0	0	1776695005879
3047	2558	918	6670	0	0	0	0	1776695007045
3065	2487	890	6672	0	0	0	0	1776695008282
3064	2510	903	6598	0	0	0	0	1776695009651
3080	2537	937	6612	0	0	0	0	1776695011093
3074	2591	926	6582	0	0	0	0	1776695012553
3051	0	876	6628	0	0	0	0	1776695013762
3046	2525	891	6587	0	0	0	0	1776695014989
3091	2458	916	6602	0	0	0	0	1776695016293
3028	2494	922	6613	0	0	0	0	1776695017591
3043	2528	879	6617	0	0	0	0	1776695019416
3069	2531	921	0	0	0	0	0	1776695020415
3064	2544	898	6636	0	0	0	0	1776695021547
3101	2559	908	6642	0	0	0	0	1776695022649
3034	2531	917	6668	0	0	0	0	1776695023788
3021	2547	930	6658	0	0	0	0	1776695025133
3052	2530	923	6497	0	0	0	0	1776695026583
3021	2535	926	6570	0	0	0	0	1776695027961
3056	2557	935	6623	0	0	0	0	1776695029349
3062	2408	0	6629	0	0	0	0	1776695030401
3066	2527	890	6597	0	0	0	0	1776695031889
3066	2405	898	6537	0	0	0	0	1776695033107
3041	2469	883	6579	0	0	0	0	1776695034451
3074	2496	890	6596	0	0	0	0	1776695035799
3081	2524	920	0	0	0	0	0	1776695037109
3083	0	834	6609	0	0	0	0	1776695038383
2984	2525	885	6590	0	0	0	0	1776695039878
3022	2471	892	0	0	0	0	0	1776695041352
3019	0	894	6671	0	0	0	0	1776695042541
3074	2508	894	0	0	0	0	0	1776695043707
3035	2576	897	6679	0	0	0	0	1776695044833
3051	2536	916	6623	0	0	0	0	1776695045965
3055	2544	940	6555	0	0	0	0	1776695047027
3010	2544	909	6586	0	0	0	0	1776695048316
3039	2557	857	6677	0	0	0	0	1776695049811
3051	2534	861	6700	0	0	0	0	1776695051102
3066	2526	901	6631	0	0	0	0	1776695052474
3035	2537	0	6652	0	0	0	0	1776695053878
3037	2367	902	6664	0	0	0	0	1776695055121
3066	2431	911	6675	0	0	0	0	1776695056508
3060	2469	814	6666	0	0	0	0	1776695057779
3059	2489	870	6558	0	0	0	0	1776695059192
3046	2388	911	0	0	0	0	0	1776695060626
3033	2436	897	6604	0	0	0	0	1776695061978
3065	0	850	6625	0	0	0	0	1776695063210
3046	2467	876	6640	0	0	0	0	1776695064573
3082	2555	906	6618	0	0	0	0	1776695065870
3031	2377	934	0	0	0	0	0	1776695067154
3061	2436	912	6624	0	0	0	0	1776695068346
3019	2546	850	6589	0	0	0	0	1776695069390
3052	2518	869	6614	0	0	0	0	1776695070496
3035	2532	898	6617	0	0	0	0	1776695071726
3039	2533	935	6568	0	0	0	0	1776695073092
3029	2362	840	6660	0	0	0	0	1776695074490
3066	2478	850	6653	0	0	0	0	1776695075964
3048	2494	0	6656	0	0	0	0	1776695077219
3057	0	913	6599	0	0	0	0	1776695079750
3035	2513	924	6571	0	0	0	0	1776695081600
3054	2531	903	6645	0	0	0	0	1776695082278
2998	2496	912	6655	0	0	0	0	1776695083382
3045	2511	0	6639	0	0	0	0	1776695085894
3014	2502	906	6647	0	0	0	0	1776695087661
3035	2576	929	6498	0	0	0	0	1776695088454
3060	2388	894	6601	0	0	0	0	1776695089134
2993	2434	865	6626	0	0	0	0	1776695089836
3031	2467	876	0	0	0	0	0	1776695091962
3049	2478	892	6600	0	0	0	0	1776695094083
3064	2499	921	6566	0	0	0	0	1776695096729
3067	2404	926	6593	0	0	0	0	1776695098842
2972	2498	876	6591	0	0	0	0	1776695100748
3025	2512	888	6624	0	0	0	0	1776695101464
3030	2449	914	6612	0	0	0	0	1776695102328
3038	2388	931	6542	0	0	0	0	1776695107089
3053	2445	868	6598	0	0	0	0	1776695107753
3046	0	907	6646	0	0	0	0	1776695108437
3049	2491	0	6577	0	0	0	0	1776695109268
3024	2458	863	6624	0	0	0	0	1776695109653
3056	2491	886	6630	0	0	0	0	1776695110189
3003	0	903	6679	0	0	0	0	1776695110712
3030	2515	911	6642	0	0	0	0	1776695111211
2986	2507	890	6645	0	0	0	0	1776695111724
3017	2494	886	0	0	0	0	0	1776695112237
3036	2499	912	6660	0	0	0	0	1776695112702
3026	0	912	6597	0	0	0	0	1776695113994
3031	2519	907	6632	0	0	0	0	1776695115088
2995	2505	860	6655	0	0	0	0	1776695116237
3018	2512	886	6661	0	0	0	0	1776695117381
3030	2478	911	6570	0	0	0	0	1776695118503
3032	2402	880	6538	0	0	0	0	1776695119832
3041	2494	892	6615	0	0	0	0	1776695121151
3031	2404	891	6652	0	0	0	0	1776695122681
3041	2446	895	0	0	0	0	0	1776695124088
3008	2451	900	6673	0	0	0	0	1776695125254
3063	2480	896	6623	0	0	0	0	1776695126582
3022	2494	914	6579	0	0	0	0	1776695128217
3003	2506	934	6634	0	0	0	0	1776695129439
3024	2367	927	6640	0	0	0	0	1776695130646
3019	0	894	6610	0	0	0	0	1776695131898
3061	2401	894	6612	0	0	0	0	1776695133239
3026	2444	925	6615	0	0	0	0	1776695134600
3006	2516	899	6679	0	0	0	0	1776695135888
3038	2387	861	6615	0	0	0	0	1776695137405
