1657	3239	1172	1559	0	0	0	0	1775584520846
1681	3247	1099	1565	0	0	0	0	1775584522158
1685	3215	1029	1588	0	0	0	0	1775584523668
1656	0	1080	1615	0	0	0	0	1775584525044
1661	3152	0	1465	0	0	0	0	1775584526280
1654	3190	1099	1495	0	0	0	0	1775584527662
1694	3044	1068	1503	0	0	0	0	1775584529036
1652	0	1074	1604	0	0	0	0	1775584530526
1666	3106	1029	1545	0	0	0	0	1775584531803
1643	3159	1086	0	0	0	0	0	1775584533235
1632	3070	1059	1527	0	0	0	0	1775584534520
1675	3099	1059	1545	0	0	0	0	1775584535798
1632	0	1083	1456	0	0	0	0	1775584537287
1665	3195	1088	1559	0	0	0	0	1775584538355
1625	3122	1108	1533	0	0	0	0	1775584539483
1648	3132	1079	1544	0	0	0	0	1775584540663
1631	3068	1096	1559	0	0	0	0	1775584541735
1658	3092	1018	1571	0	0	0	0	1775584542817
1662	3121	1066	1543	0	0	0	0	1775584544174
1617	3143	1073	1548	0	0	0	0	1775584545681
1640	2966	1107	1553	0	0	0	0	1775584547165
1660	3057	1037	1572	0	0	0	0	1775584548620
1640	3101	1062	0	0	0	0	0	1775584549677
1664	3180	1098	1567	0	0	0	0	1775584551137
1596	3009	1095	1512	0	0	0	0	1775584552491
1624	3072	1031	1535	0	0	0	0	1775584553821
1644	3097	0	1555	0	0	0	0	1775584555073
1670	3124	1071	1548	0	0	0	0	1775584556482
1636	0	1091	1570	0	0	0	0	1775584557837
1643	3136	1113	1613	0	0	0	0	1775584559268
1609	3126	0	1479	0	0	0	0	1775584560633
1630	2986	1058	1500	0	0	0	0	1775584561722
1647	3036	1049	1507	0	0	0	0	1775584562829
1650	3145	1082	1593	0	0	0	0	1775584563909
1664	3156	1117	1541	0	0	0	0	1775584565065
1668	3106	1049	1463	0	0	0	0	1775584566366
1631	3015	1065	1504	0	0	0	0	1775584567745
1658	3077	1084	1566	0	0	0	0	1775584568970
1619	3164	1096	1574	0	0	0	0	1775584570306
1645	3165	1082	0	0	0	0	0	1775584571795
1662	3034	1093	1544	0	0	0	0	1775584573022
1620	3076	1030	1502	0	0	0	0	1775584574458
1653	3094	1067	1532	0	0	0	0	1775584575820
1642	0	1093	1552	0	0	0	0	1775584577084
1647	3069	1097	0	0	0	0	0	1775584578451
1653	3101	1063	1459	0	0	0	0	1775584579747
1660	3129	1051	1507	0	0	0	0	1775584581203
1613	3124	0	1528	0	0	0	0	1775584582615
1640	0	1105	1578	0	0	0	0	1775584583950
1639	3105	0	1538	0	0	0	0	1775584585278
1639	2959	1020	1554	0	0	0	0	1775584586300
1666	3022	1022	1565	0	0	0	0	1775584587358
1614	3062	1088	1606	0	0	0	0	1775584588516
1640	3075	1016	1567	0	0	0	0	1775584589990
1656	3089	1076	1574	0	0	0	0	1775584591047
1611	3098	1079	1577	0	0	0	0	1775584592471
1630	3108	1043	1577	0	0	0	0	1775584593811
1619	0	1051	1533	0	0	0	0	1775584595140
1656	3128	0	1557	0	0	0	0	1775584596473
1641	3072	1046	0	0	0	0	0	1775584597770
1630	2959	1079	1562	0	0	0	0	1775584599277
1654	0	1022	1522	0	0	0	0	1775584600776
1613	3085	0	1590	0	0	0	0	1775584601787
1637	3091	1050	1562	0	0	0	0	1775584603176
1635	3081	1112	0	0	0	0	0	1775584604458
1641	3022	0	1564	0	0	0	0	1775584605793
1645	3045	1024	1492	0	0	0	0	1775584607226
1644	3057	1080	0	0	0	0	0	1775584608398
1618	3079	1019	1529	0	0	0	0	1775584609524
1633	3056	1070	1536	0	0	0	0	1775584610605
1657	3084	1007	1555	0	0	0	0	1775584611728
1585	3075	1060	1570	0	0	0	0	1775584612987
1613	3076	1084	1582	0	0	0	0	1775584614289
1620	3058	1059	1529	0	0	0	0	1775584615648
1642	3073	1037	1545	0	0	0	0	1775584616997
1646	3001	1064	1452	0	0	0	0	1775584618487
1644	0	1075	1553	0	0	0	0	1775584619559
1638	3035	1078	1533	0	0	0	0	1775584621093
1605	3068	1093	1551	0	0	0	0	1775584622485
1648	3077	1097	1560	0	0	0	0	1775584623753
1639	3065	0	1561	0	0	0	0	1775584625044
1642	2998	1044	0	0	0	0	0	1775584626478
1598	3029	0	1561	0	0	0	0	1775584627832
1620	3119	1065	1438	0	0	0	0	1775584629281
1643	3082	1099	1498	0	0	0	0	1775584630534
1632	3091	971	0	0	0	0	0	1775584631789
1655	2917	1010	1535	0	0	0	0	1775584632851
1590	2979	1056	1597	0	0	0	0	1775584633949
1619	3033	1074	1472	0	0	0	0	1775584635102
1633	3075	1044	1505	0	0	0	0	1775584636453
1625	3077	1072	1512	0	0	0	0	1775584637638
1658	3086	1075	1609	0	0	0	0	1775584639137
1634	3060	1104	1547	0	0	0	0	1775584640531
1656	0	1017	1545	0	0	0	0	1775584641732
1601	3078	1078	1539	0	0	0	0	1775584643005
1626	3044	1030	1589	0	0	0	0	1775584644295
1637	2908	1063	1597	0	0	0	0	1775584645650
1640	2979	1090	1538	0	0	0	0	1775584647003
1646	3048	1026	0	0	0	0	0	1775584648416
1618	3076	0	1515	0	0	0	0	1775584649718
1629	2923	1035	1552	0	0	0	0	1775584651079
1641	2968	1053	1567	0	0	0	0	1775584652368
1632	3015	1082	1449	0	0	0	0	1775584653815
1596	3079	1083	0	0	0	0	0	1775584655149
1623	3089	1029	1513	0	0	0	0	1775584656272
1628	2961	1028	1537	0	0	0	0	1775584657345
1621	3004	1058	1584	0	0	0	0	1775584658524
1645	3084	1087	1526	0	0	0	0	1775584659653
1626	3032	1126	1548	0	0	0	0	1775584661151
1631	3069	1016	1556	0	0	0	0	1775584662522
1641	2971	1016	1564	0	0	0	0	1775584663747
1632	0	1054	1532	0	0	0	0	1775584665082
1635	3002	1085	1562	0	0	0	0	1775584666237
1598	3087	1020	1566	0	0	0	0	1775584667459
1620	3032	1029	1575	0	0	0	0	1775584668897
1620	2952	1095	1613	0	0	0	0	1775584670331
1646	3003	0	1590	0	0	0	0	1775584671774
1603	3042	1002	1544	0	0	0	0	1775584672889
1619	3053	1057	1496	0	0	0	0	1775584674295
1629	3034	971	1580	0	0	0	0	1775584675569
1579	3074	1036	1542	0	0	0	0	1775584677060
1627	3065	1038	0	0	0	0	0	1775584678339
1618	3048	1081	1545	0	0	0	0	1775584679620
1643	3032	1116	1530	0	0	0	0	1775584680607
1620	2903	982	1574	0	0	0	0	1775584681770
1595	2953	1018	1606	0	0	0	0	1775584683105
1626	3010	1047	1433	0	0	0	0	1775584684403
1636	3097	1073	1492	0	0	0	0	1775584685812
1623	0	1088	1526	0	0	0	0	1775584687325
1629	3041	991	1545	0	0	0	0	1775584688426
1591	2894	1057	1583	0	0	0	0	1775584689516
1621	2958	1085	1428	0	0	0	0	1775584690932
1608	2994	1031	1489	0	0	0	0	1775584692288
1638	3017	1041	1498	0	0	0	0	1775584693595
1635	3033	1010	1582	0	0	0	0	1775584695008
1624	3040	1048	0	0	0	0	0	1775584696240
1610	3041	1065	1499	0	0	0	0	1775584697668
1613	3042	1075	1529	0	0	0	0	1775584699020
1648	3050	988	1538	0	0	0	0	1775584700332
1602	3055	1041	1491	0	0	0	0	1775584701670
1635	3055	0	1586	0	0	0	0	1775584702910
1620	3043	1051	1569	0	0	0	0	1775584704126
1615	3016	982	1447	0	0	0	0	1775584705352
1650	3040	1037	1477	0	0	0	0	1775584706758
1618	3053	1040	1522	0	0	0	0	1775584708278
1632	0	1069	1546	0	0	0	0	1775584709794
1605	3047	1078	1555	0	0	0	0	1775584710797
1620	2908	1032	1530	0	0	0	0	1775584711876
1631	2936	1047	1493	0	0	0	0	1775584712947
1615	3036	1037	1540	0	0	0	0	1775584716006
1626	3000	1079	1595	0	0	0	0	1775584716429
1573	2889	1019	1454	0	0	0	0	1775584717099
1608	3027	1064	1494	0	0	0	0	1775584718474
1603	3023	1030	0	0	0	0	0	1775584719703
1612	3033	1066	1503	0	0	0	0	1775584720856
1628	3006	1103	1554	0	0	0	0	1775584722217
1572	3021	1009	1614	0	0	0	0	1775584723517
1599	3042	1023	1449	0	0	0	0	1775584725015
1615	3021	0	1481	0	0	0	0	1775584726362
1621	2991	1046	1487	0	0	0	0	1775584727541
1611	2998	1075	1581	0	0	0	0	1775584728873
1629	3008	1067	1564	0	0	0	0	1775584730168
1632	3028	1085	1456	0	0	0	0	1775584731505
1590	2980	1022	1528	0	0	0	0	1775584732893
1599	0	1037	1401	0	0	0	0	1775584734264
1614	2987	1076	1538	0	0	0	0	1775584735268
1622	2912	1086	1550	0	0	0	0	1775584736451
1591	3033	983	1420	0	0	0	0	1775584737781
1614	3039	1038	1476	0	0	0	0	1775584739182
1625	3021	1060	1517	0	0	0	0	1775584740444
1597	2908	1087	1588	0	0	0	0	1775584741877
1619	2967	1017	0	0	0	0	0	1775584743007
1612	2986	1020	1531	0	0	0	0	1775584744174
1629	3019	1020	1429	0	0	0	0	1775584745612
1603	3049	1058	1480	0	0	0	0	1775584747759
1625	2940	1087	1504	0	0	0	0	1775584748431
1610	2856	0	1548	0	0	0	0	1775584749686
1622	2995	1024	1557	0	0	0	0	1775584750853
1622	3007	1001	1531	0	0	0	0	1775584752220
1592	3006	1044	1550	0	0	0	0	1775584753548
1635	2833	1074	1467	0	0	0	0	1775584754846
1612	0	1044	1533	0	0	0	0	1775584756317
1620	2906	1067	1536	0	0	0	0	1775584757489
1590	2955	1040	1536	0	0	0	0	1775584758595
1600	2994	1048	1544	0	0	0	0	1775584759901
1635	2979	1064	1555	0	0	0	0	1775584761094
1597	2861	1065	1573	0	0	0	0	1775584762588
1597	2920	1083	1452	0	0	0	0	1775584764043
1609	2940	1032	0	0	0	0	0	1775584765326
1609	2985	1044	1506	0	0	0	0	1775584766606
1637	2989	1070	1532	0	0	0	0	1775584767913
1610	2968	1046	1527	0	0	0	0	1775584769219
1585	2981	1073	1560	0	0	0	0	1775584770596
1600	2998	0	1468	0	0	0	0	1775584771985
1617	2995	1046	1486	0	0	0	0	1775584773155
1566	2846	1051	1552	0	0	0	0	1775584774237
1602	2904	1073	1553	0	0	0	0	1775584775466
1610	2998	1077	1563	0	0	0	0	1775584776888
1554	2851	1030	1468	0	0	0	0	1775584778325
1589	2913	1035	1510	0	0	0	0	1775584779562
1594	0	1069	1554	0	0	0	0	1775584780926
1638	2943	1098	1566	0	0	0	0	1775584782019
1569	2971	953	1484	0	0	0	0	1775584783147
1582	2962	1022	1520	0	0	0	0	1775584784651
1610	2986	1035	1536	0	0	0	0	1775584786009
1560	2841	1068	1591	0	0	0	0	1775584787241
1599	2881	1044	1555	0	0	0	0	1775584788575
1584	2930	1048	0	0	0	0	0	1775584789801
1588	3008	1055	1475	0	0	0	0	1775584790976
1618	3009	1074	1517	0	0	0	0	1775584792463
1586	2836	1061	1586	0	0	0	0	1775584793885
1605	2880	1078	1577	0	0	0	0	1775584795193
1591	2995	0	1452	0	0	0	0	1775584796401
1607	2959	965	1489	0	0	0	0	1775584797571
1614	2847	1034	1512	0	0	0	0	1775584799017
1589	2910	1062	1512	0	0	0	0	1775584800293
1628	2933	1080	1530	0	0	0	0	1775584801567
1594	2950	971	1517	0	0	0	0	1775584803007
1591	0	1008	1540	0	0	0	0	1775584804209
1600	2952	1069	1550	0	0	0	0	1775584805332
1617	2982	1063	1558	0	0	0	0	1775584806492
1594	2984	1014	1509	0	0	0	0	1775584807862
1616	2781	1038	1503	0	0	0	0	1775584809184
1604	2936	1050	1545	0	0	0	0	1775584810480
1605	2951	1055	1584	0	0	0	0	1775584811914
1611	2852	1060	0	0	0	0	0	1775584813134
1573	2902	1006	1412	0	0	0	0	1775584814474
1605	2909	1036	1464	0	0	0	0	1775584815840
1620	2955	1047	1484	0	0	0	0	1775584817174
1585	2924	1077	1528	0	0	0	0	1775584818496
