6761	6397	889	12715	0	0	0	0	1782857182564
6657	6384	891	12711	0	0	0	0	1782857184016
6668	6352	925	12567	0	0	0	0	1782857185250
6902	6471	930	0	0	0	0	0	1782857187020
6838	6513	943	13193	0	0	0	0	1782857188028
6629	6527	963	12578	0	0	0	0	1782857189020
6811	6373	950	12758	0	0	0	0	1782857190028
6584	6601	925	12595	0	0	0	0	1782857191061
6901	6563	941	13088	0	0	0	0	1782857192028
6780	6426	932	12940	0	0	0	0	1782857193042
6777	6561	931	12625	0	0	0	0	1782857194041
6617	6538	970	13084	0	0	0	0	1782857195037
6818	6648	928	12620	0	0	0	0	1782857196041
6843	6464	967	12892	0	0	0	0	1782857197036
6878	6581	950	12789	0	0	0	0	1782857198036
6763	6420	937	12628	0	0	0	0	1782857199036
6767	6616	954	12692	0	0	0	0	1782857200045
6612	6463	946	13054	0	0	0	0	1782857201036
6811	6596	955	13010	0	0	0	0	1782857202044
6631	6646	939	12949	0	0	0	0	1782857203045
6652	6391	962	13067	0	0	0	0	1782857204039
6776	6399	953	13007	0	0	0	0	1782857205036
6785	6506	959	13013	0	0	0	0	1782857206036
6631	6368	934	12756	0	0	0	0	1782857207036
6691	6648	936	12940	0	0	0	0	1782857208045
6655	6564	955	12709	0	0	0	0	1782857209084
6728	6457	940	12716	0	0	0	0	1782857210041
6714	6450	942	12749	0	0	0	0	1782857211036
6619	6470	938	12614	0	0	0	0	1782857212044
6787	6406	929	12763	0	0	0	0	1782857213036
6874	6417	929	13171	0	0	0	0	1782857214035
6707	6539	940	13046	0	0	0	0	1782857215058
6743	6389	929	13107	0	0	0	0	1782857216052
6661	6590	955	12632	0	0	0	0	1782857217052
6744	6666	938	13027	0	0	0	0	1782857219321
6889	6362	938	12867	0	0	0	0	1782857220316
6616	6565	930	12584	0	0	0	0	1782857221317
6709	6568	926	12967	0	0	0	0	1782857222316
6779	6455	962	12950	0	0	0	0	1782857223317
6751	6515	954	12763	0	0	0	0	1782857224322
6645	6423	930	13090	0	0	0	0	1782857225324
6637	6525	950	13083	0	0	0	0	1782857226316
6860	6501	965	13112	0	0	0	0	1782857227324
6621	6637	967	13108	0	0	0	0	1782857228333
6777	6466	950	12701	0	0	0	0	1782857229340
6629	6454	966	12884	0	0	0	0	1782857230331
6667	6587	929	12771	0	0	0	0	1782857231340
6716	6436	952	13170	0	0	0	0	1782857232332
6885	6610	951	12664	0	0	0	0	1782857233339
6687	6594	933	13071	0	0	0	0	1782857234332
6659	6530	946	13050	0	0	0	0	1782857235341
6709	6548	955	12876	0	0	0	0	1782857236332
6664	6416	962	12571	0	0	0	0	1782857237340
6859	6625	953	12858	0	0	0	0	1782857238332
6851	6600	946	12709	0	0	0	0	1782857239340
6809	6562	946	13068	0	0	0	0	1782857240343
6845	6630	939	12922	0	0	0	0	1782857241341
6611	6508	935	12796	0	0	0	0	1782857242332
6621	6362	927	12915	0	0	0	0	1782857243340
6705	6594	969	12654	0	0	0	0	1782857244333
6860	6602	943	12595	0	0	0	0	1782857245340
6855	6463	936	12944	0	0	0	0	1782857246332
6898	6388	943	12609	0	0	0	0	1782857247339
6678	6646	953	12740	0	0	0	0	1782857248337
6839	6386	934	13063	0	0	0	0	1782857249335
6602	6422	948	13133	0	0	0	0	1782857250337
6714	6494	935	13060	0	0	0	0	1782857251340
6778	6646	933	12751	0	0	0	0	1782857252344
6718	6646	933	13060	0	0	0	0	1782857253339
6658	6575	927	13134	0	0	0	0	1782857254332
6616	6619	969	12598	0	0	0	0	1782857255340
6652	6560	953	13035	0	0	0	0	1782857256332
6666	6558	926	12685	0	0	0	0	1782857257336
6875	6610	938	12967	0	0	0	0	1782857258332
6851	6613	954	12871	0	0	0	0	1782857259340
6630	6581	957	12962	0	0	0	0	1782857260333
6813	6661	936	12871	0	0	0	0	1782857261339
6859	6506	970	13021	0	0	0	0	1782857262333
6581	6599	954	12797	0	0	0	0	1782857263341
6794	6420	945	12628	0	0	0	0	1782857264332
6727	6544	936	12921	0	0	0	0	1782857265332
6726	6522	954	13114	0	0	0	0	1782857266332
6727	6478	946	12868	0	0	0	0	1782857267341
6815	6516	930	12616	0	0	0	0	1782857268332
6617	6552	927	12995	0	0	0	0	1782857269340
6899	6558	934	13053	0	0	0	0	1782857270344
6722	6491	944	12870	0	0	0	0	1782857271340
6768	6462	937	12825	0	0	0	0	1782857272331
6877	6434	938	12793	0	0	0	0	1782857273341
6691	6596	930	12845	0	0	0	0	1782857274332
6671	6457	968	12711	0	0	0	0	1782857275334
6765	6492	930	13040	0	0	0	0	1782857276332
6795	6444	954	13018	0	0	0	0	1782857277340
6801	6640	925	12693	0	0	0	0	1782857278332
6686	6398	956	13100	0	0	0	0	1782857279339
6855	6611	939	12687	0	0	0	0	1782857280333
6588	6624	947	13085	0	0	0	0	1782857281340
6611	6526	958	13028	0	0	0	0	1782857282344
6858	6587	934	12567	0	0	0	0	1782857283333
6823	6353	935	12987	0	0	0	0	1782857284332
6610	6603	942	12924	0	0	0	0	1782857285340
6717	6464	930	13182	0	0	0	0	1782857286332
6818	6413	957	12576	0	0	0	0	1782857287334
6774	6518	956	13056	0	0	0	0	1782857288332
6852	6382	967	13093	0	0	0	0	1782857289341
6718	6562	969	12584	0	0	0	0	1782857290338
6624	6614	944	13180	0	0	0	0	1782857291340
6805	6586	958	12580	0	0	0	0	1782857292331
6782	6567	969	13095	0	0	0	0	1782857293339
6727	6619	945	13184	0	0	0	0	1782857294338
6852	6449	963	12889	0	0	0	0	1782857295339
6765	6588	952	12936	0	0	0	0	1782857296338
6838	6584	934	12911	0	0	0	0	1782857297340
6874	6563	945	12657	0	0	0	0	1782857298332
6889	6506	955	13111	0	0	0	0	1782857299339
6815	6650	944	12732	0	0	0	0	1782857300332
6631	6531	925	13048	0	0	0	0	1782857301340
6808	6632	970	13181	0	0	0	0	1782857302332
6895	6445	968	13000	0	0	0	0	1782857303341
6764	6482	927	12926	0	0	0	0	1782857304346
6673	6427	939	12630	0	0	0	0	1782857305337
6841	6508	935	12622	0	0	0	0	1782857306332
6782	6372	956	12864	0	0	0	0	1782857307339
6790	6441	965	12587	0	0	0	0	1782857308334
6638	6597	961	12701	0	0	0	0	1782857309332
6767	6501	966	13148	0	0	0	0	1782857310332
6736	6363	954	12668	0	0	0	0	1782857311340
6740	6652	948	12823	0	0	0	0	1782857312331
6894	6399	932	12620	0	0	0	0	1782857313337
6834	6583	967	13160	0	0	0	0	1782857314333
6654	6458	933	12822	0	0	0	0	1782857315340
6857	6533	947	12996	0	0	0	0	1782857316350
6866	6487	951	12770	0	0	0	0	1782857317348
6668	6434	963	12991	0	0	0	0	1782857318348
6897	6385	943	12678	0	0	0	0	1782857319356
6620	6605	968	12651	0	0	0	0	1782857320349
6700	6377	939	13134	0	0	0	0	1782857321356
6670	6497	963	12778	0	0	0	0	1782857322363
6673	6452	934	13026	0	0	0	0	1782857323372
6712	6434	960	12640	0	0	0	0	1782857324365
6603	6432	964	12931	0	0	0	0	1782857325372
6736	6358	948	12959	0	0	0	0	1782857326363
6665	6603	958	13177	0	0	0	0	1782857327372
6589	6605	929	12997	0	0	0	0	1782857328365
6779	6462	937	12711	0	0	0	0	1782857329372
6715	6399	932	12949	0	0	0	0	1782857330365
6624	6646	957	12655	0	0	0	0	1782857331370
6900	6413	926	12646	0	0	0	0	1782857332364
6594	6402	950	12919	0	0	0	0	1782857333372
6730	6410	949	13123	0	0	0	0	1782857334365
6880	6411	944	13119	0	0	0	0	1782857335369
6598	6522	965	12681	0	0	0	0	1782857336364
6683	6458	952	13023	0	0	0	0	1782857337372
6843	6645	948	12861	0	0	0	0	1782857338369
6794	6374	938	12766	0	0	0	0	1782857339373
6580	6459	958	12599	0	0	0	0	1782857340364
6870	6474	943	12866	0	0	0	0	1782857341372
6666	6364	950	13156	0	0	0	0	1782857342364
6590	6464	937	12701	0	0	0	0	1782857343368
6823	6550	938	12681	0	0	0	0	1782857344370
6893	6513	956	12888	0	0	0	0	1782857345372
6822	6477	955	12893	0	0	0	0	1782857346364
6631	6458	950	12702	0	0	0	0	1782857347372
6712	6567	945	12827	0	0	0	0	1782857348377
6656	6545	936	12785	0	0	0	0	1782857349371
6752	6483	960	12777	0	0	0	0	1782857350364
6756	6603	939	13149	0	0	0	0	1782857351365
6776	6603	932	12606	0	0	0	0	1782857352364
6720	6477	956	12771	0	0	0	0	1782857353364
6611	6614	932	12913	0	0	0	0	1782857354364
6904	6510	926	12832	0	0	0	0	1782857355372
6776	6541	951	13189	0	0	0	0	1782857356379
6726	6622	931	12972	0	0	0	0	1782857357379
6733	6356	931	12967	0	0	0	0	1782857358379
6842	6493	937	12943	0	0	0	0	1782857359388
6690	6487	944	12635	0	0	0	0	1782857360380
6668	6427	970	13023	0	0	0	0	1782857361379
6754	6430	958	12950	0	0	0	0	1782857362380
6819	6530	968	12776	0	0	0	0	1782857363387
6901	6656	940	13145	0	0	0	0	1782857364379
6690	6531	932	13086	0	0	0	0	1782857365378
6873	6643	929	12981	0	0	0	0	1782857366397
6878	6422	931	12618	0	0	0	0	1782857367401
6756	6365	965	12877	0	0	0	0	1782857368396
6826	6459	937	12794	0	0	0	0	1782857369404
6611	6604	950	13148	0	0	0	0	1782857370395
6843	6495	944	13065	0	0	0	0	1782857371394
6686	6409	925	13124	0	0	0	0	1782857372396
6691	6442	954	12960	0	0	0	0	1782857373404
6642	6426	965	12820	0	0	0	0	1782857374418
6746	6417	967	12591	0	0	0	0	1782857375410
6702	6403	943	12935	0	0	0	0	1782857376412
6801	6379	967	12708	0	0	0	0	1782857377421
6751	6523	950	12734	0	0	0	0	1782857378413
6661	6451	968	12855	0	0	0	0	1782857379425
6580	6439	946	12638	0	0	0	0	1782857380426
6850	6628	936	12821	0	0	0	0	1782857381425
6818	6495	965	13048	0	0	0	0	1782857382429
6893	6380	932	12754	0	0	0	0	1782857383443
6745	6494	942	12859	0	0	0	0	1782857384466
6769	6530	950	12822	0	0	0	0	1782857385457
6717	6595	964	12981	0	0	0	0	1782857386461
6795	6502	951	12732	0	0	0	0	1782857387474
6630	6606	951	13018	0	0	0	0	1782857388476
6710	6552	968	12666	0	0	0	0	1782857389490
6896	6412	951	12572	0	0	0	0	1782857390493
6632	6468	963	12834	0	0	0	0	1782857391490
6668	6533	954	12749	0	0	0	0	1782857392491
6722	6645	961	13184	0	0	0	0	1782857393500
6805	6570	944	13169	0	0	0	0	1782857394492
6660	6424	958	12753	0	0	0	0	1782857395506
6716	6410	959	12909	0	0	0	0	1782857396508
6743	6450	940	13110	0	0	0	0	1782857397522
6724	6580	938	12749	0	0	0	0	1782857398521
6761	6659	931	12663	0	0	0	0	1782857399534
6839	6425	930	12710	0	0	0	0	1782857400525
6597	6596	950	12645	0	0	0	0	1782857401538
6616	6469	966	12625	0	0	0	0	1782857402543
6865	6367	929	13153	0	0	0	0	1782857403554
6614	6626	966	12842	0	0	0	0	1782857404553
6646	6433	970	13058	0	0	0	0	1782857405565
6903	6488	962	12762	0	0	0	0	1782857406556
6747	6489	935	13098	0	0	0	0	1782857407554
6835	6429	953	12894	0	0	0	0	1782857408556
6833	6564	956	12786	0	0	0	0	1782857409570
6828	6402	947	13013	0	0	0	0	1782857410573
6584	6471	926	13190	0	0	0	0	1782857411586
6685	6564	969	12994	0	0	0	0	1782857412589
6617	6466	960	12954	0	0	0	0	1782857413601
6712	6585	942	12652	0	0	0	0	1782857414599
6819	6384	968	12655	0	0	0	0	1782857415618
6654	6611	927	12940	0	0	0	0	1782857416620
6735	6467	929	12622	0	0	0	0	1782857417634
6836	6639	949	12974	0	0	0	0	1782857418637
6875	6379	931	12856	0	0	0	0	1782857419632
6728	6611	948	12805	0	0	0	0	1782857420636
6739	6387	931	12717	0	0	0	0	1782857421649
6808	6608	958	13134	0	0	0	0	1782857422649
6795	6593	929	12981	0	0	0	0	1782857423666
6683	6643	946	12649	0	0	0	0	1782857424661
6830	6530	935	13158	0	0	0	0	1782857425660
6781	6385	930	13080	0	0	0	0	1782857426667
6642	6594	957	12832	0	0	0	0	1782857427661
6799	6643	927	12614	0	0	0	0	1782857428662
6641	6409	938	12956	0	0	0	0	1782857429660
6853	6418	956	13157	0	0	0	0	1782857430668
6698	6404	927	12869	0	0	0	0	1782857431660
6679	6602	956	13080	0	0	0	0	1782857432668
6870	6485	935	13170	0	0	0	0	1782857433679
6705	6354	964	12762	0	0	0	0	1782857434682
6667	6374	970	13050	0	0	0	0	1782857435676
6587	6573	943	12653	0	0	0	0	1782857436684
6885	6614	939	13126	0	0	0	0	1782857437676
6641	6430	967	12972	0	0	0	0	1782857438683
6760	6510	951	12763	0	0	0	0	1782857439677
6724	6408	956	12718	0	0	0	0	1782857440684
6783	6401	933	12973	0	0	0	0	1782857441697
6903	6432	960	12869	0	0	0	0	1782857442704
6601	6465	948	12693	0	0	0	0	1782857443705
6827	6524	944	12575	0	0	0	0	1782857444700
6798	6627	968	12632	0	0	0	0	1782857445693
6612	6635	935	12948	0	0	0	0	1782857446700
6734	6363	925	12986	0	0	0	0	1782857447714
6761	6419	938	12899	0	0	0	0	1782857448720
6738	6456	947	12875	0	0	0	0	1782857449709
6816	6545	944	12996	0	0	0	0	1782857450716
6689	6406	960	13114	0	0	0	0	1782857451708
6903	6655	946	12596	0	0	0	0	1782857452722
6636	6378	935	13089	0	0	0	0	1782857453724
6580	6427	934	12761	0	0	0	0	1782857454732
6611	6585	941	12778	0	0	0	0	1782857455724
6895	6480	942	13010	0	0	0	0	1782857456733
6782	6450	962	12618	0	0	0	0	1782857457746
6826	6391	930	12676	0	0	0	0	1782857458748
6636	6438	951	12808	0	0	0	0	1782857459739
6752	6501	940	12824	0	0	0	0	1782857460749
6600	6455	963	12698	0	0	0	0	1782857461741
6747	6591	949	13054	0	0	0	0	1782857462738
6887	6557	967	13144	0	0	0	0	1782857463740
6764	6562	925	13183	0	0	0	0	1782857464753
6779	6607	964	13187	0	0	0	0	1782857465741
6792	6459	955	13037	0	0	0	0	1782857466749
6779	6429	959	12888	0	0	0	0	1782857467739
6733	6668	956	13009	0	0	0	0	1782857468751
6609	6398	929	12610	0	0	0	0	1782857469741
6688	6570	961	12928	0	0	0	0	1782857470748
6659	6431	968	13084	0	0	0	0	1782857471739
6626	6441	926	12971	0	0	0	0	1782857472754
6866	6654	935	12940	0	0	0	0	1782857473757
6823	6611	938	13146	0	0	0	0	1782857474770
6582	6384	940	13157	0	0	0	0	1782857475771
6902	6534	950	12910	0	0	0	0	1782857476770
6591	6441	969	12670	0	0	0	0	1782857477773
6692	6527	954	12674	0	0	0	0	1782857478780
6806	6665	926	13137	0	0	0	0	1782857479771
6897	6650	931	12670	0	0	0	0	1782857480770
6698	6545	950	12917	0	0	0	0	1782857481770
6865	6512	945	13039	0	0	0	0	1782857482769
6731	6414	959	13008	0	0	0	0	1782857483772
6756	6637	965	12957	0	0	0	0	1782857484770
6651	6573	925	13118	0	0	0	0	1782857485773
6782	6383	950	12701	0	0	0	0	1782857486784
6872	6392	925	12872	0	0	0	0	1782857487772
6840	6378	944	13139	0	0	0	0	1782857488770
6795	6453	957	13186	0	0	0	0	1782857489787
6821	6387	954	12577	0	0	0	0	1782857490786
6844	6539	970	13037	0	0	0	0	1782857491788
6670	6601	941	13182	0	0	0	0	1782857492802
6740	6638	947	13041	0	0	0	0	1782857493804
6582	6465	945	12949	0	0	0	0	1782857494802
6841	6550	944	12992	0	0	0	0	1782857495802
6663	6636	963	13179	0	0	0	0	1782857496818
6902	6378	951	12774	0	0	0	0	1782857497820
6691	6467	934	12588	0	0	0	0	1782857498834
6712	6399	943	12575	0	0	0	0	1782857499857
6620	6374	929	12814	0	0	0	0	1782857500866
6690	6469	965	12844	0	0	0	0	1782857501869
6597	6472	943	12621	0	0	0	0	1782857502882
6578	6516	956	12826	0	0	0	0	1782857503884
6702	6626	944	13073	0	0	0	0	1782857504887
6642	6540	940	13169	0	0	0	0	1782857505882
6764	6503	969	13095	0	0	0	0	1782857506880
6632	6375	936	12830	0	0	0	0	1782857507880
6742	6461	961	12677	0	0	0	0	1782857508898
6870	6359	956	12810	0	0	0	0	1782857509895
6833	6494	967	13077	0	0	0	0	1782857510914
