4198	4549	1831	5785	0	0	0	0	1773092090558
4161	4492	1810	5357	0	0	0	0	1773092092086
4137	4555	1812	5422	0	0	0	0	1773092093516
4084	4326	0	5431	0	0	0	0	1773092094719
4078	4380	1700	5488	0	0	0	0	1773092096178
4116	4421	1740	5501	0	0	0	0	1773092097585
4037	4455	1762	5492	0	0	0	0	1773092098943
4084	4431	1783	5516	0	0	0	0	1773092100174
4101	0	1666	5516	0	0	0	0	1773092101537
4102	4317	1724	5464	0	0	0	0	1773092102942
4082	4352	1671	5527	0	0	0	0	1773092104372
4077	4456	1775	5333	0	0	0	0	1773092105768
4104	4392	1653	0	0	0	0	0	1773092106964
4075	4330	1709	5409	0	0	0	0	1773092108056
4090	4395	1681	5448	0	0	0	0	1773092109210
4062	4414	1736	5500	0	0	0	0	1773092110318
4049	4436	1746	5429	0	0	0	0	1773092111466
4073	4331	1765	5465	0	0	0	0	1773092112873
4052	4396	1636	5471	0	0	0	0	1773092114101
4102	4391	1711	5390	0	0	0	0	1773092115497
4053	4404	1750	5464	0	0	0	0	1773092116763
4066	4406	1750	0	0	0	0	0	1773092118263
4043	4395	1744	5481	0	0	0	0	1773092119695
4054	4224	1747	5510	0	0	0	0	1773092121061
4099	4273	1771	5521	0	0	0	0	1773092122330
4043	4372	0	5330	0	0	0	0	1773092123723
4079	4267	1784	5440	0	0	0	0	1773092125123
4032	4290	1730	5450	0	0	0	0	1773092126359
4058	4327	1612	5496	0	0	0	0	1773092127724
4036	4330	1667	5501	0	0	0	0	1773092129255
4083	0	1735	5488	0	0	0	0	1773092130412
3988	4360	1751	5561	0	0	0	0	1773092131538
4033	4293	1752	5336	0	0	0	0	1773092132606
4056	4354	1605	5395	0	0	0	0	1773092133694
4031	4217	1679	5480	0	0	0	0	1773092134851
4078	4262	1731	5479	0	0	0	0	1773092136144
4036	4362	1738	5555	0	0	0	0	1773092137578
4033	4357	1636	5279	0	0	0	0	1773092138955
4057	4369	1694	5374	0	0	0	0	1773092140308
4054	4319	1730	0	0	0	0	0	1773092141514
4076	4328	1749	5431	0	0	0	0	1773092142950
4042	4364	1626	5500	0	0	0	0	1773092144442
4058	4350	1681	5467	0	0	0	0	1773092145814
4010	4306	0	5510	0	0	0	0	1773092147008
4063	0	1739	5523	0	0	0	0	1773092148378
4021	4252	1748	5508	0	0	0	0	1773092149735
4026	4344	1637	5575	0	0	0	0	1773092151038
4044	4323	1608	5497	0	0	0	0	1773092152470
4043	4335	0	5354	0	0	0	0	1773092153664
4087	4179	1658	5395	0	0	0	0	1773092154756
4027	4232	1719	5439	0	0	0	0	1773092155979
4033	4277	1728	5513	0	0	0	0	1773092157113
4058	4305	1648	5531	0	0	0	0	1773092158366
4023	4304	1680	5442	0	0	0	0	1773092159800
4027	4315	1651	5448	0	0	0	0	1773092161166
4071	4322	1711	5463	0	0	0	0	1773092162468
4011	4320	1719	0	0	0	0	0	1773092163797
4047	4320	1649	5490	0	0	0	0	1773092165328
3956	4287	1678	5528	0	0	0	0	1773092166530
4015	4330	1716	5555	0	0	0	0	1773092167889
4032	0	1742	5432	0	0	0	0	1773092169263
4049	4191	1724	5481	0	0	0	0	1773092170422
4020	4307	1616	5545	0	0	0	0	1773092171722
4022	4313	1657	5555	0	0	0	0	1773092173214
4058	4138	1709	5432	0	0	0	0	1773092174549
4064	4225	0	5466	0	0	0	0	1773092175948
4069	4262	1648	5490	0	0	0	0	1773092177007
3949	4312	1694	5569	0	0	0	0	1773092178130
4004	4327	1611	5542	0	0	0	0	1773092179261
4006	4172	1647	5363	0	0	0	0	1773092180667
4042	4231	1694	5435	0	0	0	0	1773092181965
4055	4265	1723	5479	0	0	0	0	1773092183324
4022	4271	1658	5544	0	0	0	0	1773092184756
4028	4295	1686	0	0	0	0	0	1773092186085
4005	4139	1693	5535	0	0	0	0	1773092187348
4036	4220	1716	5479	0	0	0	0	1773092188646
4049	4267	1727	5509	0	0	0	0	1773092189988
4050	4277	1689	5499	0	0	0	0	1773092191519
4013	0	1697	5521	0	0	0	0	1773092192669
4008	4283	1713	5528	0	0	0	0	1773092193802
4021	4147	1739	5415	0	0	0	0	1773092195229
4026	4244	1695	5487	0	0	0	0	1773092196597
4080	4315	1661	5590	0	0	0	0	1773092197833
4027	4289	1700	5593	0	0	0	0	1773092199232
4029	4169	0	5586	0	0	0	0	1773092200489
3995	4240	1710	5561	0	0	0	0	1773092201548
4026	4300	1733	5580	0	0	0	0	1773092202672
4046	4340	1581	5592	0	0	0	0	1773092204007
4009	4285	1658	5490	0	0	0	0	1773092205514
4029	4125	1694	5528	0	0	0	0	1773092206977
4013	4166	1709	0	0	0	0	0	1773092208209
4059	4228	1721	5469	0	0	0	0	1773092209331
3990	4330	1615	5540	0	0	0	0	1773092210764
4001	4169	1682	5611	0	0	0	0	1773092212198
4024	4217	1712	5526	0	0	0	0	1773092213530
4029	4232	1709	5373	0	0	0	0	1773092214833
4063	0	1716	5441	0	0	0	0	1773092215969
3998	4267	1604	5574	0	0	0	0	1773092217122
4015	4338	1664	5572	0	0	0	0	1773092218426
4042	4148	1694	5389	0	0	0	0	1773092219877
4000	4188	1703	5450	0	0	0	0	1773092221350
4049	4230	0	5565	0	0	0	0	1773092222715
4017	4233	1722	5528	0	0	0	0	1773092223871
4038	4272	1593	5527	0	0	0	0	1773092225031
4010	4287	1655	5416	0	0	0	0	1773092226163
4014	4309	1736	5470	0	0	0	0	1773092227672
4036	4252	1699	5493	0	0	0	0	1773092229022
3996	4292	1547	5567	0	0	0	0	1773092230293
4036	4252	1641	0	0	0	0	0	1773092231682
3945	4276	1671	5330	0	0	0	0	1773092232784
3988	4311	1686	5436	0	0	0	0	1773092233977
4002	4292	1686	5482	0	0	0	0	1773092235350
4011	4289	1691	5494	0	0	0	0	1773092236572
4049	4144	1713	5513	0	0	0	0	1773092238020
4009	0	1714	5519	0	0	0	0	1773092239362
4027	4224	1719	5424	0	0	0	0	1773092240593
3973	4264	1596	5478	0	0	0	0	1773092242002
4011	4203	1598	5589	0	0	0	0	1773092243403
4030	4275	1656	5527	0	0	0	0	1773092244660
4030	4269	0	5522	0	0	0	0	1773092246028
4006	4288	1676	5424	0	0	0	0	1773092247149
3991	4266	1696	5450	0	0	0	0	1773092248551
4009	4289	1697	5556	0	0	0	0	1773092249777
4021	4254	1602	5560	0	0	0	0	1773092251114
4022	4139	1667	5427	0	0	0	0	1773092252645
3999	4267	1693	0	0	0	0	0	1773092253874
3988	4251	1679	5372	0	0	0	0	1773092254937
4018	4272	1565	5440	0	0	0	0	1773092256098
4003	4092	1629	5535	0	0	0	0	1773092257252
4050	4136	1662	5498	0	0	0	0	1773092258689
3997	4258	1692	5497	0	0	0	0	1773092260104
3999	4260	1610	5334	0	0	0	0	1773092261586
3980	0	1655	5413	0	0	0	0	1773092262815
3985	4260	1675	5523	0	0	0	0	1773092263913
4035	4133	1691	5540	0	0	0	0	1773092265827
4015	4171	1720	5506	0	0	0	0	1773092266643
3976	4272	1576	5343	0	0	0	0	1773092268090
4008	4102	1634	5453	0	0	0	0	1773092269423
3985	4158	0	5499	0	0	0	0	1773092270705
4031	4223	1692	5513	0	0	0	0	1773092272027
3996	4140	1576	0	0	0	0	0	1773092273362
3988	4254	1634	5534	0	0	0	0	1773092274794
4005	4188	0	5522	0	0	0	0	1773092276236
4019	4242	1673	5554	0	0	0	0	1773092277324
4027	4102	1701	5587	0	0	0	0	1773092278420
4004	4176	1669	5517	0	0	0	0	1773092279557
4015	4246	1607	5527	0	0	0	0	1773092280986
3938	4040	1641	5540	0	0	0	0	1773092282345
3989	4150	1676	5611	0	0	0	0	1773092283636
4014	4185	1685	5508	0	0	0	0	1773092284931
4006	0	1695	5535	0	0	0	0	1773092286335
4025	4231	1596	5529	0	0	0	0	1773092287361
3920	4213	1654	5538	0	0	0	0	1773092288755
3970	4241	1679	5597	0	0	0	0	1773092289950
3998	4278	1688	5520	0	0	0	0	1773092291322
3989	4266	1533	5471	0	0	0	0	1773092292611
4001	4276	1625	5453	0	0	0	0	1773092294037
4005	4275	1669	0	0	0	0	0	1773092295213
3971	4283	1679	5551	0	0	0	0	1773092296680
3978	4090	1683	5472	0	0	0	0	1773092298140
4021	4138	1597	5501	0	0	0	0	1773092299407
3994	4182	0	5520	0	0	0	0	1773092300777
3999	4221	1639	5376	0	0	0	0	1773092301930
3991	4245	1669	5509	0	0	0	0	1773092303233
3966	4195	1685	5519	0	0	0	0	1773092304460
4018	4102	1689	5500	0	0	0	0	1773092305865
3957	4232	1553	5320	0	0	0	0	1773092307297
4004	0	1611	5419	0	0	0	0	1773092308670
3984	4246	1659	5535	0	0	0	0	1773092309767
3984	4267	1594	5536	0	0	0	0	1773092310849
4032	4108	1631	5484	0	0	0	0	1773092312043
3989	4168	1659	5463	0	0	0	0	1773092313475
3974	4208	1591	5382	0	0	0	0	1773092314908
3991	4229	1691	5505	0	0	0	0	1773092316221
3967	4181	1549	0	0	0	0	0	1773092317493
3984	4211	1561	5505	0	0	0	0	1773092318724
3963	4109	1619	5563	0	0	0	0	1773092320105
3990	4201	1653	5349	0	0	0	0	1773092321385
3966	4054	1670	5418	0	0	0	0	1773092322875
3986	4150	0	5505	0	0	0	0	1773092324202
3984	4185	1695	5505	0	0	0	0	1773092325352
4028	4211	1554	5491	0	0	0	0	1773092326556
3961	4201	1613	5270	0	0	0	0	1773092328042
3968	4224	1655	5356	0	0	0	0	1773092329475
3986	4249	1656	5475	0	0	0	0	1773092330842
3959	0	1670	5487	0	0	0	0	1773092331986
4008	4192	1565	5492	0	0	0	0	1773092333064
3963	4222	1607	5272	0	0	0	0	1773092334465
3959	4182	1657	5354	0	0	0	0	1773092335934
3984	4205	1713	5459	0	0	0	0	1773092337209
3968	4244	1568	5496	0	0	0	0	1773092338647
3966	4223	1632	0	0	0	0	0	1773092339818
3995	4218	1649	5528	0	0	0	0	1773092340921
4005	4182	1673	5492	0	0	0	0	1773092342070
3907	4216	1562	5441	0	0	0	0	1773092343475
3953	4041	1612	5556	0	0	0	0	1773092344835
3976	4144	1637	5507	0	0	0	0	1773092346138
3945	4201	1667	5490	0	0	0	0	1773092347496
3997	0	1696	5399	0	0	0	0	1773092348864
3900	4195	1517	5485	0	0	0	0	1773092350133
3934	4056	0	5518	0	0	0	0	1773092351567
3965	4166	1598	5541	0	0	0	0	1773092352926
4015	0	1638	5535	0	0	0	0	1773092354209
3964	4245	1664	5370	0	0	0	0	1773092355388
3937	4190	1585	5513	0	0	0	0	1773092356665
3978	4056	1639	5488	0	0	0	0	1773092358022
3928	4116	1665	5417	0	0	0	0	1773092359376
3962	4090	1686	5467	0	0	0	0	1773092360815
3985	4193	1697	0	0	0	0	0	1773092362112
3946	4145	1619	5503	0	0	0	0	1773092363219
3970	4056	1657	5503	0	0	0	0	1773092364292
3958	4103	1648	5462	0	0	0	0	1773092365453
3973	4151	1666	5496	0	0	0	0	1773092366747
3985	4256	1682	5450	0	0	0	0	1773092368156
3963	4134	1573	5475	0	0	0	0	1773092369598
3971	4178	1585	5546	0	0	0	0	1773092370946
3932	0	1666	5506	0	0	0	0	1773092372178
3958	4207	0	5511	0	0	0	0	1773092373587
3947	0	1589	5318	0	0	0	0	1773092374812
3970	4214	1558	5386	0	0	0	0	1773092376244
3906	4167	0	5492	0	0	0	0	1773092377710
3947	4068	1622	5347	0	0	0	0	1773092378837
3966	4128	1630	5396	0	0	0	0	1773092380117
3964	4222	1643	5426	0	0	0	0	1773092381445
3972	4220	1656	5519	0	0	0	0	1773092382873
3949	4162	1578	5447	0	0	0	0	1773092384267
3987	4158	1624	0	0	0	0	0	1773092385459
3931	4187	1711	5485	0	0	0	0	1773092386583
3956	4192	1583	5453	0	0	0	0	1773092387676
3970	4185	1627	5384	0	0	0	0	1773092389043
