2887	1396	4302	2908	0	0	0	0	1770067305031
2798	1378	3966	2889	0	0	0	0	1770067305987
2823	1378	4054	2884	0	0	0	0	1770067306773
2822	1282	3924	2886	0	0	0	0	1770067308068
2777	1300	0	2939	0	0	0	0	1770067308861
2784	1348	3989	2737	0	0	0	0	1770067310568
2765	1372	4098	2797	0	0	0	0	1770067311390
2813	1203	4070	2817	0	0	0	0	1770067312853
2763	0	4007	2849	0	0	0	0	1770067314070
2779	1232	4026	2913	0	0	0	0	1770067315373
2720	1344	4047	0	0	0	0	0	1770067316738
2759	1383	4064	2735	0	0	0	0	1770067317963
2778	1188	3918	2747	0	0	0	0	1770067319395
2764	0	3979	2781	0	0	0	0	1770067320529
2754	1230	3942	2831	0	0	0	0	1770067321659
2722	1311	4037	2912	0	0	0	0	1770067322779
2749	1327	3886	2880	0	0	0	0	1770067324011
2752	1339	3948	2811	0	0	0	0	1770067325337
2757	1289	3926	2694	0	0	0	0	1770067326565
2764	1289	3984	2805	0	0	0	0	1770067328003
2746	1331	4004	2821	0	0	0	0	1770067329404
2732	1349	0	2720	0	0	0	0	1770067330641
2717	1204	4003	2767	0	0	0	0	1770067331977
2772	1265	3874	2780	0	0	0	0	1770067333203
2734	1275	3920	2852	0	0	0	0	1770067334658
2717	1296	3975	2858	0	0	0	0	1770067336324
2701	1333	3987	0	0	0	0	0	1770067338554
2719	1354	4000	2764	0	0	0	0	1770067339264
2766	1281	3861	2798	0	0	0	0	1770067340184
2727	1288	3942	2774	0	0	0	0	1770067341591
2750	0	3976	2856	0	0	0	0	1770067342868
2684	1333	3979	2695	0	0	0	0	1770067344045
2718	1242	3966	2763	0	0	0	0	1770067345100
2736	1289	3797	2777	0	0	0	0	1770067346200
2733	1289	3895	2795	0	0	0	0	1770067347280
2738	1355	3918	2800	0	0	0	0	1770067348520
2735	1246	3943	2699	0	0	0	0	1770067349873
2711	1304	3836	2741	0	0	0	0	1770067351241
2752	1280	3890	2792	0	0	0	0	1770067352584
2691	1269	3935	2853	0	0	0	0	1770067353873
2744	0	3982	2786	0	0	0	0	1770067355312
2671	1314	3993	0	0	0	0	0	1770067356717
2699	1340	3868	2702	0	0	0	0	1770067358081
2717	1351	0	2821	0	0	0	0	1770067359305
2731	0	3960	2800	0	0	0	0	1770067360672
2743	1295	3964	0	0	0	0	0	1770067362165
2636	1296	3855	2801	0	0	0	0	1770067363470
2694	1223	0	2679	0	0	0	0	1770067364893
2712	0	3901	2717	0	0	0	0	1770067366193
2723	1273	3950	2797	0	0	0	0	1770067367319
2724	1349	3932	2774	0	0	0	0	1770067368521
2729	1303	3868	2693	0	0	0	0	1770067369579
2708	1219	3915	2739	0	0	0	0	1770067370677
2682	1281	3933	2779	0	0	0	0	1770067371898
2738	1324	3937	2841	0	0	0	0	1770067373239
2685	1321	3963	2829	0	0	0	0	1770067374588
2690	1287	3849	2689	0	0	0	0	1770067376022
2712	1329	3886	2775	0	0	0	0	1770067377357
2710	1331	0	2785	0	0	0	0	1770067378685
2752	1346	3842	2769	0	0	0	0	1770067380021
2689	0	3923	2758	0	0	0	0	1770067381449
2681	1283	3942	2720	0	0	0	0	1770067382864
2656	1222	0	2804	0	0	0	0	1770067383989
2694	1289	3811	2775	0	0	0	0	1770067385345
2712	1290	3871	2770	0	0	0	0	1770067386645
2714	1329	3903	2775	0	0	0	0	1770067388003
2716	1379	3937	2718	0	0	0	0	1770067389443
2688	1208	3911	0	0	0	0	0	1770067390665
2721	1239	3927	2813	0	0	0	0	1770067391766
2696	1298	3943	2760	0	0	0	0	1770067392902
2712	1361	3868	2744	0	0	0	0	1770067394027
2723	1285	3890	2772	0	0	0	0	1770067395359
2639	1206	3836	2777	0	0	0	0	1770067396681
2677	1242	3881	2849	0	0	0	0	1770067398071
2677	1295	3966	2649	0	0	0	0	1770067399504
2721	1330	0	2698	0	0	0	0	1770067400733
2690	1279	3830	2732	0	0	0	0	1770067402166
2709	1317	3881	2745	0	0	0	0	1770067403524
2706	1318	3842	2833	0	0	0	0	1770067404798
2667	1339	3883	2618	0	0	0	0	1770067406180
2716	0	3913	2687	0	0	0	0	1770067407439
2713	1193	3914	0	0	0	0	0	1770067408822
2708	0	3948	2763	0	0	0	0	1770067410195
2687	1229	3773	2787	0	0	0	0	1770067411531
2690	1285	3839	2674	0	0	0	0	1770067412889
2729	1334	3864	0	0	0	0	0	1770067414118
2697	1293	3906	2724	0	0	0	0	1770067415223
2711	1192	3853	2759	0	0	0	0	1770067416367
2681	1230	3751	2771	0	0	0	0	1770067417461
2682	1295	3883	2788	0	0	0	0	1770067418726
2716	1335	3817	2661	0	0	0	0	1770067420123
2696	1306	3862	2714	0	0	0	0	1770067421358
2716	1312	3894	2793	0	0	0	0	1770067422716
2630	1283	0	2795	0	0	0	0	1770067424224
2677	1305	3860	2815	0	0	0	0	1770067425658
2687	1339	3895	2792	0	0	0	0	1770067426914
2679	1303	3901	2796	0	0	0	0	1770067428253
2697	0	3820	2797	0	0	0	0	1770067429655
2705	1314	0	2794	0	0	0	0	1770067430777
2704	1306	3833	2801	0	0	0	0	1770067432010
2673	1329	3912	2801	0	0	0	0	1770067433351
2715	1331	3769	2778	0	0	0	0	1770067434595
2671	1363	3834	2779	0	0	0	0	1770067436000
2672	1285	3716	2784	0	0	0	0	1770067437438
2684	1284	3778	0	0	0	0	0	1770067438663
2675	1335	3823	2736	0	0	0	0	1770067439691
2718	1355	3882	2743	0	0	0	0	1770067440848
2669	1338	3771	2754	0	0	0	0	1770067442144
2687	1293	3799	2754	0	0	0	0	1770067443484
2671	1293	3838	2789	0	0	0	0	1770067444836
2668	1334	3849	2758	0	0	0	0	1770067446343
2663	1360	0	2758	0	0	0	0	1770067447500
2697	1207	3861	2755	0	0	0	0	1770067448802
2697	1247	3751	2779	0	0	0	0	1770067450335
2671	0	3832	2806	0	0	0	0	1770067451595
2655	1335	0	2782	0	0	0	0	1770067453004
2643	0	3865	2730	0	0	0	0	1770067454227
2675	1353	3830	2754	0	0	0	0	1770067455355
2694	1295	3873	2765	0	0	0	0	1770067456483
2620	1295	3816	2785	0	0	0	0	1770067457841
2649	1313	3831	2784	0	0	0	0	1770067459273
2662	1321	3864	2755	0	0	0	0	1770067460677
2705	1350	3815	0	0	0	0	0	1770067461907
2655	1204	3848	2760	0	0	0	0	1770067463139
2660	1300	3855	2758	0	0	0	0	1770067464167
2685	1305	3857	2653	0	0	0	0	1770067465530
2610	1329	3742	2752	0	0	0	0	1770067466960
2645	1239	3804	2767	0	0	0	0	1770067468388
2674	1289	0	2747	0	0	0	0	1770067469690
2689	1354	3844	2647	0	0	0	0	1770067470918
2660	1321	3860	2689	0	0	0	0	1770067472246
2660	1350	3860	2740	0	0	0	0	1770067473582
2688	1351	3736	2791	0	0	0	0	1770067474866
2691	1360	3736	2733	0	0	0	0	1770067476246
2682	0	3770	2649	0	0	0	0	1770067477570
2661	1290	3808	2683	0	0	0	0	1770067478653
2656	1195	3831	2783	0	0	0	0	1770067479930
2686	1270	3857	2768	0	0	0	0	1770067481366
2651	1304	3716	2737	0	0	0	0	1770067482806
2653	1331	3786	0	0	0	0	0	1770067484238
2644	1299	3820	2747	0	0	0	0	1770067485357
2663	1227	3821	2755	0	0	0	0	1770067486484
2632	1282	3736	2762	0	0	0	0	1770067487713
2639	1324	3793	2754	0	0	0	0	1770067489044
2687	1324	3822	2753	0	0	0	0	1770067490476
2656	1283	3844	2744	0	0	0	0	1770067491701
2649	1323	0	2745	0	0	0	0	1770067493151
2619	1291	3698	2751	0	0	0	0	1770067494293
2655	1323	3767	2741	0	0	0	0	1770067495454
2669	1348	3785	2741	0	0	0	0	1770067496861
2668	1203	3812	2757	0	0	0	0	1770067498358
2673	1280	3833	2748	0	0	0	0	1770067499653
2635	0	3699	2746	0	0	0	0	1770067500921
2676	1280	3739	2748	0	0	0	0	1770067501974
2631	1314	3800	2759	0	0	0	0	1770067503337
2649	1362	3781	2746	0	0	0	0	1770067504636
2650	1227	3681	2806	0	0	0	0	1770067506075
2647	1249	3703	2598	0	0	0	0	1770067507504
2619	1304	3746	0	0	0	0	0	1770067508710
2663	1337	3781	2668	0	0	0	0	1770067509796
2668	1297	3787	2706	0	0	0	0	1770067510956
2630	1316	3722	2728	0	0	0	0	1770067512327
2626	1299	3774	2799	0	0	0	0	1770067513723
2664	1317	3791	2606	0	0	0	0	1770067515252
2637	1326	0	2675	0	0	0	0	1770067516521
2659	1349	3808	2709	0	0	0	0	1770067517615
2645	1291	3826	2793	0	0	0	0	1770067518852
2632	1280	3721	2746	0	0	0	0	1770067520167
2659	1324	3655	2602	0	0	0	0	1770067521502
2629	1348	3720	2656	0	0	0	0	1770067522730
2648	1360	3736	2760	0	0	0	0	1770067524072
2640	0	3775	2764	0	0	0	0	1770067525502
2659	1285	3787	2724	0	0	0	0	1770067526721
2575	1294	3725	2612	0	0	0	0	1770067528052
2612	1335	3808	2678	0	0	0	0	1770067529384
2639	1359	3623	2701	0	0	0	0	1770067530716
2643	1287	3691	2720	0	0	0	0	1770067531997
2643	1287	3696	0	0	0	0	0	1770067533276
2634	1290	3742	2729	0	0	0	0	1770067534503
2653	1305	3755	2729	0	0	0	0	1770067535844
2625	1332	3764	2741	0	0	0	0	1770067537269
2657	1209	3699	2749	0	0	0	0	1770067538504
2585	1299	0	2731	0	0	0	0	1770067539930
2623	1299	3748	2722	0	0	0	0	1770067541056
2647	1326	3768	2708	0	0	0	0	1770067542184
2628	1204	3802	2714	0	0	0	0	1770067543327
2658	1263	3653	2746	0	0	0	0	1770067544760
2665	1281	3741	2752	0	0	0	0	1770067546179
2561	1296	3773	2696	0	0	0	0	1770067547676
2606	0	3778	2724	0	0	0	0	1770067548942
2638	1332	3788	2706	0	0	0	0	1770067549967
2662	1343	3792	2724	0	0	0	0	1770067551355
2622	1259	3662	2733	0	0	0	0	1770067552834
2641	1272	3736	2711	0	0	0	0	1770067554266
2579	1323	3748	0	0	0	0	0	1770067555598
2623	1350	3770	2728	0	0	0	0	1770067556726
2639	1333	3636	2728	0	0	0	0	1770067557851
2642	1345	3701	2728	0	0	0	0	1770067559081
2647	1292	3764	2732	0	0	0	0	1770067560411
2633	1224	3775	2546	0	0	0	0	1770067561843
2611	1285	3750	2617	0	0	0	0	1770067563278
2653	1317	0	2706	0	0	0	0	1770067564626
2629	1336	3770	2716	0	0	0	0	1770067565632
2650	1287	3770	2628	0	0	0	0	1770067566776
2637	1229	3816	2699	0	0	0	0	1770067568094
2607	1284	3757	2718	0	0	0	0	1770067569425
2651	1307	3629	2723	0	0	0	0	1770067570811
2626	1305	3670	2736	0	0	0	0	1770067572139
2648	0	3733	2700	0	0	0	0	1770067573416
2550	1291	3770	2696	0	0	0	0	1770067574674
2603	1325	3779	2711	0	0	0	0	1770067576021
2615	1316	3614	2725	0	0	0	0	1770067577354
