2749	1296	3479	8951	0	0	0	0	1776369120703
2707	1282	3412	9024	0	0	0	0	1776369122304
2785	0	3403	9006	0	0	0	0	1776369123784
2826	1331	3447	0	0	0	0	0	1776369125402
2911	1340	3491	9406	0	0	0	0	1776369126415
2920	1312	3498	9114	0	0	0	0	1776369127418
2853	1355	3504	9251	0	0	0	0	1776369128431
2861	1334	3470	9047	0	0	0	0	1776369129427
2789	1308	3565	9042	0	0	0	0	1776369130447
2799	1326	3484	9159	0	0	0	0	1776369131443
2904	1351	3410	9272	0	0	0	0	1776369132458
2822	1314	3572	9132	0	0	0	0	1776369133466
2876	1355	3438	9118	0	0	0	0	1776369134479
2854	1299	3445	9450	0	0	0	0	1776369135477
2805	1352	3414	9189	0	0	0	0	1776369136473
2821	1316	3450	9067	0	0	0	0	1776369137476
2921	1349	3550	9200	0	0	0	0	1776369138495
2890	1309	3562	9265	0	0	0	0	1776369139492
2869	1323	3493	9334	0	0	0	0	1776369140489
2795	1322	3433	9048	0	0	0	0	1776369141498
2867	1352	3479	9398	0	0	0	0	1776369142509
2829	1305	3463	9411	0	0	0	0	1776369143510
2918	1357	3486	9056	0	0	0	0	1776369144505
2815	1311	3517	9404	0	0	0	0	1776369145513
2915	1296	3439	9160	0	0	0	0	1776369146519
2816	1300	3517	9182	0	0	0	0	1776369147506
2808	1355	3500	9045	0	0	0	0	1776369148527
2918	1330	3552	9394	0	0	0	0	1776369149529
2892	1307	3452	9347	0	0	0	0	1776369150523
2832	1306	3440	9414	0	0	0	0	1776369151521
2905	1346	3494	9062	0	0	0	0	1776369152527
2882	1296	3553	9401	0	0	0	0	1776369153530
2874	1317	3570	9435	0	0	0	0	1776369154521
2863	1338	3554	9318	0	0	0	0	1776369156543
2900	1359	3428	9192	0	0	0	0	1776369157540
2785	1316	3553	9280	0	0	0	0	1776369158544
2907	1324	3429	9256	0	0	0	0	1776369159544
2895	1343	3560	9286	0	0	0	0	1776369160538
2813	1359	3446	9093	0	0	0	0	1776369161550
2857	1309	3482	9039	0	0	0	0	1776369162537
2820	1324	3535	9314	0	0	0	0	1776369163546
2908	1334	3496	9202	0	0	0	0	1776369164538
2851	1311	3465	9374	0	0	0	0	1776369165536
2820	1319	3487	9311	0	0	0	0	1776369166543
2788	1315	3458	9293	0	0	0	0	1776369167546
2912	1326	3494	9447	0	0	0	0	1776369168558
2846	1308	3409	9242	0	0	0	0	1776369169561
2889	1327	3521	9177	0	0	0	0	1776369170576
2865	1358	3456	9190	0	0	0	0	1776369171567
2793	1330	3503	9205	0	0	0	0	1776369172569
2842	1315	3561	9194	0	0	0	0	1776369173573
2830	1315	3530	9049	0	0	0	0	1776369174570
2917	1321	3436	9177	0	0	0	0	1776369175583
2916	1296	3468	9070	0	0	0	0	1776369176585
2813	1297	3432	9357	0	0	0	0	1776369177599
2787	1327	3507	9062	0	0	0	0	1776369178602
2791	1329	3432	9214	0	0	0	0	1776369179599
2922	1301	3436	9308	0	0	0	0	1776369180601
2867	1347	3477	9399	0	0	0	0	1776369181599
2866	1344	3431	9059	0	0	0	0	1776369182601
2793	1316	3411	9324	0	0	0	0	1776369183615
2914	1358	3532	9437	0	0	0	0	1776369184617
2824	1302	3411	9163	0	0	0	0	1776369185632
2846	1347	3403	9148	0	0	0	0	1776369186630
2820	1343	3498	9413	0	0	0	0	1776369187631
2898	1351	3455	9394	0	0	0	0	1776369188633
2871	1319	3501	9390	0	0	0	0	1776369189643
2876	1318	3408	9152	0	0	0	0	1776369190634
2908	1342	3447	9089	0	0	0	0	1776369191647
2843	1358	3525	9072	0	0	0	0	1776369192661
2798	1299	3560	9207	0	0	0	0	1776369193678
2877	1301	3548	9132	0	0	0	0	1776369194681
2883	1310	3496	9368	0	0	0	0	1776369195694
2854	1328	3544	9325	0	0	0	0	1776369196693
2889	1335	3475	9345	0	0	0	0	1776369197711
2920	1341	3461	9241	0	0	0	0	1776369198709
2907	1309	3545	9382	0	0	0	0	1776369199723
2923	1338	3454	9338	0	0	0	0	1776369200714
2884	1329	3561	9095	0	0	0	0	1776369201727
2804	1355	3437	9348	0	0	0	0	1776369202729
2859	1336	3458	9355	0	0	0	0	1776369203724
2819	1337	3562	9066	0	0	0	0	1776369204730
2801	1308	3430	9279	0	0	0	0	1776369205743
2816	1325	3549	9385	0	0	0	0	1776369206767
2839	1323	3470	9355	0	0	0	0	1776369207770
2854	1337	3411	9172	0	0	0	0	1776369208773
2869	1302	3497	9088	0	0	0	0	1776369209775
2826	1359	3409	9007	0	0	0	0	1776369210777
2789	1331	3478	9119	0	0	0	0	1776369211791
2863	1352	3535	9259	0	0	0	0	1776369212815
2789	1340	3504	9251	0	0	0	0	1776369213801
2801	1310	3544	9214	0	0	0	0	1776369214809
2907	1358	3562	9100	0	0	0	0	1776369215801
2899	1330	3526	9367	0	0	0	0	1776369216809
2875	1323	3515	9122	0	0	0	0	1776369217821
2802	1352	3547	9345	0	0	0	0	1776369218825
2804	1337	3499	9266	0	0	0	0	1776369219817
2811	1350	3531	9219	0	0	0	0	1776369220821
2807	1345	3511	9074	0	0	0	0	1776369221817
2840	1337	3530	9197	0	0	0	0	1776369222825
2786	1328	3497	9370	0	0	0	0	1776369223818
2832	1359	3506	9230	0	0	0	0	1776369224818
2905	1305	3441	9176	0	0	0	0	1776369225817
2905	1310	3466	9083	0	0	0	0	1776369226842
2880	1329	3445	9424	0	0	0	0	1776369227855
2808	1307	3445	9386	0	0	0	0	1776369228851
2871	1297	3416	9055	0	0	0	0	1776369229867
2827	1316	3544	9130	0	0	0	0	1776369230873
2791	1336	3568	9237	0	0	0	0	1776369231885
2853	1335	3565	9149	0	0	0	0	1776369232889
2910	1350	3547	9148	0	0	0	0	1776369233881
2790	1336	3546	9256	0	0	0	0	1776369234894
2877	1346	3468	9380	0	0	0	0	1776369235898
2897	1328	3429	9239	0	0	0	0	1776369236896
2842	1302	3543	9173	0	0	0	0	1776369237897
2839	1352	3542	9200	0	0	0	0	1776369238907
2812	1358	3451	9331	0	0	0	0	1776369239897
2920	1298	3491	9208	0	0	0	0	1776369240895
2867	1308	3571	9099	0	0	0	0	1776369241897
2915	1344	3483	9120	0	0	0	0	1776369242911
2848	1302	3403	9093	0	0	0	0	1776369243913
2846	1323	3459	9263	0	0	0	0	1776369244927
2874	1334	3427	9083	0	0	0	0	1776369245927
2883	1358	3558	9165	0	0	0	0	1776369246943
2894	1306	3478	9343	0	0	0	0	1776369247946
2854	1352	3496	9433	0	0	0	0	1776369248956
2876	1346	3526	9176	0	0	0	0	1776369249960
2908	1309	3568	9302	0	0	0	0	1776369250959
2798	1300	3485	9131	0	0	0	0	1776369251958
2811	1334	3514	9022	0	0	0	0	1776369252973
2802	1307	3476	9177	0	0	0	0	1776369253978
2829	1308	3501	9376	0	0	0	0	1776369254991
2860	1347	3535	9169	0	0	0	0	1776369256015
2827	1345	3491	9335	0	0	0	0	1776369257023
2810	1311	3490	9034	0	0	0	0	1776369258021
2850	1335	3496	9306	0	0	0	0	1776369259038
2821	1316	3420	9166	0	0	0	0	1776369260037
2909	1335	3484	9164	0	0	0	0	1776369261055
2789	1324	3476	9356	0	0	0	0	1776369262057
2869	1308	3404	9390	0	0	0	0	1776369263055
2832	1332	3525	9360	0	0	0	0	1776369264057
2843	1317	3559	9106	0	0	0	0	1776369265068
2882	1309	3429	9272	0	0	0	0	1776369266072
2793	1335	3472	9313	0	0	0	0	1776369267082
2893	1326	3440	9117	0	0	0	0	1776369268068
2853	1304	3428	9218	0	0	0	0	1776369269083
2883	1297	3492	9197	0	0	0	0	1776369270091
2811	1332	3429	9071	0	0	0	0	1776369271103
2884	1298	3417	9161	0	0	0	0	1776369272105
2906	1308	3440	9040	0	0	0	0	1776369273103
2799	1315	3460	9425	0	0	0	0	1776369274106
2862	1347	3440	9239	0	0	0	0	1776369275098
2873	1306	3416	9354	0	0	0	0	1776369276105
2909	1343	3534	9098	0	0	0	0	1776369277119
2838	1329	3564	9381	0	0	0	0	1776369278121
2882	1358	3478	9326	0	0	0	0	1776369279119
2866	1350	3412	9289	0	0	0	0	1776369280115
2885	1358	3510	9207	0	0	0	0	1776369281134
2920	1305	3549	9440	0	0	0	0	1776369282137
2797	1348	3474	9061	0	0	0	0	1776369283133
2881	1297	3538	9306	0	0	0	0	1776369284136
2861	1302	3474	9111	0	0	0	0	1776369285146
2915	1334	3455	9283	0	0	0	0	1776369286145
2864	1297	3413	9449	0	0	0	0	1776369287145
2826	1336	3471	9319	0	0	0	0	1776369288154
2829	1316	3465	9166	0	0	0	0	1776369289145
2888	1319	3553	9101	0	0	0	0	1776369290147
2836	1314	3520	9394	0	0	0	0	1776369291145
2921	1337	3546	9345	0	0	0	0	1776369292153
2810	1348	3517	9420	0	0	0	0	1776369293145
2842	1351	3545	9014	0	0	0	0	1776369294147
2890	1317	3516	9411	0	0	0	0	1776369295146
2791	1296	3455	9235	0	0	0	0	1776369296153
2820	1348	3464	9153	0	0	0	0	1776369297146
2858	1333	3522	9133	0	0	0	0	1776369298153
2798	1350	3434	9196	0	0	0	0	1776369299150
2845	1339	3456	9233	0	0	0	0	1776369300153
2894	1329	3505	9148	0	0	0	0	1776369301167
2814	1356	3550	9015	0	0	0	0	1776369302167
2852	1330	3431	9040	0	0	0	0	1776369303167
2817	1335	3537	9226	0	0	0	0	1776369304168
2878	1303	3499	9059	0	0	0	0	1776369305162
2899	1323	3522	9119	0	0	0	0	1776369306166
2856	1302	3542	9246	0	0	0	0	1776369307161
2870	1344	3431	9219	0	0	0	0	1776369308161
2840	1349	3448	9238	0	0	0	0	1776369309161
2810	1326	3421	9195	0	0	0	0	1776369310169
2886	1312	3484	9453	0	0	0	0	1776369311161
2902	1299	3528	9320	0	0	0	0	1776369312162
2817	1350	3472	9368	0	0	0	0	1776369313161
2825	1329	3472	9418	0	0	0	0	1776369314169
2870	1340	3528	9200	0	0	0	0	1776369315161
2886	1326	3484	9314	0	0	0	0	1776369316161
2789	1320	3525	9429	0	0	0	0	1776369317161
2860	1299	3554	9343	0	0	0	0	1776369318169
2891	1303	3443	9009	0	0	0	0	1776369319161
2900	1357	3431	9425	0	0	0	0	1776369320162
2834	1336	3456	9399	0	0	0	0	1776369321161
2815	1327	3522	9043	0	0	0	0	1776369322169
2844	1310	3501	9187	0	0	0	0	1776369323182
2878	1326	3437	9116	0	0	0	0	1776369324178
2892	1346	3532	9194	0	0	0	0	1776369325177
2809	1316	3471	9249	0	0	0	0	1776369326183
2873	1343	3418	9073	0	0	0	0	1776369327178
2819	1358	3566	9282	0	0	0	0	1776369328181
2889	1300	3436	9435	0	0	0	0	1776369329196
2794	1358	3417	9215	0	0	0	0	1776369330207
2890	1318	3484	9111	0	0	0	0	1776369331194
2846	1321	3512	9331	0	0	0	0	1776369332201
2882	1339	3517	9052	0	0	0	0	1776369333193
2798	1353	3565	9398	0	0	0	0	1776369334201
2910	1344	3429	9152	0	0	0	0	1776369335193
2826	1341	3507	9212	0	0	0	0	1776369336194
2839	1348	3568	9411	0	0	0	0	1776369337194
2809	1332	3519	9399	0	0	0	0	1776369338195
2880	1338	3499	9347	0	0	0	0	1776369339194
2813	1350	3485	9358	0	0	0	0	1776369340202
2811	1339	3443	9011	0	0	0	0	1776369341215
2815	1323	3570	9297	0	0	0	0	1776369342217
2876	1346	3455	9142	0	0	0	0	1776369343209
2836	1345	3569	9040	0	0	0	0	1776369344209
2893	1326	3536	9408	0	0	0	0	1776369345209
2825	1354	3526	9060	0	0	0	0	1776369346211
2794	1348	3480	9312	0	0	0	0	1776369347209
2789	1324	3533	9169	0	0	0	0	1776369348209
2836	1322	3483	9386	0	0	0	0	1776369349210
2871	1328	3406	9311	0	0	0	0	1776369350221
2821	1325	3515	9082	0	0	0	0	1776369351210
2918	1348	3495	9417	0	0	0	0	1776369352218
2879	1340	3535	9159	0	0	0	0	1776369353210
2863	1337	3541	9179	0	0	0	0	1776369354217
2889	1323	3404	9015	0	0	0	0	1776369355210
2907	1349	3557	9309	0	0	0	0	1776369356218
2805	1329	3471	9248	0	0	0	0	1776369357208
2858	1346	3570	9195	0	0	0	0	1776369358217
2832	1322	3501	9116	0	0	0	0	1776369359209
2852	1325	3558	9067	0	0	0	0	1776369360280
2841	1301	3461	9075	0	0	0	0	1776369361215
2856	1320	3560	9306	0	0	0	0	1776369362217
2876	1303	3543	9021	0	0	0	0	1776369363209
2834	1336	3435	9345	0	0	0	0	1776369364209
2885	1334	3407	9160	0	0	0	0	1776369365227
2825	1351	3514	9030	0	0	0	0	1776369366230
2830	1311	3513	9247	0	0	0	0	1776369367226
2923	1316	3410	9254	0	0	0	0	1776369368238
2856	1313	3506	9138	0	0	0	0	1776369369226
2799	1342	3426	9114	0	0	0	0	1776369370224
2813	1328	3531	9219	0	0	0	0	1776369371225
2852	1325	3447	9006	0	0	0	0	1776369372226
2859	1315	3546	9177	0	0	0	0	1776369373225
2844	1321	3559	9351	0	0	0	0	1776369374236
2801	1334	3482	9335	0	0	0	0	1776369375225
2884	1296	3489	9199	0	0	0	0	1776369376234
2903	1352	3562	9105	0	0	0	0	1776369377225
2877	1317	3559	9220	0	0	0	0	1776369378226
2795	1310	3509	9072	0	0	0	0	1776369379225
2805	1356	3553	9293	0	0	0	0	1776369380239
2829	1310	3504	9292	0	0	0	0	1776369381247
2904	1359	3455	9220	0	0	0	0	1776369382255
2812	1301	3508	9179	0	0	0	0	1776369383256
2852	1307	3449	9268	0	0	0	0	1776369384271
2790	1330	3520	9124	0	0	0	0	1776369385274
2914	1348	3459	9013	0	0	0	0	1776369386287
2852	1353	3407	9086	0	0	0	0	1776369387290
2843	1341	3479	9162	0	0	0	0	1776369388298
2866	1297	3491	9358	0	0	0	0	1776369389312
2909	1312	3434	9254	0	0	0	0	1776369390303
2822	1318	3475	9420	0	0	0	0	1776369391324
2830	1324	3512	9010	0	0	0	0	1776369392333
2814	1351	3441	9285	0	0	0	0	1776369393337
2791	1346	3499	9072	0	0	0	0	1776369394335
2880	1305	3491	9052	0	0	0	0	1776369395337
2819	1320	3520	9328	0	0	0	0	1776369396334
2868	1314	3545	9331	0	0	0	0	1776369397338
2852	1350	3455	9213	0	0	0	0	1776369398335
2835	1359	3565	9206	0	0	0	0	1776369399337
2906	1324	3498	9204	0	0	0	0	1776369400351
2790	1327	3469	9081	0	0	0	0	1776369401353
2789	1353	3561	9403	0	0	0	0	1776369402351
2913	1334	3432	9357	0	0	0	0	1776369403354
2887	1333	3443	9281	0	0	0	0	1776369404363
2877	1339	3405	9146	0	0	0	0	1776369405367
2888	1320	3494	9311	0	0	0	0	1776369406365
2920	1338	3447	9260	0	0	0	0	1776369407369
2845	1345	3541	9402	0	0	0	0	1776369408367
2848	1299	3534	9219	0	0	0	0	1776369409369
2832	1344	3547	9031	0	0	0	0	1776369410367
2856	1352	3410	9426	0	0	0	0	1776369411370
2907	1356	3542	9168	0	0	0	0	1776369412383
2837	1347	3533	9375	0	0	0	0	1776369413392
2914	1326	3420	9389	0	0	0	0	1776369414399
2913	1358	3556	9142	0	0	0	0	1776369415401
2919	1300	3544	9442	0	0	0	0	1776369416395
2877	1305	3480	9155	0	0	0	0	1776369417401
2859	1359	3507	9110	0	0	0	0	1776369418395
2817	1336	3474	9076	0	0	0	0	1776369419401
2902	1301	3495	9341	0	0	0	0	1776369420412
2792	1314	3409	9100	0	0	0	0	1776369421415
2918	1344	3507	9378	0	0	0	0	1776369422431
2894	1331	3474	9375	0	0	0	0	1776369423433
2864	1357	3468	9045	0	0	0	0	1776369424428
2877	1322	3488	9391	0	0	0	0	1776369425441
2868	1310	3466	9365	0	0	0	0	1776369426431
2811	1324	3548	9330	0	0	0	0	1776369427433
2806	1337	3465	9129	0	0	0	0	1776369428437
2899	1343	3491	9424	0	0	0	0	1776369429434
2800	1350	3407	9082	0	0	0	0	1776369430447
2837	1296	3505	9235	0	0	0	0	1776369431448
2851	1300	3427	9197	0	0	0	0	1776369432459
2814	1327	3443	9020	0	0	0	0	1776369433465
2807	1301	3515	9030	0	0	0	0	1776369434463
2817	1357	3508	9353	0	0	0	0	1776369435464
2857	1310	3426	9051	0	0	0	0	1776369436463
2903	1348	3515	9310	0	0	0	0	1776369437467
2869	1320	3475	9045	0	0	0	0	1776369438463
2868	1359	3441	9123	0	0	0	0	1776369439473
2868	1298	3507	9129	0	0	0	0	1776369440479
2795	1358	3568	9242	0	0	0	0	1776369441481
2889	1308	3550	9262	0	0	0	0	1776369442473
2888	1348	3529	9148	0	0	0	0	1776369443481
2896	1325	3496	9380	0	0	0	0	1776369444473
2787	1304	3426	9128	0	0	0	0	1776369445478
2859	1358	3491	9404	0	0	0	0	1776369446473
2831	1303	3455	9382	0	0	0	0	1776369447475
2815	1325	3477	9012	0	0	0	0	1776369448473
2863	1329	3486	9192	0	0	0	0	1776369449474
2894	1308	3531	9340	0	0	0	0	1776369450473
2872	1335	3571	9397	0	0	0	0	1776369451481
2882	1359	3560	9083	0	0	0	0	1776369452475
2862	1315	3421	9068	0	0	0	0	1776369453495
2841	1313	3551	9151	0	0	0	0	1776369454490
2818	1297	3464	9393	0	0	0	0	1776369455497
2893	1359	3423	9306	0	0	0	0	1776369456489
2857	1342	3462	9255	0	0	0	0	1776369457496
2867	1339	3436	9237	0	0	0	0	1776369458490
2793	1296	3465	9449	0	0	0	0	1776369459497
2805	1322	3480	9336	0	0	0	0	1776369460489
2840	1358	3487	9383	0	0	0	0	1776369461491
2834	1351	3430	9037	0	0	0	0	1776369462505
2855	1315	3512	9379	0	0	0	0	1776369463510
2873	1310	3535	9083	0	0	0	0	1776369464505
2788	1311	3543	9264	0	0	0	0	1776369465513
2876	1314	3476	9134	0	0	0	0	1776369466506
2853	1334	3425	9416	0	0	0	0	1776369467513
2809	1320	3477	9066	0	0	0	0	1776369468505
2792	1343	3480	9447	0	0	0	0	1776369469514
2881	1321	3480	9121	0	0	0	0	1776369470505
2904	1334	3471	9256	0	0	0	0	1776369471513
2855	1348	3470	9417	0	0	0	0	1776369472512
2814	1339	3478	9034	0	0	0	0	1776369473513
2865	1338	3416	9131	0	0	0	0	1776369474521
2910	1296	3491	9266	0	0	0	0	1776369475530
2847	1328	3539	9248	0	0	0	0	1776369476543
2857	1311	3510	9391	0	0	0	0	1776369477537
2797	1328	3515	9298	0	0	0	0	1776369478543
2893	1330	3551	9125	0	0	0	0	1776369479551
2895	1320	3418	9258	0	0	0	0	1776369480543
2852	1337	3526	9014	0	0	0	0	1776369481536
2838	1321	3422	9205	0	0	0	0	1776369482538
2859	1352	3406	9356	0	0	0	0	1776369483546
2795	1321	3544	9057	0	0	0	0	1776369484538
2901	1302	3430	9206	0	0	0	0	1776369485538
2912	1346	3414	9425	0	0	0	0	1776369486551
2789	1343	3452	9150	0	0	0	0	1776369487561
2789	1330	3415	9031	0	0	0	0	1776369488553
2820	1347	3433	9349	0	0	0	0	1776369489552
2818	1305	3468	9090	0	0	0	0	1776369490559
2911	1349	3464	9085	0	0	0	0	1776369491555
2790	1341	3561	9348	0	0	0	0	1776369492554
2898	1357	3476	9435	0	0	0	0	1776369493558
2876	1353	3459	9399	0	0	0	0	1776369494554
2837	1350	3551	9232	0	0	0	0	1776369495552
2909	1353	3562	9365	0	0	0	0	1776369496552
2921	1344	3413	9305	0	0	0	0	1776369497555
2813	1328	3420	9014	0	0	0	0	1776369498553
2865	1327	3489	9059	0	0	0	0	1776369499552
2885	1299	3552	9380	0	0	0	0	1776369500553
2860	1322	3456	9417	0	0	0	0	1776369501561
2879	1324	3525	9039	0	0	0	0	1776369502568
2874	1325	3545	9047	0	0	0	0	1776369503583
2816	1303	3427	9052	0	0	0	0	1776369504591
2905	1304	3421	9355	0	0	0	0	1776369505598
2855	1304	3503	9038	0	0	0	0	1776369506585
2833	1326	3474	9373	0	0	0	0	1776369507583
2875	1299	3541	9438	0	0	0	0	1776369508591
2799	1303	3559	9411	0	0	0	0	1776369509600
2895	1298	3552	9022	0	0	0	0	1776369510602
2840	1310	3470	9314	0	0	0	0	1776369511615
2819	1347	3531	9335	0	0	0	0	1776369512617
2877	1331	3457	9382	0	0	0	0	1776369513615
2820	1336	3455	9271	0	0	0	0	1776369514637
2829	1322	3541	9449	0	0	0	0	1776369515647
2856	1317	3485	9111	0	0	0	0	1776369516645
2876	1338	3507	9454	0	0	0	0	1776369517663
2809	1317	3412	9252	0	0	0	0	1776369518666
2821	1343	3572	9222	0	0	0	0	1776369519679
2869	1333	3484	9418	0	0	0	0	1776369520681
2907	1337	3473	9371	0	0	0	0	1776369521679
2882	1335	3540	9408	0	0	0	0	1776369522682
2869	1355	3466	9182	0	0	0	0	1776369523692
2802	1329	3408	9300	0	0	0	0	1776369524697
2796	1341	3571	9071	0	0	0	0	1776369525696
2844	1356	3424	9384	0	0	0	0	1776369526694
2867	1338	3458	9453	0	0	0	0	1776369527705
2793	1301	3506	9445	0	0	0	0	1776369528697
2898	1298	3550	9371	0	0	0	0	1776369529711
2785	1343	3535	9438	0	0	0	0	1776369530712
2903	1337	3494	9388	0	0	0	0	1776369531727
2818	1311	3434	9393	0	0	0	0	1776369532724
2861	1351	3471	9244	0	0	0	0	1776369533727
2821	1327	3502	9202	0	0	0	0	1776369534729
2790	1334	3458	9278	0	0	0	0	1776369535743
2792	1356	3416	9234	0	0	0	0	1776369536745
2858	1319	3554	9083	0	0	0	0	1776369537759
2816	1335	3490	9387	0	0	0	0	1776369538762
2919	1309	3529	9062	0	0	0	0	1776369539759
2813	1303	3540	9187	0	0	0	0	1776369540759
2894	1343	3559	9130	0	0	0	0	1776369541773
2898	1334	3407	9430	0	0	0	0	1776369542778
2896	1307	3516	9259	0	0	0	0	1776369543786
2876	1344	3560	9094	0	0	0	0	1776369544793
2834	1310	3563	9336	0	0	0	0	1776369545807
2865	1351	3518	9407	0	0	0	0	1776369546809
2802	1309	3514	9269	0	0	0	0	1776369547801
2864	1346	3423	9301	0	0	0	0	1776369548806
2854	1359	3552	9059	0	0	0	0	1776369549802
2802	1353	3435	9116	0	0	0	0	1776369550809
2897	1296	3449	9285	0	0	0	0	1776369551801
2831	1306	3414	9337	0	0	0	0	1776369552807
2909	1312	3482	9261	0	0	0	0	1776369553801
2876	1303	3541	9326	0	0	0	0	1776369554809
2894	1314	3521	9049	0	0	0	0	1776369555818
2851	1350	3569	9412	0	0	0	0	1776369556823
2808	1310	3462	9053	0	0	0	0	1776369557823
2870	1296	3472	9394	0	0	0	0	1776369558821
2857	1343	3539	9184	0	0	0	0	1776369559818
2918	1346	3491	9090	0	0	0	0	1776369560819
2825	1302	3472	9403	0	0	0	0	1776369561819
2815	1359	3413	9091	0	0	0	0	1776369562825
2847	1301	3448	9016	0	0	0	0	1776369563817
2825	1356	3544	9241	0	0	0	0	1776369564817
2832	1300	3469	9073	0	0	0	0	1776369565823
2836	1331	3427	9113	0	0	0	0	1776369566825
2848	1359	3471	9337	0	0	0	0	1776369567817
2793	1313	3434	9199	0	0	0	0	1776369568825
2813	1318	3521	9060	0	0	0	0	1776369569839
2877	1304	3435	9228	0	0	0	0	1776369570841
2799	1308	3448	9443	0	0	0	0	1776369571833
2879	1341	3406	9245	0	0	0	0	1776369572841
2791	1305	3496	9390	0	0	0	0	1776369573833
2834	1306	3440	9123	0	0	0	0	1776369574842
2835	1320	3527	9371	0	0	0	0	1776369575838
2827	1309	3457	9201	0	0	0	0	1776369576842
2792	1338	3489	9187	0	0	0	0	1776369577839
2860	1304	3503	9199	0	0	0	0	1776369578840
2790	1313	3461	9024	0	0	0	0	1776369579833
2896	1343	3441	9107	0	0	0	0	1776369580841
2902	1301	3552	9396	0	0	0	0	1776369581833
2812	1325	3459	9419	0	0	0	0	1776369582841
2825	1330	3473	9301	0	0	0	0	1776369583845
2889	1312	3498	9291	0	0	0	0	1776369584859
2825	1336	3532	9331	0	0	0	0	1776369585849
2827	1336	3488	9162	0	0	0	0	1776369586857
2793	1354	3508	9096	0	0	0	0	1776369587849
2876	1340	3490	9368	0	0	0	0	1776369588849
2868	1328	3473	9158	0	0	0	0	1776369589871
2808	1301	3493	9382	0	0	0	0	1776369590873
2826	1301	3460	9452	0	0	0	0	1776369591865
2907	1296	3513	9336	0	0	0	0	1776369592864
2805	1354	3464	9263	0	0	0	0	1776369593890
2895	1312	3498	9194	0	0	0	0	1776369594879
2886	1345	3485	9052	0	0	0	0	1776369595881
2842	1306	3456	9142	0	0	0	0	1776369596889
2806	1298	3435	9298	0	0	0	0	1776369597882
2810	1336	3490	9254	0	0	0	0	1776369598886
2921	1338	3508	9270	0	0	0	0	1776369599881
2896	1303	3436	9165	0	0	0	0	1776369600889
2802	1303	3438	9146	0	0	0	0	1776369601881
2820	1337	3485	9047	0	0	0	0	1776369602880
2910	1325	3410	9209	0	0	0	0	1776369603890
2906	1347	3433	9298	0	0	0	0	1776369604889
2838	1316	3526	9070	0	0	0	0	1776369605881
2865	1344	3412	9035	0	0	0	0	1776369606889
2917	1351	3467	9326	0	0	0	0	1776369607881
2786	1308	3476	9343	0	0	0	0	1776369608890
2819	1350	3521	9246	0	0	0	0	1776369609881
2866	1321	3554	9416	0	0	0	0	1776369610884
2813	1333	3558	9126	0	0	0	0	1776369611883
2822	1310	3405	9034	0	0	0	0	1776369612882
2920	1356	3536	9341	0	0	0	0	1776369613895
2793	1299	3416	9294	0	0	0	0	1776369614895
2866	1317	3524	9396	0	0	0	0	1776369615903
2916	1351	3522	9211	0	0	0	0	1776369616909
2791	1345	3481	9440	0	0	0	0	1776369617897
2899	1306	3571	9401	0	0	0	0	1776369618898
2790	1347	3521	9450	0	0	0	0	1776369619898
2813	1299	3463	9020	0	0	0	0	1776369620898
2833	1331	3550	9410	0	0	0	0	1776369621897
2818	1307	3464	9298	0	0	0	0	1776369622905
2861	1341	3484	9319	0	0	0	0	1776369623897
2908	1343	3484	9051	0	0	0	0	1776369624911
2905	1327	3468	9178	0	0	0	0	1776369625914
2842	1330	3552	9411	0	0	0	0	1776369626928
2864	1342	3485	9088	0	0	0	0	1776369627929
2844	1354	3547	9313	0	0	0	0	1776369628927
2849	1346	3527	9246	0	0	0	0	1776369629929
2909	1342	3537	9129	0	0	0	0	1776369630928
2891	1333	3406	9037	0	0	0	0	1776369631929
2864	1326	3460	9350	0	0	0	0	1776369632927
2825	1336	3543	9201	0	0	0	0	1776369633930
2879	1307	3488	9245	0	0	0	0	1776369634938
2885	1358	3507	9303	0	0	0	0	1776369635929
2834	1322	3533	9114	0	0	0	0	1776369636943
2792	1311	3507	9378	0	0	0	0	1776369637945
2844	1318	3427	9117	0	0	0	0	1776369638943
2811	1335	3514	9331	0	0	0	0	1776369639943
2866	1339	3442	9288	0	0	0	0	1776369640958
2880	1348	3558	9289	0	0	0	0	1776369641961
2873	1340	3562	9274	0	0	0	0	1776369642959
2819	1307	3559	9333	0	0	0	0	1776369643961
2860	1309	3526	9301	0	0	0	0	1776369644959
2836	1332	3488	9288	0	0	0	0	1776369645975
2841	1338	3452	9063	0	0	0	0	1776369646977
2828	1321	3524	9246	0	0	0	0	1776369647980
2812	1358	3525	9235	0	0	0	0	1776369648991
2881	1339	3443	9447	0	0	0	0	1776369649993
2805	1341	3466	9095	0	0	0	0	1776369650991
2834	1357	3439	9337	0	0	0	0	1776369651994
2812	1355	3571	9035	0	0	0	0	1776369653004
2879	1319	3508	9054	0	0	0	0	1776369654006
2893	1314	3485	9177	0	0	0	0	1776369655005
2871	1333	3492	9444	0	0	0	0	1776369656010
2861	1359	3486	9434	0	0	0	0	1776369657017
2850	1349	3555	9090	0	0	0	0	1776369658007
2854	1349	3550	9163	0	0	0	0	1776369659007
2830	1357	3456	9252	0	0	0	0	1776369660009
2805	1306	3475	9156	0	0	0	0	1776369661023
2860	1314	3560	9391	0	0	0	0	1776369662023
2913	1349	3418	9138	0	0	0	0	1776369663039
2807	1346	3468	9380	0	0	0	0	1776369664041
2882	1318	3461	9072	0	0	0	0	1776369665054
2813	1355	3528	9167	0	0	0	0	1776369666057
2908	1342	3546	9323	0	0	0	0	1776369667069
2846	1345	3492	9403	0	0	0	0	1776369668069
2914	1331	3531	9279	0	0	0	0	1776369669067
2826	1356	3511	9357	0	0	0	0	1776369670073
2901	1357	3544	9323	0	0	0	0	1776369671076
2916	1335	3419	9268	0	0	0	0	1776369672073
2866	1340	3564	9337	0	0	0	0	1776369673087
2837	1331	3543	9259	0	0	0	0	1776369674083
2802	1359	3546	9175	0	0	0	0	1776369675098
2892	1298	3512	9239	0	0	0	0	1776369676085
2808	1342	3418	9306	0	0	0	0	1776369677103
2820	1357	3523	9013	0	0	0	0	1776369678105
2809	1313	3415	9209	0	0	0	0	1776369679119
2797	1342	3481	9427	0	0	0	0	1776369680124
2830	1335	3545	9047	0	0	0	0	1776369681115
2847	1318	3446	9214	0	0	0	0	1776369682122
2918	1312	3405	9096	0	0	0	0	1776369683135
2804	1320	3524	9251	0	0	0	0	1776369684130
2878	1315	3471	9098	0	0	0	0	1776369685130
2796	1357	3544	9384	0	0	0	0	1776369686131
2887	1321	3533	9053	0	0	0	0	1776369687130
2876	1342	3404	9419	0	0	0	0	1776369688137
2842	1344	3515	9191	0	0	0	0	1776369689146
2809	1357	3457	9309	0	0	0	0	1776369690153
2923	1306	3512	9385	0	0	0	0	1776369691152
2805	1324	3532	9136	0	0	0	0	1776369692154
2803	1355	3405	9174	0	0	0	0	1776369693162
2907	1331	3520	9429	0	0	0	0	1776369694169
2816	1358	3531	9317	0	0	0	0	1776369695162
2893	1311	3406	9359	0	0	0	0	1776369696161
2851	1344	3436	9449	0	0	0	0	1776369697162
2905	1358	3503	9190	0	0	0	0	1776369698170
2825	1315	3423	9317	0	0	0	0	1776369699161
2879	1348	3541	9183	0	0	0	0	1776369700164
2805	1308	3511	9276	0	0	0	0	1776369701162
2867	1321	3566	9235	0	0	0	0	1776369702169
2922	1334	3443	9318	0	0	0	0	1776369703161
2903	1353	3404	9426	0	0	0	0	1776369704191
2900	1309	3500	9092	0	0	0	0	1776369705180
2861	1299	3422	9098	0	0	0	0	1776369706185
2888	1316	3522	9071	0	0	0	0	1776369707177
2842	1306	3511	9337	0	0	0	0	1776369708184
2918	1344	3503	9187	0	0	0	0	1776369709177
2911	1303	3458	9278	0	0	0	0	1776369710185
2859	1354	3493	9234	0	0	0	0	1776369711178
2859	1316	3572	9083	0	0	0	0	1776369712179
2806	1345	3410	9399	0	0	0	0	1776369713177
2897	1346	3476	9049	0	0	0	0	1776369714178
2879	1349	3533	9438	0	0	0	0	1776369715177
2852	1301	3444	9318	0	0	0	0	1776369716177
2918	1309	3413	9429	0	0	0	0	1776369717178
2791	1315	3434	9359	0	0	0	0	1776369718182
2821	1330	3414	9165	0	0	0	0	1776369719183
2787	1304	3442	9371	0	0	0	0	1776369720245
2824	1298	3441	9153	0	0	0	0	1776369721177
2821	1349	3500	9327	0	0	0	0	1776369722185
2902	1327	3497	9127	0	0	0	0	1776369723177
2838	1308	3423	9235	0	0	0	0	1776369724185
2810	1309	3463	9217	0	0	0	0	1776369725178
2919	1334	3521	9384	0	0	0	0	1776369726185
2917	1303	3514	9166	0	0	0	0	1776369727177
2892	1357	3439	9020	0	0	0	0	1776369728177
2886	1338	3423	9267	0	0	0	0	1776369729177
2855	1347	3500	9294	0	0	0	0	1776369730185
2865	1352	3561	9177	0	0	0	0	1776369731177
2792	1305	3449	9139	0	0	0	0	1776369732185
2900	1319	3426	9157	0	0	0	0	1776369733177
2814	1336	3446	9404	0	0	0	0	1776369734186
2898	1311	3523	9339	0	0	0	0	1776369735192
2857	1324	3560	9317	0	0	0	0	1776369736192
2801	1312	3542	9304	0	0	0	0	1776369737194
2814	1315	3562	9403	0	0	0	0	1776369738201
2807	1337	3509	9281	0	0	0	0	1776369739193
2892	1331	3434	9305	0	0	0	0	1776369740194
2850	1314	3438	9160	0	0	0	0	1776369741194
2898	1297	3447	9123	0	0	0	0	1776369742201
2880	1332	3406	9172	0	0	0	0	1776369743193
2858	1307	3421	9240	0	0	0	0	1776369744193
2815	1323	3497	9075	0	0	0	0	1776369745193
2791	1359	3477	9346	0	0	0	0	1776369746201
2857	1323	3569	9255	0	0	0	0	1776369747194
2860	1298	3502	9214	0	0	0	0	1776369748201
2834	1336	3481	9345	0	0	0	0	1776369749193
2829	1322	3502	9370	0	0	0	0	1776369750231
2827	1340	3443	9259	0	0	0	0	1776369751215
2866	1347	3484	9426	0	0	0	0	1776369752209
2922	1349	3430	9292	0	0	0	0	1776369753211
2881	1326	3543	9289	0	0	0	0	1776369754208
2814	1349	3481	9242	0	0	0	0	1776369755209
2876	1310	3477	9308	0	0	0	0	1776369756217
2904	1296	3518	9421	0	0	0	0	1776369757209
2898	1321	3421	9034	0	0	0	0	1776369758226
2829	1313	3553	9089	0	0	0	0	1776369759225
2852	1357	3488	9101	0	0	0	0	1776369760231
2785	1301	3547	9276	0	0	0	0	1776369761247
2803	1320	3417	9257	0	0	0	0	1776369762240
2881	1326	3427	9307	0	0	0	0	1776369763247
2847	1343	3523	9396	0	0	0	0	1776369764252
2821	1298	3528	9141	0	0	0	0	1776369765241
2875	1336	3520	9274	0	0	0	0	1776369766239
2821	1354	3420	9054	0	0	0	0	1776369767252
2864	1311	3469	9148	0	0	0	0	1776369768255
2853	1347	3562	9209	0	0	0	0	1776369769264
2903	1317	3567	9214	0	0	0	0	1776369770269
2831	1296	3568	9105	0	0	0	0	1776369771257
2887	1309	3503	9268	0	0	0	0	1776369772255
2855	1318	3431	9444	0	0	0	0	1776369773258
2849	1341	3477	9309	0	0	0	0	1776369774255
2828	1310	3512	9057	0	0	0	0	1776369775263
2880	1315	3461	9042	0	0	0	0	1776369776266
2797	1335	3550	9277	0	0	0	0	1776369777256
2837	1357	3563	9431	0	0	0	0	1776369778265
2874	1298	3491	9317	0	0	0	0	1776369779263
2913	1312	3410	9351	0	0	0	0	1776369780322
2878	1332	3457	9063	0	0	0	0	1776369781272
2911	1314	3566	9115	0	0	0	0	1776369782271
2898	1351	3510	9124	0	0	0	0	1776369783273
2919	1344	3496	9097	0	0	0	0	1776369784272
2795	1305	3564	9171	0	0	0	0	1776369785273
2886	1352	3570	9221	0	0	0	0	1776369786288
2790	1308	3566	9315	0	0	0	0	1776369787287
2799	1328	3530	9397	0	0	0	0	1776369788287
2885	1316	3437	9104	0	0	0	0	1776369789300
2874	1358	3503	9139	0	0	0	0	1776369790303
2888	1324	3412	9118	0	0	0	0	1776369791305
2897	1309	3563	9034	0	0	0	0	1776369792315
2800	1297	3465	9080	0	0	0	0	1776369793303
2853	1343	3540	9021	0	0	0	0	1776369794316
2794	1302	3547	9290	0	0	0	0	1776369795318
2850	1333	3427	9097	0	0	0	0	1776369796319
2894	1310	3559	9446	0	0	0	0	1776369797319
2838	1320	3560	9074	0	0	0	0	1776369798330
2853	1333	3491	9232	0	0	0	0	1776369799321
2907	1316	3479	9333	0	0	0	0	1776369800335
2860	1352	3512	9108	0	0	0	0	1776369801349
2851	1304	3422	9374	0	0	0	0	1776369802349
2878	1320	3461	9312	0	0	0	0	1776369803354
2811	1303	3427	9270	0	0	0	0	1776369804367
2909	1354	3521	9276	0	0	0	0	1776369805369
2903	1306	3535	9247	0	0	0	0	1776369806382
2865	1354	3489	9127	0	0	0	0	1776369807402
2872	1340	3444	9065	0	0	0	0	1776369808413
2899	1316	3438	9239	0	0	0	0	1776369809411
2862	1340	3464	9248	0	0	0	0	1776369810432
2819	1338	3570	9126	0	0	0	0	1776369811433
2921	1343	3557	9119	0	0	0	0	1776369812441
2885	1297	3425	9171	0	0	0	0	1776369813433
2790	1355	3441	9067	0	0	0	0	1776369814426
2916	1299	3420	9326	0	0	0	0	1776369815433
2894	1357	3442	9040	0	0	0	0	1776369816442
2797	1358	3416	9214	0	0	0	0	1776369817444
2906	1300	3526	9268	0	0	0	0	1776369818442
2889	1332	3516	9378	0	0	0	0	1776369819444
2796	1299	3548	9179	0	0	0	0	1776369820459
2900	1305	3432	9384	0	0	0	0	1776369821465
2849	1315	3415	9109	0	0	0	0	1776369822463
2807	1336	3533	9207	0	0	0	0	1776369823466
2797	1343	3457	9025	0	0	0	0	1776369824474
2869	1327	3555	9061	0	0	0	0	1776369825482
2897	1350	3513	9265	0	0	0	0	1776369826473
2836	1342	3430	9077	0	0	0	0	1776369827481
2852	1341	3552	9270	0	0	0	0	1776369828473
2880	1356	3515	9022	0	0	0	0	1776369829475
2809	1354	3425	9276	0	0	0	0	1776369830473
2883	1313	3458	9089	0	0	0	0	1776369831481
2793	1338	3470	9097	0	0	0	0	1776369832473
2827	1325	3518	9135	0	0	0	0	1776369833474
2829	1340	3497	9212	0	0	0	0	1776369834473
2803	1344	3462	9322	0	0	0	0	1776369835481
2851	1315	3509	9437	0	0	0	0	1776369836495
2913	1296	3536	9404	0	0	0	0	1776369837497
2852	1320	3435	9163	0	0	0	0	1776369838495
2880	1335	3483	9048	0	0	0	0	1776369839497
2817	1318	3420	9353	0	0	0	0	1776369840511
2886	1330	3539	9099	0	0	0	0	1776369841506
2868	1308	3464	9023	0	0	0	0	1776369842505
2853	1314	3569	9248	0	0	0	0	1776369843511
2869	1327	3483	9299	0	0	0	0	1776369844505
2896	1359	3549	9068	0	0	0	0	1776369845513
2886	1317	3452	9085	0	0	0	0	1776369846505
2911	1312	3447	9367	0	0	0	0	1776369847508
2878	1323	3457	9300	0	0	0	0	1776369848505
2904	1316	3490	9352	0	0	0	0	1776369849513
2904	1296	3567	9086	0	0	0	0	1776369850511
2861	1357	3561	9302	0	0	0	0	1776369851505
2814	1351	3495	9067	0	0	0	0	1776369852505
2852	1327	3414	9129	0	0	0	0	1776369853513
2788	1321	3524	9336	0	0	0	0	1776369854511
2786	1349	3510	9306	0	0	0	0	1776369855513
2851	1329	3559	9120	0	0	0	0	1776369856505
2863	1325	3432	9273	0	0	0	0	1776369857514
2835	1343	3452	9029	0	0	0	0	1776369858523
2861	1319	3518	9072	0	0	0	0	1776369859528
2872	1301	3524	9058	0	0	0	0	1776369860522
2894	1306	3520	9273	0	0	0	0	1776369861525
2787	1309	3527	9127	0	0	0	0	1776369862521
2795	1359	3508	9394	0	0	0	0	1776369863529
2852	1313	3448	9098	0	0	0	0	1776369864522
2867	1332	3533	9059	0	0	0	0	1776369865525
2838	1296	3523	9036	0	0	0	0	1776369866521
2802	1306	3417	9333	0	0	0	0	1776369867526
2817	1344	3461	9445	0	0	0	0	1776369868523
2877	1335	3472	9066	0	0	0	0	1776369869524
2799	1319	3462	9083	0	0	0	0	1776369870521
2830	1316	3426	9222	0	0	0	0	1776369871529
2904	1313	3439	9214	0	0	0	0	1776369872521
2905	1312	3553	9155	0	0	0	0	1776369873529
2885	1325	3549	9150	0	0	0	0	1776369874522
2831	1356	3422	9185	0	0	0	0	1776369875530
2877	1328	3449	9197	0	0	0	0	1776369876521
2921	1326	3572	9339	0	0	0	0	1776369877529
2849	1328	3545	9317	0	0	0	0	1776369878522
2904	1326	3482	9118	0	0	0	0	1776369879530
2888	1306	3422	9103	0	0	0	0	1776369880535
2811	1307	3529	9189	0	0	0	0	1776369881530
2811	1341	3510	9189	0	0	0	0	1776369882521
2868	1319	3421	9040	0	0	0	0	1776369883529
2836	1357	3549	9349	0	0	0	0	1776369884542
2855	1318	3420	9007	0	0	0	0	1776369885545
2795	1313	3434	9230	0	0	0	0	1776369886538
2918	1300	3445	9451	0	0	0	0	1776369887536
2793	1333	3539	9443	0	0	0	0	1776369888538
2787	1356	3432	9116	0	0	0	0	1776369889545
2837	1320	3425	9442	0	0	0	0	1776369890537
2789	1297	3405	9225	0	0	0	0	1776369891538
2821	1343	3520	9118	0	0	0	0	1776369892536
2872	1353	3444	9150	0	0	0	0	1776369893546
2806	1312	3426	9019	0	0	0	0	1776369894537
2894	1341	3489	9201	0	0	0	0	1776369895545
2860	1304	3507	9215	0	0	0	0	1776369896537
2816	1307	3510	9017	0	0	0	0	1776369897545
2808	1302	3570	9239	0	0	0	0	1776369898543
2833	1332	3515	9133	0	0	0	0	1776369899546
2829	1326	3459	9256	0	0	0	0	1776369900538
2878	1342	3454	9010	0	0	0	0	1776369901546
2847	1303	3475	9151	0	0	0	0	1776369902536
2875	1299	3464	9233	0	0	0	0	1776369903546
2838	1325	3466	9060	0	0	0	0	1776369904537
2859	1328	3476	9177	0	0	0	0	1776369905545
2915	1327	3493	9406	0	0	0	0	1776369906541
2847	1335	3443	9258	0	0	0	0	1776369907544
2894	1346	3507	9390	0	0	0	0	1776369908538
2795	1325	3449	9304	0	0	0	0	1776369909546
2819	1324	3534	9418	0	0	0	0	1776369910538
2785	1341	3541	9143	0	0	0	0	1776369911537
2800	1306	3555	9312	0	0	0	0	1776369912556
2873	1331	3445	9107	0	0	0	0	1776369913552
2868	1307	3467	9150	0	0	0	0	1776369914553
2799	1346	3411	9156	0	0	0	0	1776369915562
2809	1315	3504	9007	0	0	0	0	1776369916553
2881	1342	3492	9236	0	0	0	0	1776369917562
2903	1353	3471	9019	0	0	0	0	1776369918553
2919	1315	3442	9060	0	0	0	0	1776369919563
2819	1353	3530	9222	0	0	0	0	1776369920553
2826	1356	3426	9258	0	0	0	0	1776369921561
2904	1347	3506	9178	0	0	0	0	1776369922553
2855	1341	3491	9204	0	0	0	0	1776369923562
2821	1337	3418	9414	0	0	0	0	1776369924552
2790	1306	3411	9237	0	0	0	0	1776369925556
2829	1301	3406	9262	0	0	0	0	1776369926553
2824	1325	3418	9075	0	0	0	0	1776369927561
2795	1313	3483	9290	0	0	0	0	1776369928554
2888	1316	3491	9389	0	0	0	0	1776369929562
2877	1357	3411	9150	0	0	0	0	1776369930555
2886	1296	3563	9287	0	0	0	0	1776369931565
2871	1325	3469	9078	0	0	0	0	1776369932554
2853	1319	3520	9291	0	0	0	0	1776369933552
2788	1336	3416	9393	0	0	0	0	1776369934569
2905	1347	3445	9401	0	0	0	0	1776369935568
2880	1354	3465	9017	0	0	0	0	1776369936575
2898	1313	3517	9299	0	0	0	0	1776369937579
2888	1314	3494	9364	0	0	0	0	1776369938575
2857	1315	3482	9049	0	0	0	0	1776369939568
2866	1317	3408	9390	0	0	0	0	1776369940585
2801	1358	3430	9180	0	0	0	0	1776369941599
2828	1306	3449	9083	0	0	0	0	1776369942602
2892	1357	3473	9395	0	0	0	0	1776369943614
2911	1324	3440	9315	0	0	0	0	1776369944618
2888	1324	3404	9159	0	0	0	0	1776369945631
2800	1323	3509	9281	0	0	0	0	1776369946630
2816	1310	3551	9071	0	0	0	0	1776369947648
2818	1354	3538	9147	0	0	0	0	1776369948649
2869	1336	3541	9419	0	0	0	0	1776369949663
2833	1315	3409	9013	0	0	0	0	1776369950666
2847	1331	3475	9150	0	0	0	0	1776369951675
2802	1327	3411	9317	0	0	0	0	1776369952663
2882	1326	3536	9303	0	0	0	0	1776369953662
2862	1358	3509	9283	0	0	0	0	1776369954682
2910	1321	3454	9328	0	0	0	0	1776369955678
2819	1349	3567	9252	0	0	0	0	1776369956681
2862	1355	3417	9385	0	0	0	0	1776369957677
2859	1339	3453	9349	0	0	0	0	1776369958682
2818	1309	3527	9335	0	0	0	0	1776369959689
2850	1339	3554	9366	0	0	0	0	1776369960678
2919	1357	3470	9248	0	0	0	0	1776369961678
2836	1333	3502	9159	0	0	0	0	1776369962682
2883	1324	3491	9217	0	0	0	0	1776369963679
2855	1340	3497	9404	0	0	0	0	1776369964681
2917	1329	3539	9310	0	0	0	0	1776369965695
2864	1354	3484	9053	0	0	0	0	1776369966692
2876	1331	3429	9310	0	0	0	0	1776369967711
2802	1336	3571	9211	0	0	0	0	1776369968713
2922	1331	3504	9373	0	0	0	0	1776369969722
2803	1350	3496	9172	0	0	0	0	1776369970714
2816	1296	3470	9043	0	0	0	0	1776369971712
2842	1305	3414	9405	0	0	0	0	1776369972714
2846	1296	3471	9184	0	0	0	0	1776369973711
2877	1336	3445	9074	0	0	0	0	1776369974713
2901	1310	3508	9376	0	0	0	0	1776369975711
2855	1358	3507	9075	0	0	0	0	1776369976709
2868	1350	3488	9115	0	0	0	0	1776369977727
2813	1323	3410	9359	0	0	0	0	1776369978723
2808	1339	3432	9270	0	0	0	0	1776369979743
2848	1347	3531	9446	0	0	0	0	1776369980761
2793	1298	3562	9040	0	0	0	0	1776369981765
2829	1325	3487	9154	0	0	0	0	1776369982761
2796	1348	3436	9224	0	0	0	0	1776369983775
2866	1317	3446	9038	0	0	0	0	1776369984777
2826	1328	3547	9183	0	0	0	0	1776369985772
2882	1355	3506	9249	0	0	0	0	1776369986774
2911	1302	3482	9098	0	0	0	0	1776369987787
2799	1314	3422	9046	0	0	0	0	1776369988793
