5963	2803	5623	7014	0	0	0	0	1776461829807
5943	2774	5490	7033	0	0	0	0	1776461831444
5812	2734	0	6936	0	0	0	0	1776461833312
5755	2679	5343	0	0	0	0	0	1776461834371
5792	2692	5401	6756	0	0	0	0	1776461835617
5829	2694	5433	6626	0	0	0	0	1776461836874
5834	2708	5371	6653	0	0	0	0	1776461838156
5752	0	5231	6862	0	0	0	0	1776461839387
5720	2803	5123	6980	0	0	0	0	1776461840389
5667	2860	5044	6991	0	0	0	0	1776461841589
5654	2860	4953	6904	0	0	0	0	1776461843093
5697	0	4824	6807	0	0	0	0	1776461844611
5809	2828	0	6718	0	0	0	0	1776461845888
5795	2777	4890	6584	0	0	0	0	1776461847166
5740	2704	5185	6675	0	0	0	0	1776461848391
5727	2685	5345	7005	0	0	0	0	1776461849643
5841	2620	5408	7198	0	0	0	0	1776461850653
5899	2550	5409	7264	0	0	0	0	1776461851878
5911	2552	5302	7268	0	0	0	0	1776461853153
5904	2497	5167	7185	0	0	0	0	1776461854382
5858	2438	5053	7042	0	0	0	0	1776461855611
5768	2395	5061	0	0	0	0	0	1776461856636
5736	2399	5239	6933	0	0	0	0	1776461857865
5754	2550	5384	6824	0	0	0	0	1776461859508
5794	2641	5401	6834	0	0	0	0	1776461861156
5774	2666	0	6901	0	0	0	0	1776461862478
5716	2660	5336	6839	0	0	0	0	1776461863715
5735	2650	5381	6736	0	0	0	0	1776461864883
5788	2659	5414	6605	0	0	0	0	1776461866162
5804	2668	5354	6642	0	0	0	0	1776461867698
5739	2699	5219	0	0	0	0	0	1776461868876
5710	2788	5119	6875	0	0	0	0	1776461869898
5651	2853	5036	6966	0	0	0	0	1776461871182
5624	0	4897	6897	0	0	0	0	1776461872694
5652	2856	4779	6794	0	0	0	0	1776461873958
5731	2823	4817	6681	0	0	0	0	1776461875199
5777	2759	4890	6506	0	0	0	0	1776461876454
5762	2712	5172	0	0	0	0	0	1776461877787
5707	2683	5328	6599	0	0	0	0	1776461879060
5766	2627	5378	6946	0	0	0	0	1776461880141
5851	2550	5346	7163	0	0	0	0	1776461881126
5886	2554	5230	7240	0	0	0	0	1776461882340
5890	2487	5125	7243	0	0	0	0	1776461883590
5872	2450	5035	7162	0	0	0	0	1776461884852
5814	2377	5049	7026	0	0	0	0	1776461886127
5734	2405	0	6905	0	0	0	0	1776461887563
5740	2542	5241	6806	0	0	0	0	1776461888844
5789	2632	5382	6836	0	0	0	0	1776461890082
5800	2655	5391	6876	0	0	0	0	1776461891352
5773	2639	5287	6860	0	0	0	0	1776461892683
5721	2646	5359	6734	0	0	0	0	1776461894375
5782	2660	5397	0	0	0	0	0	1776461895401
5803	2664	5332	6545	0	0	0	0	1776461896524
5784	2683	5225	6623	0	0	0	0	1776461897758
5744	2783	5092	6860	0	0	0	0	1776461899188
5668	0	5037	6950	0	0	0	0	1776461900423
5630	2843	4882	6965	0	0	0	0	1776461901504
5647	2856	4773	6869	0	0	0	0	1776461902746
5717	2829	4808	6778	0	0	0	0	1776461904206
5777	2770	4861	6664	0	0	0	0	1776461905843
5793	2691	5161	6503	0	0	0	0	1776461907118
5771	2675	5322	6624	0	0	0	0	1776461908350
5722	2631	5373	6946	0	0	0	0	1776461909630
5856	2557	0	7145	0	0	0	0	1776461910756
5894	2561	5332	7233	0	0	0	0	1776461911985
5901	2483	5231	7243	0	0	0	0	1776461913221
5885	2453	5115	7143	0	0	0	0	1776461914490
5791	0	5045	7049	0	0	0	0	1776461915671
5743	2413	5077	6936	0	0	0	0	1776461916653
5708	2419	5237	6804	0	0	0	0	1776461917829
5777	2551	5367	6839	0	0	0	0	1776461919284
5803	2645	5386	6908	0	0	0	0	1776461920966
5803	2647	5267	0	0	0	0	0	1776461922378
5746	2648	5318	6886	0	0	0	0	1776461923763
5767	2659	0	6739	0	0	0	0	1776461924925
5798	2668	5368	6601	0	0	0	0	1776461926016
5799	2683	5321	6671	0	0	0	0	1776461927450
5761	0	5106	6877	0	0	0	0	1776461928752
5684	2771	0	6972	0	0	0	0	1776461929978
5648	2836	5008	6984	0	0	0	0	1776461931197
5646	2849	4856	6878	0	0	0	0	1776461932438
5706	2838	4755	6767	0	0	0	0	1776461933812
5773	2795	4799	6654	0	0	0	0	1776461935408
5795	2705	4858	6488	0	0	0	0	1776461936666
5779	2683	5141	6633	0	0	0	0	1776461937939
5740	2623	5296	6997	0	0	0	0	1776461939167
5841	0	5350	7193	0	0	0	0	1776461940197
5891	2551	5319	7265	0	0	0	0	1776461941450
5901	2564	5202	7281	0	0	0	0	1776461942705
5882	2491	5110	7162	0	0	0	0	1776461943946
5814	2446	5044	0	0	0	0	0	1776461945210
5762	2398	5053	7015	0	0	0	0	1776461946186
5720	2359	5260	6925	0	0	0	0	1776461947259
5757	2516	5366	6799	0	0	0	0	1776461948908
5793	2619	5373	6861	0	0	0	0	1776461950592
5797	2645	0	6914	0	0	0	0	1776461951968
5753	2636	5279	6828	0	0	0	0	1776461953223
5747	0	5318	6727	0	0	0	0	1776461954427
5795	2659	5357	0	0	0	0	0	1776461955713
5806	2676	5301	6591	0	0	0	0	1776461957004
5736	0	5193	6729	0	0	0	0	1776461958421
5701	2761	5086	6917	0	0	0	0	1776461959417
5664	2834	4990	6993	0	0	0	0	1776461960425
5637	2846	4826	6956	0	0	0	0	1776461961803
5672	2849	4734	6889	0	0	0	0	1776461963464
5762	0	4795	6683	0	0	0	0	1776461964767
5796	2781	4881	6536	0	0	0	0	1776461965996
5791	2723	5154	6608	0	0	0	0	1776461967387
5691	2673	5305	0	0	0	0	0	1776461968666
5794	2649	5349	6972	0	0	0	0	1776461969696
5866	2548	5317	7178	0	0	0	0	1776461970712
5894	2560	5211	7258	0	0	0	0	1776461971763
5892	2509	5106	7271	0	0	0	0	1776461973018
5850	2447	5041	7176	0	0	0	0	1776461974244
5818	2424	5047	7042	0	0	0	0	1776461975536
5733	2340	0	6910	0	0	0	0	1776461976722
5750	2486	5249	6824	0	0	0	0	1776461977875
5797	2607	5360	6903	0	0	0	0	1776461979128
5811	2652	5366	6951	0	0	0	0	1776461980754
5773	2659	5227	6857	0	0	0	0	1776461982436
5740	2647	5318	0	0	0	0	0	1776461983947
5792	2656	5354	6758	0	0	0	0	1776461984950
5809	2665	5300	6611	0	0	0	0	1776461985967
5791	2685	5191	6758	0	0	0	0	1776461987194
5750	2748	5103	6948	0	0	0	0	1776461988426
5709	2844	4946	7012	0	0	0	0	1776461989733
5630	0	4815	6994	0	0	0	0	1776461990951
5655	2851	4749	6878	0	0	0	0	1776461992190
5740	2827	4783	6777	0	0	0	0	1776461993646
5790	2820	4847	6690	0	0	0	0	1776461995237
5802	2696	5120	6555	0	0	0	0	1776461996540
5762	2694	5289	6681	0	0	0	0	1776461997799
5720	2650	5343	6996	0	0	0	0	1776461999074
5868	2542	0	7179	0	0	0	0	1776462000207
5903	2560	5286	7255	0	0	0	0	1776462001226
5909	2494	5197	7266	0	0	0	0	1776462002478
5872	2451	5088	7143	0	0	0	0	1776462003710
5824	2413	5002	7032	0	0	0	0	1776462005010
5752	2344	5021	0	0	0	0	0	1776462006253
5728	0	5213	6773	0	0	0	0	1776462007469
5782	2600	5322	0	0	0	0	0	1776462008819
5802	2644	5338	6898	0	0	0	0	1776462010233
5793	2650	5208	6937	0	0	0	0	1776462011873
5744	2652	5284	6793	0	0	0	0	1776462013206
5700	2660	5328	6716	0	0	0	0	1776462014461
5801	2668	5278	0	0	0	0	0	1776462015715
5802	2684	5165	6540	0	0	0	0	1776462016949
5753	2751	5078	6749	0	0	0	0	1776462018220
5719	2833	4929	6924	0	0	0	0	1776462019452
5630	0	4809	6988	0	0	0	0	1776462020699
5649	2852	4718	6942	0	0	0	0	1776462021968
5712	2842	0	6740	0	0	0	0	1776462023361
5776	2828	4762	6655	0	0	0	0	1776462024638
5797	2685	4839	6534	0	0	0	0	1776462025878
5774	2686	5076	6766	0	0	0	0	1776462027436
5739	2662	5259	0	0	0	0	0	1776462028743
5845	2560	5321	7065	0	0	0	0	1776462029718
5889	2569	5292	7237	0	0	0	0	1776462030721
5902	2511	5183	7298	0	0	0	0	1776462031923
5886	2466	5089	7259	0	0	0	0	1776462033174
5837	2431	4995	7160	0	0	0	0	1776462034455
5752	0	5018	6982	0	0	0	0	1776462035734
5706	2341	5176	6881	0	0	0	0	1776462036754
5764	2443	5309	6825	0	0	0	0	1776462038346
5794	2636	0	6906	0	0	0	0	1776462039787
5793	2645	5318	6924	0	0	0	0	1776462041055
5740	2635	5187	6798	0	0	0	0	1776462042442
5748	2641	5275	0	0	0	0	0	1776462044002
5790	2649	5323	6685	0	0	0	0	1776462045001
5799	2683	5287	6563	0	0	0	0	1776462046073
5770	2737	5148	6788	0	0	0	0	1776462047464
5682	0	5024	6926	0	0	0	0	1776462049001
5654	2836	4899	6987	0	0	0	0	1776462049994
5639	2852	4795	6930	0	0	0	0	1776462050992
5689	2850	4706	6819	0	0	0	0	1776462052477
5768	2815	4749	6747	0	0	0	0	1776462054130
5796	2710	4827	6635	0	0	0	0	1776462055451
5789	2679	5095	6536	0	0	0	0	1776462056683
5746	2652	5260	6806	0	0	0	0	1776462057951
5690	2546	5309	7116	0	0	0	0	1776462059199
5878	0	5258	7265	0	0	0	0	1776462060277
5892	2560	5170	7313	0	0	0	0	1776462061252
5892	2521	5063	7240	0	0	0	0	1776462062411
5844	2457	4997	7109	0	0	0	0	1776462063656
5797	2422	4998	7014	0	0	0	0	1776462064915
5713	2321	0	6900	0	0	0	0	1776462066254
5764	2440	5191	6808	0	0	0	0	1776462067435
5799	2582	5303	6905	0	0	0	0	1776462069083
5799	2634	5328	6934	0	0	0	0	1776462070751
5754	2642	5185	0	0	0	0	0	1776462072055
5716	2648	5253	6790	0	0	0	0	1776462073311
5789	0	5284	6660	0	0	0	0	1776462074545
5801	2650	5241	6661	0	0	0	0	1776462075678
5769	2679	5156	6867	0	0	0	0	1776462076999
5735	2752	4990	6989	0	0	0	0	1776462078227
5705	2842	4896	7010	0	0	0	0	1776462079466
5622	2855	4804	0	0	0	0	0	1776462080641
5657	0	4691	6821	0	0	0	0	1776462081970
5742	2843	4708	6717	0	0	0	0	1776462083255
5780	2787	4762	6614	0	0	0	0	1776462084577
5789	2727	5008	6563	0	0	0	0	1776462085910
5753	2676	5214	6855	0	0	0	0	1776462087240
5698	2658	5275	7135	0	0	0	0	1776462088521
5800	2550	5273	7260	0	0	0	0	1776462089762
5889	2565	5157	0	0	0	0	0	1776462090927
5885	2501	5083	7308	0	0	0	0	1776462092156
5844	2465	4965	7185	0	0	0	0	1776462093411
5810	2395	4976	7120	0	0	0	0	1776462094713
5724	2320	0	6966	0	0	0	0	1776462095796
5738	2453	5151	6887	0	0	0	0	1776462096865
5786	2589	5278	6867	0	0	0	0	1776462098124
5793	2641	5297	6961	0	0	0	0	1776462099580
5764	2648	5178	6922	0	0	0	0	1776462101227
5703	2637	5250	6822	0	0	0	0	1776462102517
5705	2641	5274	6659	0	0	0	0	1776462104004
5789	2651	5197	0	0	0	0	0	1776462105077
5773	2676	5112	6596	0	0	0	0	1776462106285
5735	2734	4980	6870	0	0	0	0	1776462107517
5703	2820	4886	6986	0	0	0	0	1776462108762
5617	0	4809	7012	0	0	0	0	1776462110078
5641	2843	4680	6924	0	0	0	0	1776462111303
5721	2845	4718	6820	0	0	0	0	1776462112714
5773	2790	4793	6698	0	0	0	0	1776462114347
5787	2706	5046	6667	0	0	0	0	1776462115657
5755	2688	5228	6669	0	0	0	0	1776462116889
5712	2654	5287	6990	0	0	0	0	1776462118164
5848	2547	0	7201	0	0	0	0	1776462119344
5884	2563	5258	7303	0	0	0	0	1776462120343
5890	2513	5157	7331	0	0	0	0	1776462121344
5854	2457	5077	7246	0	0	0	0	1776462122506
5814	2419	4977	7083	0	0	0	0	1776462123715
5773	2327	4904	6970	0	0	0	0	1776462125228
5709	0	5026	6858	0	0	0	0	1776462126353
5762	2468	5213	6877	0	0	0	0	1776462127582
5784	2650	0	6950	0	0	0	0	1776462129021
5769	2650	5256	6912	0	0	0	0	1776462130656
5719	2650	5234	0	0	0	0	0	1776462132194
5682	2653	5253	6804	0	0	0	0	1776462133452
5786	2650	0	6634	0	0	0	0	1776462134601
5780	2681	5193	6649	0	0	0	0	1776462135592
5739	2741	5094	6890	0	0	0	0	1776462136823
5713	2829	4997	6988	0	0	0	0	1776462138363
5630	0	4887	7002	0	0	0	0	1776462139587
5640	2857	4800	6922	0	0	0	0	1776462140589
5703	2835	4676	6838	0	0	0	0	1776462141817
5766	2807	4650	6727	0	0	0	0	1776462143353
5788	2721	4736	6651	0	0	0	0	1776462144689
5751	2676	4938	6641	0	0	0	0	1776462145923
5724	2662	5156	6972	0	0	0	0	1776462147171
5735	2553	5240	7184	0	0	0	0	1776462148445
5838	2562	5248	7295	0	0	0	0	1776462149701
5894	0	5161	7318	0	0	0	0	1776462150902
5876	2505	5083	7184	0	0	0	0	1776462152159
5824	2460	4954	7095	0	0	0	0	1776462153399
5777	2418	4896	6961	0	0	0	0	1776462154648
5695	2317	5053	0	0	0	0	0	1776462155868
5754	2442	5214	6860	0	0	0	0	1776462157199
5785	2639	0	6868	0	0	0	0	1776462158721
5788	2650	5261	6920	0	0	0	0	1776462159964
5736	2649	5199	6920	0	0	0	0	1776462161225
5693	2645	5221	6794	0	0	0	0	1776462162471
5745	2643	5252	6590	0	0	0	0	1776462163866
5793	2667	5181	0	0	0	0	0	1776462165137
5744	2717	5081	6639	0	0	0	0	1776462166345
5709	0	4972	6978	0	0	0	0	1776462167959
5644	2817	4885	0	0	0	0	0	1776462169156
5624	2840	4791	6987	0	0	0	0	1776462170134
5679	2842	4666	6925	0	0	0	0	1776462171340
5754	0	4692	6696	0	0	0	0	1776462172954
5779	2811	4753	6631	0	0	0	0	1776462174206
5766	2699	4968	6573	0	0	0	0	1776462175514
5725	2671	5158	0	0	0	0	0	1776462176892
5692	2558	5232	6945	0	0	0	0	1776462178140
5815	2571	5231	7167	0	0	0	0	1776462179379
5893	0	5152	7284	0	0	0	0	1776462180420
5876	2505	5078	7297	0	0	0	0	1776462181402
5818	2461	4907	7222	0	0	0	0	1776462182626
5781	2405	4923	7071	0	0	0	0	1776462183905
5646	2326	0	6949	0	0	0	0	1776462185421
5677	2450	5074	6839	0	0	0	0	1776462186538
5720	2578	5219	6884	0	0	0	0	1776462187775
5726	2642	5246	6958	0	0	0	0	1776462189024
5688	2642	5155	6907	0	0	0	0	1776462190489
5646	2612	5194	6756	0	0	0	0	1776462192172
5665	2585	5224	0	0	0	0	0	1776462193409
5727	0	5152	6612	0	0	0	0	1776462194657
5706	2624	5053	6689	0	0	0	0	1776462195683
5657	2673	4937	6895	0	0	0	0	1776462196816
5638	2771	4876	6989	0	0	0	0	1776462198058
5586	2827	4788	6988	0	0	0	0	1776462199320
5591	0	4645	6921	0	0	0	0	1776462200662
5673	2842	4650	6780	0	0	0	0	1776462201954
5712	2771	4744	6692	0	0	0	0	1776462203585
5718	2696	4926	6563	0	0	0	0	1776462205001
5682	2693	5111	6632	0	0	0	0	1776462206226
5636	2660	5199	6986	0	0	0	0	1776462207457
5711	2566	5201	7200	0	0	0	0	1776462208699
5819	2567	0	7283	0	0	0	0	1776462209967
5823	2514	5109	7301	0	0	0	0	1776462210960
5776	2470	5009	7180	0	0	0	0	1776462211962
5745	2392	4856	7092	0	0	0	0	1776462213097
5703	2335	4857	6947	0	0	0	0	1776462214337
5658	2401	5021	6850	0	0	0	0	1776462215670
5667	2550	5190	6898	0	0	0	0	1776462217083
5731	2627	5209	0	0	0	0	0	1776462218534
5689	2632	5134	6963	0	0	0	0	1776462220211
5663	2634	5177	6860	0	0	0	0	1776462221642
5663	2621	5212	6765	0	0	0	0	1776462222870
5716	2601	5139	6612	0	0	0	0	1776462224128
5725	2638	0	6661	0	0	0	0	1776462225272
5674	2682	5051	6871	0	0	0	0	1776462226505
5647	2774	4959	6962	0	0	0	0	1776462227754
5599	2826	4862	6969	0	0	0	0	1776462229069
5583	0	4773	6891	0	0	0	0	1776462230244
5660	2831	4624	6799	0	0	0	0	1776462231499
5711	2793	4659	6669	0	0	0	0	1776462232729
5726	2683	4701	6593	0	0	0	0	1776462234005
5695	2683	4914	6682	0	0	0	0	1776462235421
5644	2666	5081	7005	0	0	0	0	1776462236771
5690	2574	5165	7202	0	0	0	0	1776462238026
5780	2559	5178	7283	0	0	0	0	1776462239272
5825	2504	5096	0	0	0	0	0	1776462240484
5800	2460	4977	7284	0	0	0	0	1776462241467
5756	2378	4828	7173	0	0	0	0	1776462242581
5708	2332	4846	7064	0	0	0	0	1776462243892
5679	2423	5025	6944	0	0	0	0	1776462245345
5694	2560	0	6819	0	0	0	0	1776462246696
5716	2634	5161	6894	0	0	0	0	1776462247957
5716	2640	5188	6961	0	0	0	0	1776462249232
5663	2626	5139	6830	0	0	0	0	1776462250444
5616	2625	5181	6741	0	0	0	0	1776462252057
5692	2581	5213	6602	0	0	0	0	1776462253710
5723	2619	5142	0	0	0	0	0	1776462254726
5683	2651	5011	6709	0	0	0	0	1776462255718
5651	2761	4936	6911	0	0	0	0	1776462257018
5609	2814	4861	6977	0	0	0	0	1776462258679
5578	0	4740	6982	0	0	0	0	1776462259734
5634	2830	4599	6879	0	0	0	0	1776462260807
5703	2804	4632	6773	0	0	0	0	1776462262019
5724	2681	4715	6640	0	0	0	0	1776462263451
5707	2681	4992	6522	0	0	0	0	1776462264697
5663	2673	5138	6655	0	0	0	0	1776462265958
5681	2579	5188	7009	0	0	0	0	1776462267208
5780	2551	5185	7210	0	0	0	0	1776462268441
5823	2537	5075	7288	0	0	0	0	1776462269712
5832	2479	4942	7289	0	0	0	0	1776462270943
5769	0	4855	7178	0	0	0	0	1776462272067
5728	2402	4868	7053	0	0	0	0	1776462273321
5682	2330	5070	6901	0	0	0	0	1776462274900
5689	2394	0	6840	0	0	0	0	1776462276163
5722	2543	5192	6888	0	0	0	0	1776462277394
5722	2631	5202	6925	0	0	0	0	1776462278647
5679	2634	5110	0	0	0	0	0	1776462280055
5637	2617	5178	6872	0	0	0	0	1776462281289
5668	2591	5208	6724	0	0	0	0	1776462282537
5711	2619	5119	6545	0	0	0	0	1776462283797
5721	2666	5022	6685	0	0	0	0	1776462285082
5657	0	4914	6882	0	0	0	0	1776462286255
5620	2751	4856	6944	0	0	0	0	1776462287532
5581	2810	4707	6947	0	0	0	0	1776462288767
5567	2834	4596	6856	0	0	0	0	1776462290047
5702	0	4638	6761	0	0	0	0	1776462291496
5728	2778	4707	6662	0	0	0	0	1776462293062
5716	2690	4969	6625	0	0	0	0	1776462294390
5671	2681	5112	6682	0	0	0	0	1776462295626
5646	2666	5164	7039	0	0	0	0	1776462296905
5773	2583	5157	7222	0	0	0	0	1776462298133
5832	2564	5089	7296	0	0	0	0	1776462299364
5829	2543	0	7302	0	0	0	0	1776462300488
5797	2469	4941	7166	0	0	0	0	1776462301511
5745	2415	4837	7037	0	0	0	0	1776462302790
5703	2330	4846	6945	0	0	0	0	1776462304020
5667	2378	5050	6812	0	0	0	0	1776462305270
5738	2536	5183	0	0	0	0	0	1776462306883
5745	2625	5195	6911	0	0	0	0	1776462308123
5707	2638	5096	6962	0	0	0	0	1776462309706
5663	2628	0	6853	0	0	0	0	1776462311006
5673	2604	5166	6748	0	0	0	0	1776462312240
5721	2628	5192	6603	0	0	0	0	1776462313531
5722	0	5011	0	0	0	0	0	1776462314777
5695	2668	4909	6750	0	0	0	0	1776462316046
5650	2754	4850	6926	0	0	0	0	1776462317282
5592	2823	4697	6978	0	0	0	0	1776462318556
5590	2836	0	6948	0	0	0	0	1776462319785
5683	0	4600	6757	0	0	0	0	1776462321173
5725	2800	4630	6648	0	0	0	0	1776462322424
5729	2702	4711	6529	0	0	0	0	1776462323683
5690	2682	4941	6715	0	0	0	0	1776462325166
5636	2677	5086	7070	0	0	0	0	1776462326453
5736	2580	5137	7240	0	0	0	0	1776462327696
5811	2562	5109	7305	0	0	0	0	1776462328929
5838	2542	5032	0	0	0	0	0	1776462330029
5806	2478	4938	7277	0	0	0	0	1776462331007
5765	2394	4835	7150	0	0	0	0	1776462331999
5720	2320	4853	7030	0	0	0	0	1776462333021
5677	2350	5011	6927	0	0	0	0	1776462334484
5688	2519	5142	6825	0	0	0	0	1776462336123
5751	2616	0	6912	0	0	0	0	1776462337604
5712	2630	5183	6939	0	0	0	0	1776462338835
5669	2632	5053	6857	0	0	0	0	1776462340130
5637	2634	5126	6727	0	0	0	0	1776462341810
5706	2627	5169	0	0	0	0	0	1776462343238
5732	0	5112	6538	0	0	0	0	1776462344329
5703	2671	5001	6779	0	0	0	0	1776462345308
5651	2762	4919	6947	0	0	0	0	1776462346316
5615	2819	4847	6991	0	0	0	0	1776462347811
5593	0	4675	6935	0	0	0	0	1776462349303
5668	2839	4590	6867	0	0	0	0	1776462350430
5724	2811	4596	6730	0	0	0	0	1776462351664
5741	2700	4652	6661	0	0	0	0	1776462352919
5707	2686	4919	6500	0	0	0	0	1776462354191
5654	2670	5083	6711	0	0	0	0	1776462355426
5699	2587	5136	7063	0	0	0	0	1776462356575
5794	2564	5121	7236	0	0	0	0	1776462357673
5832	2533	5023	7296	0	0	0	0	1776462358908
5839	2471	4907	7275	0	0	0	0	1776462360159
5815	2424	4813	7138	0	0	0	0	1776462361417
5736	2342	0	7031	0	0	0	0	1776462362669
5692	2371	4854	6910	0	0	0	0	1776462364226
5639	2514	5031	6836	0	0	0	0	1776462365461
5709	2614	5144	6922	0	0	0	0	1776462366712
5729	2634	5171	0	0	0	0	0	1776462368322
5685	2635	5059	6953	0	0	0	0	1776462369569
5632	2639	5120	6842	0	0	0	0	1776462370806
5690	2633	5157	6673	0	0	0	0	1776462371861
5726	2651	5104	6551	0	0	0	0	1776462373372
5734	2684	5015	6801	0	0	0	0	1776462374674
5666	2753	4907	0	0	0	0	0	1776462375857
5626	0	4797	7000	0	0	0	0	1776462377185
5583	2827	4631	6928	0	0	0	0	1776462378433
5590	2840	4593	6818	0	0	0	0	1776462379691
5648	2805	4620	6742	0	0	0	0	1776462380935
5716	2723	4662	6626	0	0	0	0	1776462382379
5723	2714	0	6535	0	0	0	0	1776462383685
5676	2677	4905	6741	0	0	0	0	1776462384939
5673	2606	5121	0	0	0	0	0	1776462386242
5779	2563	5112	7070	0	0	0	0	1776462387471
5824	2554	4991	7213	0	0	0	0	1776462388702
5835	2465	4899	7278	0	0	0	0	1776462389943
5775	2396	0	7266	0	0	0	0	1776462391159
5736	2341	4829	7141	0	0	0	0	1776462392395
5693	0	4836	6903	0	0	0	0	1776462393720
5662	2363	5001	6864	0	0	0	0	1776462395021
5712	2620	5135	0	0	0	0	0	1776462396483
5742	2637	5170	6924	0	0	0	0	1776462397711
5735	2616	5017	6945	0	0	0	0	1776462398996
5642	2628	0	6813	0	0	0	0	1776462400332
5673	2604	5134	0	0	0	0	0	1776462401604
5716	2631	5092	6707	0	0	0	0	1776462402859
5728	2668	4994	6593	0	0	0	0	1776462404094
5662	0	4908	6831	0	0	0	0	1776462405447
5636	2741	4785	6957	0	0	0	0	1776462406627
5574	2814	4632	6994	0	0	0	0	1776462407851
5575	2841	4593	6939	0	0	0	0	1776462409110
5620	2785	4616	6841	0	0	0	0	1776462410541
5729	0	0	6608	0	0	0	0	1776462412051
5735	2723	4637	6518	0	0	0	0	1776462413305
5686	2666	4888	0	0	0	0	0	1776462414566
5635	2620	5056	6790	0	0	0	0	1776462415866
5748	2550	5111	7119	0	0	0	0	1776462417068
5821	2551	5091	7255	0	0	0	0	1776462418321
5839	2474	4991	7298	0	0	0	0	1776462419578
5795	0	4893	7243	0	0	0	0	1776462420751
5747	2393	4806	7121	0	0	0	0	1776462421701
5710	2337	4807	6987	0	0	0	0	1776462422700
5662	2303	4997	6873	0	0	0	0	1776462423825
5704	2486	5122	6867	0	0	0	0	1776462425464
5739	2599	5155	6941	0	0	0	0	1776462427156
5697	2627	0	6949	0	0	0	0	1776462428647
5650	2632	5017	6805	0	0	0	0	1776462429870
5666	2614	5085	0	0	0	0	0	1776462431197
5712	2633	5125	6673	0	0	0	0	1776462432424
5731	2652	5102	6623	0	0	0	0	1776462433656
5670	0	4988	6804	0	0	0	0	1776462434984
5636	2720	4887	6942	0	0	0	0	1776462436017
5600	2803	4741	6973	0	0	0	0	1776462436989
5570	2824	4618	6926	0	0	0	0	1776462438522
5603	2803	4573	6821	0	0	0	0	1776462440163
5729	0	4561	6677	0	0	0	0	1776462441444
5729	2726	4631	6618	0	0	0	0	1776462442694
5694	2680	4861	6509	0	0	0	0	1776462443953
5631	2664	5036	6833	0	0	0	0	1776462445197
5731	2606	5099	7116	0	0	0	0	1776462446249
5803	2550	5099	7252	0	0	0	0	1776462447245
5830	2553	4971	7286	0	0	0	0	1776462448501
5831	2474	4892	7220	0	0	0	0	1776462449736
5803	2400	4818	7117	0	0	0	0	1776462450991
5751	2345	4776	6975	0	0	0	0	1776462452246
5668	2326	4931	0	0	0	0	0	1776462453451
5670	2487	0	6850	0	0	0	0	1776462454783
5722	2601	5080	6942	0	0	0	0	1776462456416
5704	2623	5127	0	0	0	0	0	1776462458034
5658	2623	5032	6911	0	0	0	0	1776462459284
5633	2631	5059	6818	0	0	0	0	1776462460510
5700	2587	5116	6658	0	0	0	0	1776462461510
5727	2613	5094	6570	0	0	0	0	1776462463044
5726	2647	4981	6813	0	0	0	0	1776462464328
5643	2707	4853	0	0	0	0	0	1776462465500
5604	2799	4743	6939	0	0	0	0	1776462466523
5562	0	4633	6914	0	0	0	0	1776462468089
5580	2826	4554	6801	0	0	0	0	1776462469345
5661	2803	4554	6686	0	0	0	0	1776462470577
5715	2717	4609	6607	0	0	0	0	1776462471848
5728	2689	4839	6435	0	0	0	0	1776462473084
5703	2667	5020	6752	0	0	0	0	1776462474578
5685	2621	5082	0	0	0	0	0	1776462475770
5776	2545	5083	7062	0	0	0	0	1776462476763
5817	2550	4977	7202	0	0	0	0	1776462477994
5822	2482	4883	7259	0	0	0	0	1776462479222
5805	2404	4810	7216	0	0	0	0	1776462480476
5752	2341	4773	7073	0	0	0	0	1776462481744
5676	2354	0	6966	0	0	0	0	1776462482968
5658	2511	4934	6877	0	0	0	0	1776462484295
5719	2615	5062	6861	0	0	0	0	1776462485517
5734	2634	5106	6915	0	0	0	0	1776462486770
5715	2627	5045	6892	0	0	0	0	1776462488234
5667	2632	5043	6805	0	0	0	0	1776462489665
5696	2599	5103	0	0	0	0	0	1776462491005
5727	2610	5076	6645	0	0	0	0	1776462492125
5729	2648	4965	6552	0	0	0	0	1776462493382
5695	2700	4832	6780	0	0	0	0	1776462494614
5613	0	4727	6911	0	0	0	0	1776462496014
5576	2781	4635	6957	0	0	0	0	1776462497142
5580	2817	4538	6891	0	0	0	0	1776462498369
5654	2819	4556	6789	0	0	0	0	1776462499763
5717	2710	4586	6693	0	0	0	0	1776462501399
5734	2697	4851	6540	0	0	0	0	1776462502738
5706	2652	5031	6573	0	0	0	0	1776462504002
5663	2623	5092	6882	0	0	0	0	1776462505234
5769	2535	0	7121	0	0	0	0	1776462506312
5814	2543	5082	7249	0	0	0	0	1776462507437
5826	2472	4982	7274	0	0	0	0	1776462508666
5814	2392	4873	7175	0	0	0	0	1776462509959
5761	2325	4809	7048	0	0	0	0	1776462511169
5690	0	4768	6985	0	0	0	0	1776462512329
5640	2338	4923	6830	0	0	0	0	1776462513322
5698	2475	5066	6858	0	0	0	0	1776462514653
5726	2595	5115	6930	0	0	0	0	1776462516295
5728	2631	5022	0	0	0	0	0	1776462517984
5673	2632	5043	6895	0	0	0	0	1776462519392
5674	2598	0	6801	0	0	0	0	1776462520591
5713	2615	5096	6635	0	0	0	0	1776462521616
5724	2651	5067	6666	0	0	0	0	1776462522844
5713	2704	4944	6866	0	0	0	0	1776462524177
5640	0	4837	6960	0	0	0	0	1776462525612
5583	2788	4736	6982	0	0	0	0	1776462526631
5574	2821	4636	6873	0	0	0	0	1776462527865
5616	2822	4544	6770	0	0	0	0	1776462529195
5699	2729	4568	6691	0	0	0	0	1776462530841
5728	2667	4634	6552	0	0	0	0	1776462532118
5714	2669	4847	6499	0	0	0	0	1776462533391
5674	2637	5017	6829	0	0	0	0	1776462534619
5747	0	5076	7110	0	0	0	0	1776462535869
5806	2537	5058	7223	0	0	0	0	1776462536844
5827	2550	4947	7254	0	0	0	0	1776462538073
5821	2494	4872	7211	0	0	0	0	1776462539330
5779	2407	4789	7056	0	0	0	0	1776462540560
5730	2336	4764	6951	0	0	0	0	1776462541843
5653	2323	4929	0	0	0	0	0	1776462542867
5684	2465	5072	6846	0	0	0	0	1776462544470
5726	2596	5104	6898	0	0	0	0	1776462546144
5731	2628	0	6922	0	0	0	0	1776462547418
5687	2620	5014	6893	0	0	0	0	1776462548650
5649	2591	5037	6768	0	0	0	0	1776462549896
5710	2598	5067	0	0	0	0	0	1776462551136
5728	2635	5027	6564	0	0	0	0	1776462552409
5709	2687	4904	6636	0	0	0	0	1776462553787
5634	0	4817	6860	0	0	0	0	1776462555108
5592	2788	4712	6958	0	0	0	0	1776462556123
5560	2814	4611	6974	0	0	0	0	1776462557147
5595	2816	4512	6862	0	0	0	0	1776462558788
5681	0	4512	6641	0	0	0	0	1776462560220
5720	2751	4565	6546	0	0	0	0	1776462561467
5726	2685	4809	6618	0	0	0	0	1776462562847
5687	2662	5001	6952	0	0	0	0	1776462564276
5720	2653	5074	0	0	0	0	0	1776462565395
5795	2536	5056	7167	0	0	0	0	1776462566395
5824	2544	4957	7254	0	0	0	0	1776462567387
5825	2497	4847	7279	0	0	0	0	1776462568545
5788	2387	4768	7195	0	0	0	0	1776462569809
5754	2342	4743	7050	0	0	0	0	1776462571078
5665	2324	0	6944	0	0	0	0	1776462572376
5666	2453	4864	6837	0	0	0	0	1776462573432
5718	2582	5033	6803	0	0	0	0	1776462574690
5732	2618	5082	6899	0	0	0	0	1776462576047
5700	2623	5018	6871	0	0	0	0	1776462577729
5661	2624	5025	6750	0	0	0	0	1776462579371
5703	2609	5052	0	0	0	0	0	1776462580653
5727	2594	5019	6612	0	0	0	0	1776462581653
5724	2634	4884	6654	0	0	0	0	1776462582649
5684	2684	4813	6872	0	0	0	0	1776462583906
5652	2776	4696	6969	0	0	0	0	1776462585158
5563	0	4639	6971	0	0	0	0	1776462586648
5581	2814	4535	6837	0	0	0	0	1776462587667
5668	2823	4533	6786	0	0	0	0	1776462589050
5720	2735	4565	6691	0	0	0	0	1776462590688
5731	2666	4795	6522	0	0	0	0	1776462592037
5696	2666	4996	6577	0	0	0	0	1776462593294
5646	2655	5061	6925	0	0	0	0	1776462594529
5685	2543	5053	7155	0	0	0	0	1776462595784
5818	2552	0	7240	0	0	0	0	1776462596980
5828	2472	4952	7276	0	0	0	0	1776462597958
5811	2396	4878	7173	0	0	0	0	1776462599084
5750	2332	4767	7068	0	0	0	0	1776462600359
5721	2334	4753	6957	0	0	0	0	1776462601691
5667	0	4853	6836	0	0	0	0	1776462602994
5726	2419	5013	6895	0	0	0	0	1776462604364
5737	2609	5059	0	0	0	0	0	1776462605639
5709	2618	5048	6941	0	0	0	0	1776462607192
5670	2627	5031	6849	0	0	0	0	1776462608608
5616	2621	5057	6703	0	0	0	0	1776462609855
5690	2617	4989	6593	0	0	0	0	1776462611113
5723	2646	4888	0	0	0	0	0	1776462612350
5685	2683	4809	6671	0	0	0	0	1776462613625
5650	2781	4706	6882	0	0	0	0	1776462614975
5609	0	4648	6957	0	0	0	0	1776462616187
5581	2813	4507	0	0	0	0	0	1776462617360
5647	2818	4509	6858	0	0	0	0	1776462618705
5708	2768	0	6645	0	0	0	0	1776462619944
5730	2674	4560	6542	0	0	0	0	1776462621272
5710	2677	4746	6591	0	0	0	0	1776462622534
5664	2652	4970	6924	0	0	0	0	1776462623968
5672	2542	5050	7162	0	0	0	0	1776462625197
5774	2550	5054	7237	0	0	0	0	1776462626470
5827	2480	4962	0	0	0	0	0	1776462627551
5804	2410	4869	7258	0	0	0	0	1776462628799
5762	2345	4772	7183	0	0	0	0	1776462630056
5726	0	4775	6935	0	0	0	0	1776462631443
5625	2310	4871	0	0	0	0	0	1776462632534
5687	2432	5027	6817	0	0	0	0	1776462633744
5714	2567	5064	6874	0	0	0	0	1776462635231
5715	2615	0	6906	0	0	0	0	1776462636632
5667	2622	5058	6869	0	0	0	0	1776462637894
5626	2611	4991	6726	0	0	0	0	1776462639171
5715	2605	5041	0	0	0	0	0	1776462640807
5725	2636	5004	6517	0	0	0	0	1776462641831
5710	2681	4884	6656	0	0	0	0	1776462643060
5653	0	4696	6869	0	0	0	0	1776462644619
5577	2782	0	6942	0	0	0	0	1776462645824
5560	2811	4632	6948	0	0	0	0	1776462646804
5620	2816	4509	6851	0	0	0	0	1776462648031
5695	2749	4498	6741	0	0	0	0	1776462649719
5719	0	4555	6474	0	0	0	0	1776462651048
5706	2660	4725	0	0	0	0	0	1776462652333
5672	2643	4951	6579	0	0	0	0	1776462653607
5663	2544	5030	6940	0	0	0	0	1776462654836
5817	0	5034	7165	0	0	0	0	1776462656064
5828	2556	4955	7222	0	0	0	0	1776462657088
5817	2499	4854	7248	0	0	0	0	1776462658082
5776	2401	4763	7163	0	0	0	0	1776462659062
5729	2351	4737	7055	0	0	0	0	1776462660292
5686	2321	4816	6921	0	0	0	0	1776462661650
5682	2436	0	6785	0	0	0	0	1776462663214
5722	2577	4990	6853	0	0	0	0	1776462664464
5727	2619	5042	6906	0	0	0	0	1776462665716
5688	2623	5038	6821	0	0	0	0	1776462667343
